6.197870938695615450e-09
1.907489155517083645e-08
2.948229715915573479e-09
5.621518250897850066e-10
1.139877081612894472e-11
2.510602836736097743e-12
6.145833841841863432e-11
2.754069194921271446e-11
3.151645611154663129e-12
2.958611133863087161e-11
1.076769062802185317e-09
2.451181146945202727e-09
7.919637168285476037e-11
1.510878089305833782e-10
5.924117862932121170e-10
1.199751409330929164e-11
1.742095911971830446e-10
2.754574901508988205e-10
1.471460731039542225e-10
7.694764825316724455e-10
1.501979929319219309e-09
2.230156725957499475e-09
1.244367331398876786e-09
7.446280814171757356e-10
7.225470222138596910e-10
4.883382587195228552e-11
3.571232198851248540e-11
8.775319360054822937e-11
1.013689132633999179e-11
4.597000557993169423e-11
8.885170377226359051e-11
1.984968855950342004e-10
1.796350457272666290e-09
4.484776439106497037e-10
2.751826544411528630e-11
8.887524050038564383e-11
4.443001522247413959e-12
1.214218725564819579e-10
8.763892389573868513e-10
6.068201496844949361e-12
5.031855987436273381e-09
1.485178313664903271e-09
1.063329979622551491e-10
6.094630355946151212e-11
1.758448942013046690e-11
2.180927660688780634e-11
4.608591286370256057e-12
2.216798966614419442e-11
7.013056801952188835e-12
3.095999567825913346e-10
2.465668225148931469e-10
3.816184590554883016e-10
6.336198232759215898e-11
9.175493698165837486e-12
3.369560186428088855e-11
4.441236267638259960e-11
2.634499840503679025e-10
2.305111657108227519e-11
5.252670520761171247e-11
1.731408905136788690e-10
1.664972604231707010e-10
6.277400821375067608e-11
2.726181502765712139e-10
3.379245216983406408e-10
1.376547764664337592e-10
2.520422759388907252e-11
1.212886457935269391e-10
1.669702154316610176e-10
6.428896304200293343e-11
3.023367112220398667e-10
4.000226816458507528e-10
2.884303351713413122e-10
8.046236454894994949e-10
1.539559313368243920e-09
1.427469253911795022e-11
3.603112253003359911e-11
2.701061596610543347e-12
8.357964320637734090e-11
5.899270516529497854e-10
8.867295786529894031e-12
1.700489193900978080e-10
3.047529006927618411e-09
1.259514714746501340e-11
1.526168080800971438e-12
2.790101483185480902e-12
4.784489471276742734e-10
5.639988476247026483e-12
6.557199228041099559e-12
1.284400363843474224e-11
1.196685528448426794e-10
3.497567957477798473e-09
1.968468887891816621e-09
7.577392047153352905e-10
8.003264717615365953e-12
2.065260296113535787e-09
3.460852160408478539e-10
2.866457071704076043e-11
2.302991131131193470e-11
5.520583989948590897e-11
3.988898655826744744e-10
3.041973895001603978e-10
3.052121222424375446e-09
4.001711129131280131e-09
4.803675623943348683e-09
5.231703958941125165e-12
3.749278665310384895e-12
1.592255216564808507e-10
2.016592448583764963e-11
2.394917597570156431e-12
1.062483434566274809e-11
9.286593660728925670e-09
2.578042612721986870e-09
1.315184960937187952e-09
5.303978922732710544e-10
6.835754184919551335e-12
3.119832170384029268e-11
6.496625459817551018e-11
1.293639639854404777e-10
2.972640467113762952e-10
6.357020465586060709e-11
8.895495451355373007e-12
5.951000803250394711e-11
1.910004931993114496e-10
2.099130314014985288e-10
5.332623231879551895e-12
6.384254791491628112e-10
3.642991464047895533e-11
6.195705060108025464e-11
1.701079777038927432e-09
5.654365864415922260e-12
1.554056883179555371e-11
4.101587958160735070e-10
4.862354963108828088e-10
7.560230219638697235e-12
2.764483086892255415e-11
2.553229849766580628e-11
3.505645773671517418e-10
8.695266728864226025e-12
3.243905144501013638e-12
3.819472516042310417e-10
4.324873792427297303e-13
1.421547324298444437e-10
6.026690257954214758e-10
2.798672460446738341e-09
3.198680209592907886e-11
6.262279583779672976e-11
5.059940244578342572e-10
2.368444329547969573e-11
1.076752020878757321e-10
1.956015904802654859e-10
3.073541421372283367e-10
4.346252246989479318e-10
3.492250932879414904e-11
1.310376251950629012e-10
4.515088303236325373e-11
8.166689546840188996e-11
5.859230878257903896e-10
9.357181696145744354e-12
2.469587867537370585e-10
1.937808247198802292e-10
1.198008359182267668e-11
2.975689139539383632e-10
1.291924900392871223e-10
1.408145822168194172e-11
4.011790899483003159e-11
1.030733276508044582e-10
5.013822690358438194e-11
9.731987438144074076e-11
5.893979748705646671e-11
4.946439924324863568e-10
7.563789650166796719e-09
1.757772982724503663e-09
4.887146243248707833e-10
2.483224736948841382e-11
6.849631972727365792e-12
3.837857254218590697e-10
4.504863149179527682e-11
4.913258688787891515e-11
1.277801975341219531e-09
4.871936187811343189e-12
2.422426037540503785e-09
1.722994913411213247e-09
2.514821462185068413e-09
2.816928357241010872e-10
4.427291866448967994e-12
6.380307393527573367e-11
1.028914176082196263e-10
4.825556620957627274e-11
9.582556970144651132e-12
2.773908880371322994e-11
8.140099705400416497e-12
7.196501727868565013e-10
6.139544428407361920e-11
1.152720141561758282e-10
4.312865065081439298e-10
2.995204084754732321e-11
3.149768557086929377e-09
2.640107577001060690e-10
1.171152064216585131e-11
2.153949241190389330e-11
1.226181101099399484e-09
4.000322295638625292e-10
2.538764753978739463e-10
4.022354116450799211e-10
5.593968066541776807e-10
9.981793169799857424e-12
3.202904608201606607e-11
5.303091299424522731e-12
2.141962718305023827e-10
8.772271797852226882e-11
3.165190332055090039e-12
4.238554118796145076e-09
3.851402474719378688e-09
5.160316618457727600e-13
1.682598504970655995e-11
8.117521654860127001e-10
1.483774214605659836e-11
3.945438420416280678e-10
2.830392586972152458e-10
1.210409550367330667e-11
9.711335069439996914e-10
1.018787276763077898e-10
1.069962396460510945e-09
8.795347228307548448e-10
8.703815446153839730e-12
2.592875913975944968e-11
4.996567048998201699e-10
8.670286710810160002e-13
9.210376905599559905e-11
3.354526101340127298e-10
4.096189498703495246e-10
3.206314103110230462e-10
2.144334709797135474e-11
1.146541750429719286e-10
4.394984376432375939e-11
6.600575641613204425e-11
3.165856465869865133e-12
1.287503437197301537e-10
3.997802089372726186e-12
1.157432483189779759e-10
9.398026801221703863e-11
2.225136963573959292e-09
1.326025178549627981e-09
4.044820034465601566e-12
9.436407211182995525e-11
8.374467785898787042e-12
3.457217845337368090e-11
1.328187559934690398e-11
5.995182128515352815e-11
8.237061033256054543e-11
1.469711352619640365e-09
8.050482502852673861e-10
8.251105354517562773e-11
3.917755009297252400e-12
7.885797570494901265e-11
6.149358799945048304e-11
1.978997521412395599e-10
3.321948272017039017e-11
1.086854495291333933e-10
1.762710533093070353e-10
2.381252972583070004e-10
1.222165701975086449e-10
6.575462396796183384e-12
2.687065792095211236e-09
2.643867902385466095e-10
3.698358286285952090e-11
8.522202943339607373e-10
7.250862688046311177e-10
5.482896359154665333e-10
5.219935594880098506e-12
2.889561201424584169e-09
3.087831434989141144e-09
1.097520740955815199e-09
1.098510171715361139e-12
6.467937296861236973e-12
5.108430345401870909e-10
9.403811063180000929e-12
2.772682083929112196e-11
1.181843511943725389e-11
1.340980659847446077e-10
1.313271158487339108e-10
1.682934180902151411e-09
1.503747681930178715e-10
1.087355094853137416e-09
1.105895430786318911e-09
1.551825334900058806e-11
2.624300776687960024e-11
1.747066935564589585e-10
8.141737284361738602e-11
2.475141758218057930e-10
2.072286786614085941e-10
5.851648054999714077e-10
2.498742990297841970e-09
1.144806471842230167e-12
6.112816364201023589e-10
3.332667475319794903e-12
5.735611985357991216e-11
6.150341347321841567e-11
6.347589120991870004e-12
3.574879225975990948e-09
5.533784763755988934e-09
3.079225374680305549e-09
5.569504302194161482e-10
1.665621529589600414e-10
2.135402965564026090e-11
1.455436327013615028e-10
2.230443607587062615e-11
5.585429341259384728e-10
8.555100516893787699e-10
1.214803646565343342e-09
6.828010379322790868e-10
2.916335506419898138e-10
5.324411467277911925e-10
3.113389546172129485e-10
1.824684847662183529e-11
2.923566944090794095e-11
5.639677058688619127e-10
2.231744233860410986e-10
1.603994714827194912e-12
1.520209513827808223e-10
5.570504002516685205e-09
1.667396221094463726e-10
4.246669682572701277e-11
1.004551997141334141e-11
6.329564650187080588e-11
4.640654527321430578e-11
6.405661556740938067e-10
1.475214395085799879e-11
2.064448612060232335e-11
2.000155596704189520e-11
7.559011749869171126e-10
1.330796584042559516e-09
3.840160966994687897e-10
1.069994093327863993e-11
6.250705508747955719e-11
7.719846983889055991e-11
2.286421052488663008e-11
1.787126002739114483e-11
2.548400379609461197e-11
2.286798528317035561e-11
6.321818901700027027e-09
3.795934677697232473e-10
1.478123901055283795e-09
1.083189093975533979e-11
6.988437606381125988e-11
1.676986327581175829e-11
8.324507749790654998e-12
1.691741191578444159e-11
1.720307230002049437e-11
7.255623879487416161e-11
9.664911648776808306e-10
1.636911939328911103e-09
5.448139162034237870e-10
2.086375516796579177e-11
3.211780841283484733e-11
6.044453826348217262e-11
2.613009808527522182e-11
5.171335581977132279e-11
2.484684680226223463e-11
1.437985841512556817e-10
2.134412091514548138e-10
6.623968040742056473e-11
1.453893672120898373e-10
2.072553240139995978e-11
1.092946289027452167e-10
7.314177041806146917e-11
1.236250934955052116e-09
9.414502510907141186e-11
6.190000179095989097e-10
1.218247724921184272e-12
2.808372867590946953e-09
2.471244708868169937e-09
3.039023699358267550e-09
9.055737826280108038e-10
6.703282373621277657e-11
5.721639828593083621e-11
1.209621292019846805e-11
1.319129250276773746e-10
1.522187931257690252e-11
2.967172063605971744e-10
3.855478880598894875e-09
2.807191812337350711e-09
8.297140752233644889e-11
1.376616043380352039e-10
1.815361749812893777e-10
1.697153528823491797e-11
9.795730893102927439e-11
9.500622510927314579e-11
1.846927610849036228e-10
3.937007941878789552e-10
4.441688128409282399e-09
8.879782964488214247e-09
2.587522585084656157e-09
5.849319362205562811e-10
2.282407041143130755e-10
3.561650974148733440e-12
6.167988342298258431e-11
2.662708942224867315e-11
8.319511746179841793e-12
5.010697412544118379e-11
2.625023753921595926e-09
4.421266686094327270e-10
4.682421117507828967e-12
1.433853036303389672e-10
7.433664794831429390e-12
5.249561896292220808e-11
1.943267213810884186e-10
8.505435800110205946e-10
4.700179134786708346e-11
1.071844279998401817e-10
2.952322386562400425e-09
8.193281608726010745e-10
1.947080718878169137e-09
3.137190507374043591e-11
7.022754600072289577e-11
3.360562939036526586e-10
3.492069411414888691e-10
8.373131077377138354e-10
1.463952015168246135e-09
2.063621495906886594e-11
2.214006755707487173e-12
4.381503493355864975e-10
2.657966624575180958e-10
2.785146557826578828e-10
8.327236122873671320e-10
1.424466100630183973e-11
5.059674901275457159e-12
3.341025234249173081e-10
6.982856515236335326e-10
1.654316017507539982e-09
1.025258433706710548e-09
1.503327184959601936e-09
1.806683136429398928e-09
2.683342437137525849e-11
4.537394904247094019e-09
2.265865273187728235e-11
4.205363834941522327e-11
4.165866540617457758e-10
7.618274344700637357e-10
2.005234867041849611e-11
4.305797385306675551e-10
6.648174233347958761e-10
2.563193546301079095e-10
6.629108373346070948e-11
1.477827860085767497e-10
8.436690235313903941e-11
1.001898564112480017e-11
8.164968701152020003e-12
2.017230826822924428e-11
1.200589627714521157e-11
1.296486251689543678e-10
1.898835533253873109e-10
1.977989994017548270e-11
1.952771278013187839e-12
2.757472028491747551e-11
1.015105777213420879e-10
4.388095997676089155e-10
2.870742532579129147e-11
3.841371665203041630e-13
1.200649579757850915e-10
3.171560791770389187e-10
1.497099111347210965e-10
3.356115385599878209e-11
2.105549068431855630e-11
4.354994143085377800e-11
1.252590808853426552e-10
1.424965700991265294e-11
1.241129976570221061e-10
5.155385007782342655e-10
1.541544669692029856e-12
1.435923990822374208e-09
3.760564859511816849e-09
1.513492109417313713e-10
1.691535800318888505e-12
4.966599354006007161e-11
3.771599699220473667e-11
7.019823611287279164e-11
9.737044504021241664e-12
1.004512029112447635e-10
8.278339125311617863e-11
3.029646811203434709e-09
3.397311321151619268e-10
1.481509359635424516e-10
1.237226987527151323e-11
2.845571944742886217e-09
2.136013588227569926e-11
1.421298023718264858e-09
3.203287635145102286e-11
1.548276507001844493e-10
4.676445342077784062e-10
3.821057359409962828e-10
3.329733760937259035e-08
4.377345153017131452e-09
5.693073790169478343e-11
1.623096101965870730e-11
2.446765012820151242e-12
8.133055340309169878e-11
2.911482166467749266e-11
1.640970692662335750e-11
9.341294404663358364e-11
7.850818883881061083e-10
4.094299510537524611e-09
5.286547866134583273e-10
6.980638289633134264e-12
3.368735290720792364e-10
2.529964571174048160e-10
2.809308341511496110e-11
4.430439903835292625e-10
1.857524134507571034e-10
3.384958979779639776e-12
1.073892641478835230e-10
2.437086810136435133e-09
1.347067124513046110e-09
3.091749078976135934e-12
9.181383431311473942e-11
1.063360510755728683e-11
2.151782085846321024e-10
1.275667349531772743e-10
1.469333099635150575e-09
3.140654403210874079e-12
1.195258558794876080e-09
1.255877679628980559e-09
8.835840392684701783e-10
1.701383478547313644e-10
5.614136933118629713e-11
2.730760062519266285e-12
8.716799504426830936e-11
1.000193261546655776e-10
5.711087158744021508e-11
8.175504717655712739e-11
2.713014257693657783e-10
2.281057565056698877e-10
2.204621485368818412e-10
6.582678846456246902e-12
1.002706806474407131e-10
9.189549121657591968e-11
8.216149982587239720e-12
8.889555758173628419e-13
1.687883166567871740e-10
2.797029274859141879e-11
1.800060100975997557e-12
5.255031965134548955e-10
2.824249722976901467e-10
1.782174408049286285e-10
1.254169212927536137e-09
3.664846204287641740e-12
2.517380748301434323e-11
3.553352057039660394e-11
7.070836693934268169e-10
5.908995515113701913e-12
9.077104068389019176e-10
3.898853462303009110e-10
4.687602528363754573e-10
1.805167126889273277e-12
4.558353694505967724e-11
1.720706910290914493e-11
6.659206519543658942e-11
1.031286167574307910e-11
1.146505668181418969e-10
6.102895966364485503e-11
5.403120284519502547e-09
2.552315581105801812e-10
2.032707335786199110e-12
9.201654438406592362e-10
1.155165962885007502e-10
1.020315498756474426e-10
1.187466791563451807e-11
8.183520527893506369e-11
2.703451351671048997e-10
1.294370166604608130e-11
1.044262176730370584e-09
8.157783837337007071e-09
1.766060075958364450e-10
8.483391766844761150e-11
1.833894702762961515e-10
2.968247869716833520e-11
1.765704249478972088e-11
7.604139540262622177e-12
4.453348800836920418e-10
3.289233829750770610e-09
4.080102811165886578e-09
2.089809936212105868e-09
2.241005159220321730e-10
1.706676466817214077e-10
4.441739198668415156e-10
1.715910746824533817e-11
1.742428368256554450e-09
6.020184351029911340e-12
1.052748999086361437e-10
1.679227867867894020e-10
2.788599906544675378e-10
1.734296595223838722e-10
7.916010791308991656e-09
2.312134927962006259e-10
2.120931208438037174e-11
2.347400052116199731e-12
5.216969634069812400e-10
4.703820666307478859e-11
2.879851912496178556e-11
9.741291107090432888e-11
3.540973625426602212e-10
9.290716529442022420e-10
3.252523250729666415e-10
6.401368324304712587e-11
1.392019832735513774e-11
5.247284273757202300e-10
4.865801650488776886e-10
9.776791598525846894e-10
6.602551838597037204e-11
2.546718946838666398e-10
3.864852882173863691e-11
1.408806404867846140e-11
6.163186627716754629e-10
2.199845861028393301e-11
6.827649556839787692e-12
4.673389453202503319e-11
4.012691845467486473e-10
7.888609765416276787e-10
1.449174114043216832e-12
2.179710301142279150e-10
3.211381716106131989e-10
1.626089984885226158e-09
1.844541186457604454e-11
3.180783414435950363e-11
7.536860024970337690e-11
1.945965610872235629e-11
9.564067871004056087e-10
1.347156997066889517e-09
2.302876445092749691e-09
6.959988141375106352e-12
5.101141731245206756e-12
8.102781778873691110e-10
3.358912037398908979e-10
9.633849273882333364e-12
2.115690955761806435e-11
2.002342736062701078e-11
8.691419806083899857e-11
2.550309963211816466e-11
1.413119621318514874e-11
3.564932793409525402e-10
7.392196854638655168e-10
1.621841105858834453e-09
7.160151915819312762e-10
2.273609078784488702e-10
1.677226135754494862e-10
1.123513504452944289e-10
4.304290257550746901e-11
9.527056921143639556e-11
2.294983092454572216e-10
1.335459298701380249e-09
1.458170850732187773e-08
9.210900930867182979e-10
1.089806023202299912e-11
3.876696186289052548e-10
3.292455197367871733e-11
8.422973429844660131e-11
9.939304934647452683e-11
3.510876589452038843e-10
5.332095875942854946e-11
9.456833094390049155e-10
2.944626542600303765e-09
4.637877304425330749e-10
4.801370412366168239e-11
2.320805214672816419e-10
1.972297325458782780e-10
1.047156250599812211e-10
1.934269411307809605e-11
5.891660492807204719e-10
1.158481133245459205e-08
4.248783547211587575e-10
1.320661691117663850e-09
5.081769227643917475e-09
5.410438208564016804e-10
1.627126211545260048e-10
6.756134540708558234e-11
4.105416007149642610e-11
9.729217431697634311e-11
1.697025298064147592e-10
1.047867348447084623e-11
7.059232642880886033e-10
8.954390007254175998e-10
7.060266093983358360e-09
4.424982602557747668e-10
2.141048449644245011e-11
3.306801610314380468e-09
1.942956906475501455e-11
3.144232096907728646e-10
3.532368841874244936e-11
2.319582859122704122e-10
7.402212176543798705e-10
2.734606985299592452e-11
1.485285505697930830e-09
1.082267120366964264e-08
3.120204095097278696e-10
7.971723281485765256e-11
5.939004843469319894e-11
5.539546599209188571e-11
3.485944866099544015e-11
1.365596524749435048e-11
6.992828538443518482e-11
3.245950452868129332e-09
2.406885801775615619e-10
5.943018299703339835e-11
2.171977403486735625e-08
4.009458876019778018e-10
2.258426390344681067e-09
6.155828680132202635e-09
2.769617868381146764e-12
2.072774174521896384e-10
2.801642418059913098e-09
9.933502853609610384e-09
4.735835612557082186e-10
9.526175959173599495e-10
4.743143100505164966e-09
5.044681339327894420e-11
2.396838283402757952e-11
8.724727718067981641e-09
5.652694978763861400e-11
6.534606189489977623e-12
3.196087838830408145e-11
4.328662150943074494e-09
9.417705504333184763e-11
2.212846572646753884e-11
3.120144698165461250e-10
3.464839526401419789e-12
1.065547650114240241e-09
2.115750907805136194e-10
9.788708732472173324e-11
1.049044517920094677e-09
2.065702608966546450e-10
3.411778637385509683e-10
7.020832804016663431e-10
5.556610727097677227e-12
2.830802259268239141e-11
8.993916722488393134e-12
2.886030303628217553e-11
7.695135084695436944e-10
1.189913223509364570e-09
6.307221411816499312e-11
7.430345227987800172e-11
4.315895585360607356e-09
3.709388518569056714e-09
3.149203120500487785e-12
4.375583229077051328e-11
5.152922533113724057e-11
1.727466669709798452e-09
2.855937708545752685e-12
1.139138783301518743e-11
4.704475697892007702e-11
2.443705016119679385e-09
2.177487579135828355e-09
2.165446322255348832e-09
4.418780896742191544e-10
1.551270223387746228e-11
8.471990331493373105e-10
1.524746995329451238e-11
8.168460352564466120e-11
2.721368130842449773e-10
5.238109945793212319e-11
5.796670476954091100e-09
2.885330863122703704e-11
1.309670927263084650e-09
1.354644729723020191e-10
2.692235323564773353e-12
7.848222072226462842e-12
1.591066167705434964e-11
1.365551449694635266e-09
1.325173304422833098e-11
1.144928152285729084e-09
8.614227109404737348e-10
2.175618019073510823e-10
1.222204559780948330e-10
3.141759630231888423e-10
1.176669872648972159e-12
8.046230348668359511e-12
1.004803684701016664e-09
1.313826825111163998e-11
5.429598437522997756e-10
1.163231178047396952e-10
1.622742495932527618e-10
4.497313632612076617e-11
5.342902009708438982e-09
9.585061078176693172e-10
5.673309599885101306e-10
4.371836226368941425e-12
2.810035537592625587e-11
4.598149638823656460e-11
6.925438000848771480e-11
6.786787798418458806e-11
2.602474347135341759e-10
9.782759935461626810e-09
2.280395372533661202e-09
2.614883864993089446e-10
1.020164064335915555e-09
1.528277504547759236e-12
1.192931309290656827e-10
9.957490387790812747e-11
3.781669422053823837e-11
2.102534812919998330e-11
3.513578317182464161e-12
4.572203726738166552e-10
9.139911050226601219e-13
6.124595275380784187e-11
1.000889926494608062e-10
3.595124198341181909e-11
1.683715444844580134e-09
1.481201272746091036e-10
2.720990099902564907e-12
1.645816816164824559e-11
3.357418232319275830e-10
7.592911077658470731e-09
1.166122753915033172e-12
2.011307786986549218e-11
1.164006668830097624e-10
6.059863721930014435e-11
2.350095673619989611e-10
2.613748661950410224e-10
1.797891613364299701e-09
6.549111253306705294e-11
8.011369345695129596e-13
8.257616812556989316e-12
1.335124399926002070e-09
2.986850766717452643e-10
5.890404830566353667e-11
1.932826121375796902e-11
5.870225971982279134e-10
1.519728787258145530e-11
6.179778910819777593e-12
4.281802690186964355e-11
5.247474677005925514e-11
1.023068851857544814e-10
1.033364782632162360e-09
5.059230812065607097e-12
3.959840816913917649e-07
7.576167471157191358e-11
8.986977828584485906e-11
6.722881140674985545e-10
5.771233491103089364e-11
4.699903799476601307e-10
2.055977610382342391e-10
7.125795176143867593e-09
2.374156427009666004e-12
4.355626970209414139e-12
2.299649359827071748e-11
1.485211953422549414e-11
7.160311232823346472e-11
9.061101868823584482e-11
3.765295297775139716e-10
1.952230599400195388e-10
3.392663927570538362e-11
6.443734434924408561e-13
4.869216141401011555e-12
4.448674761903248509e-10
7.377309874101456444e-11
7.454536987694382333e-11
3.375609791689271333e-10
6.301842381262190429e-11
5.224694010763641927e-10
2.345790783842005567e-10
1.843633024023461076e-10
5.761253640823582600e-09
3.543828674956728264e-09
1.200640753484805145e-09
3.273548099258505317e-12
6.871453406276373244e-11
1.058422238742195987e-10
6.733835711258961965e-12
2.416092326207319729e-10
2.509326080257778813e-10
2.208802085679195670e-09
1.166869934010605903e-10
1.153941275866543492e-09
1.329060916877011778e-09
3.030246054080976137e-10
4.292455280108242732e-11
1.521731629594569313e-10
5.781991552211707130e-11
1.352223888417825037e-10
4.586386825877752926e-12
2.936251242147136509e-11
7.030353688097790155e-09
6.483122927392059864e-10
1.489890877337529673e-09
2.400022403037382901e-10
4.283023380402539715e-10
3.804573323051840816e-11
7.185613215554553790e-11
6.219136317042739392e-12
1.407796101915437248e-11
8.546163776657067501e-12
1.663391702155792018e-09
4.230831796014911106e-10
1.489879442040376034e-09
4.449672297290874212e-10
1.692114781626230524e-10
1.451744280345224070e-10
7.137993418560029113e-09
1.515626513182155577e-11
7.482237052158779989e-12
2.999689385774217953e-11
1.122196779945738854e-10
2.721084468859658045e-11
3.515016055999353739e-11
3.069837717362133844e-10
5.611252018589141244e-10
3.385099978103767171e-10
2.030298928978879758e-09
1.776268021558280452e-11
3.824235372817952339e-11
2.506621021858279619e-09
9.690884206214889218e-10
1.357886025843413336e-11
4.155878974287929850e-10
9.172257398049055155e-11
3.040806495491210626e-11
1.671446314688296297e-11
4.979496259771565292e-10
3.485425836835531754e-10
1.808886374021767551e-12
1.051192466405836967e-11
2.412796629158719952e-09
1.958710527105722576e-09
1.035359575851657610e-10
1.376815328413272255e-11
3.588597197179410614e-10
6.893441928390586781e-10
2.475085691955314360e-10
5.692973870097262079e-11
5.249695123055175827e-11
1.683495010063040809e-10
1.880682332089378406e-09
2.064266535484193810e-10
2.096677276242076005e-10
3.835537443208636432e-11
1.037819830074226957e-11
4.047995272316029514e-10
5.075588838110434153e-10
4.043904100470285812e-10
2.118427100405995134e-10
2.113079544674434374e-09
7.491842979323592999e-09
2.038768598389140152e-10
2.339795024397517409e-11
1.615917399888644468e-10
9.302947301392805457e-12
9.263190214880978601e-11
6.462195778489387976e-10
6.930045426400965880e-11
2.535745724507876275e-09
3.260480774258667225e-11
1.734334897918188290e-12
5.253159018892006316e-11
3.017641692082406735e-12
2.319205938405843881e-11
3.138572735039701911e-11
6.428046983586455099e-11
6.311284828086627385e-12
2.452749114922880835e-10
1.134486948828339337e-10
1.007036121158932929e-10
3.653341518194963555e-10
5.122069435259390957e-12
9.546329837739619961e-10
5.919392753739316504e-11
2.727661985169049785e-10
9.251471810856060074e-11
4.892047877902427899e-11
2.201361315457006640e-11
4.471178982612400432e-11
1.981116382054892711e-09
1.018639128602671917e-08
2.112920949315366670e-12
6.191552825995927378e-11
2.460476267174271925e-12
1.537059368672544224e-11
5.676664693865518529e-11
7.510780886121892763e-11
2.674828691873187836e-10
1.631739188212577574e-11
4.176731738247951853e-10
5.096912225610594760e-09
1.442751307312306608e-09
9.136341683202431341e-11
6.000544505724292321e-11
1.265038074294011494e-11
1.353229195366623117e-10
4.609268522415277403e-11
2.512262620157912352e-11
2.180444713673068691e-10
1.690413364840992472e-10
2.203220939023253777e-11
1.350475564709796572e-09
1.795153636852120371e-09
1.082375855609996051e-10
2.713517743835325291e-10
1.467498345064655041e-11
1.793076187528441778e-09
5.013228721040263736e-11
1.295507590093336603e-10
1.803451832316227410e-11
