-8.441083978960919332e-01 -7.077551137997337705e-01 1.902397499195572772e-01
-9.472953914660502406e-01 -8.290473050122164622e-01 1.868326243940453268e-01
-1.052528972233861770e+00 -9.583083113626372773e-01 1.754489257056393026e-01
-1.159772028969759949e+00 -1.093090769071018098e+00 1.547991761154997037e-01
-1.269789783733052069e+00 -1.230508456402748418e+00 1.244572633726132305e-01
-1.382959938270772904e+00 -1.366535731449206592e+00 8.426490845130620022e-02
-1.499121744767327513e+00 -1.496607286250724700e+00 3.450627966566322674e-02
4.665903455149741141e+00 -1.616190175566987852e+00 -2.377038084983129282e-02
4.547751822651243003e+00 -1.721519693533391848e+00 -8.854803732733471100e-02
4.432646249668604099e+00 -1.810206100723042333e+00 -1.568035391743053952e-01
5.354978491495805848e+00 -8.060126037062843585e-01 1.882499735404696006e-01
5.252931084009702545e+00 -9.305498430928694775e-01 1.786140356662930251e-01
5.148400144134222423e+00 -1.061578896962433793e+00 1.604171352077432278e-01
5.040930039943467555e+00 -1.196446810793566407e+00 1.328835490369511818e-01
4.929757660750254900e+00 -1.331786409580733910e+00 9.558863236587904211e-02
4.814724249048967231e+00 -1.463391815566468024e+00 4.841489983254874951e-02
1.097949739777484091e+01 -1.586743379545325627e+00 -8.102448776024239602e-03
1.085904720343614116e+01 -1.697779030793196808e+00 -7.260985352236527801e-02
1.073898469820705515e+01 -1.793455357411671169e+00 -1.427145710965593561e-01
1.062275014614009372e+01 -1.872205162866410477e+00 -2.150572641958314601e-01
5.283194634582947025e+00 -8.930663906601757907e-01 1.823070451153695481e-01
5.182347458613716817e+00 -1.018883846185644648e+00 1.672843088113749599e-01
5.078330829898177967e+00 -1.149796615825077195e+00 1.434399976224805529e-01
4.970448789939805323e+00 -1.282997553904510202e+00 1.102315004990071096e-01
4.858179863145419830e+00 -1.414898774910983592e+00 6.719763490833147168e-02
4.741626000462908941e+00 -1.541135207428191656e+00 1.440166529132253653e-02
4.621468663490433393e+00 -1.657509208340038676e+00 -4.743392545165382029e-02
4.499414782378301503e+00 -1.760419869772270607e+00 -1.166508624654938459e-01
4.378248909738841732e+00 -1.847462660280066560e+00 -1.905454327511671431e-01
4.261610510930856854e+00 -1.917784951215193434e+00 -2.655485947515108247e-01
-1.055965367755798745e+00 -9.625320968162173196e-01 1.749604171274890818e-01
-1.155757998724048052e+00 -1.088031404260575430e+00 1.557304639767898291e-01
-1.259420086913381143e+00 -1.217749542648662864e+00 1.276918170244633610e-01
-1.367639798439650001e+00 -1.348585092785630435e+00 9.020984463377113016e-02
-1.480682288206147890e+00 -1.476733171724794236e+00 4.293496696196235501e-02
4.684830243539858330e+00 -1.597972781823732369e+00 -1.396656013953142747e-02
4.563508646541354352e+00 -1.708314508981511270e+00 -7.957593527398737487e-02
4.440508249472735258e+00 -1.804578629300669146e+00 -1.519999943654613273e-01
4.318914722408793594e+00 -1.884827463673699244e+00 -2.282948225914263884e-01
4.202397999577766718e+00 -1.948745264496754004e+00 -3.048097322986244029e-01
-1.092600498253830654e+00 -1.008368418424223645e+00 1.688625619017205537e-01
-1.191700199396798832e+00 -1.133280524792616983e+00 1.469003992623256760e-01
-1.295160884208823582e+00 -1.261618926183253997e+00 1.162125659337120281e-01
-1.403539012592039503e+00 -1.390378920600755075e+00 7.604421248132697819e-02
-1.517057863412810015e+00 -1.515635738218175765e+00 2.612782749456279280e-02
4.647809411825705617e+00 -1.633261819408105886e+00 -3.329862900737878134e-02
4.525847985339565227e+00 -1.739447034623782029e+00 -1.011767172159813571e-01
4.402411917356294779e+00 -1.831276443010195099e+00 -1.754518338422802748e-01
4.280668864144375085e+00 -1.907152974083311525e+00 -2.530720276995566675e-01
4.164531491394034113e+00 -1.966962150471518678e+00 -3.302730887420319839e-01
-1.107262093489828292e+00 -1.026910868722217263e+00 1.660606630953862795e-01
-1.206096635889114754e+00 -1.151324936094338725e+00 1.431201454946992857e-01
-1.309463984761628508e+00 -1.279022514863974891e+00 1.113599316852396520e-01
-1.417913398104877487e+00 -1.406842143770602238e+00 7.014867054683729397e-02
-1.531613193102092874e+00 -1.530853934157873519e+00 1.920014999511851506e-02
4.633016430602472369e+00 -1.646967430934514587e+00 -4.120004755607897112e-02
4.510842583717347587e+00 -1.751445481282002170e+00 -1.099319266924605326e-01
4.387255318074521959e+00 -1.841494635864366680e+00 -1.848970618250905251e-01
4.265519747073893697e+00 -1.915630312533928459e+00 -2.629888660029395253e-01
4.149541682896847661e+00 -1.973842358027720012e+00 -3.404207338320938137e-01
-1.098856887999137610e+00 -1.016344216557770519e+00 1.676479246200378859e-01
-1.197855993209544057e+00 -1.140984376405978606e+00 1.453056509292372789e-01
-1.301303152610755465e+00 -1.269098322475847862e+00 1.141522320615017821e-01
-1.409698989106825451e+00 -1.397461757465265686e+00 7.353098565857074664e-02
-1.523294893991331334e+00 -1.522181914360836830e+00 2.317302491278561138e-02
4.641466229403545363e+00 -1.639166205481256133e+00 -3.667459161906189841e-02
4.519400667896712243e+00 -1.744626182494892097e+00 -1.049260396266809836e-01
4.395917927376050471e+00 -1.835686709180901710e+00 -1.794960157606171891e-01
4.274166386651894634e+00 -1.910819617385624003e+00 -2.573254727541626208e-01
4.158096888115593970e+00 -1.969937837149021265e+00 -3.346244365629992279e-01
-1.068078936383350941e+00 -9.776960038915019080e-01 1.730377709112551066e-01
-1.167626307051657486e+00 -1.102994586966981272e+00 1.529266380213439858e-01
-1.271230023399873676e+00 -1.232291541528692136e+00 1.239850201533903434e-01
-1.379538291884612633e+00 -1.362540151644697994e+00 8.560459267087636159e-02
-1.492713201485982744e+00 -1.489735877531567443e+00 3.745760666023603691e-02
4.672579315377086040e+00 -1.609806524031600405e+00 -2.029323749934362417e-02
4.551034355926118380e+00 -1.718790295257719647e+00 -8.667097120514163922e-02
4.427872232584308954e+00 -1.813593467112232016e+00 -1.597291017669846547e-01
4.306218589073401048e+00 -1.892389233699444118e+00 -2.364838103649654355e-01
4.189794378840572264e+00 -1.954943161788386119e+00 -3.132551803050552253e-01
-1.017148907884979359e+00 -9.142312179324454391e-01 1.803482196732315856e-01
-1.117607165834544780e+00 -1.040000123940836740e+00 1.640171324980585488e-01
-1.221540711587071337e+00 -1.170631008110522231e+00 1.388640070988494402e-01
-1.329522298686657722e+00 -1.303241770975714697e+00 1.043236360996323830e-01
-1.442005613588183355e+00 -1.434063524693838021e+00 5.997998587582770852e-02
-1.558923283966305862e+00 -1.558853349503732222e+00 5.901046356881375216e-03
-1.679458501163296535e+00 -1.673433166435832398e+00 -5.712449236759139376e-02
-1.801823662927465097e+00 -1.774330152694723273e+00 -1.273626262255565522e-01
-1.923177782194094299e+00 -1.859307375136229012e+00 -2.020488431235723525e-01
-2.039801439252084680e+00 -1.927648683826383325e+00 -2.775578376815165949e-01
-7.232421758291612157e+00 -8.313130348429204064e-01 1.869242152134963086e-01
-7.334158801982178844e+00 -9.563523992622027237e-01 1.756909349297575695e-01
-7.438501347801523167e+00 -1.087481465434591899e+00 1.558387172149347799e-01
-7.546137558756457864e+00 -1.222074988870971657e+00 1.266012200593409354e-01
-7.657642924107707749e+00 -1.356592350012946646e+00 8.758258924396736256e-02
-7.773094506366900802e+00 -1.486718758305508592e+00 3.874105560588411018e-02
-1.608863141328126023e+00 -1.608132290144647980e+00 -1.938880580832839581e-02
-1.729816982521641844e+00 -1.716842199484616360e+00 -8.533789491783419501e-02
-1.850263643023580817e+00 -1.810010033395494489e+00 -1.566348364479087651e-01
-1.966678746062774819e+00 -1.886273014011460525e+00 -2.298417886800629695e-01
-4.012589517619288060e+00 7.387314766234173158e-01 -2.951503360532635956e+00
-4.118907059194919285e+00 8.653188999826935124e-01 -2.957027676711410979e+00
-4.227268200472185100e+00 9.998510171459141782e-01 -2.971553575561930671e+00
-4.338500650683703164e+00 1.139856077861403083e+00 -2.996068395028577580e+00
-4.453240662071372924e+00 1.281674472755852223e+00 -3.030986225593385264e+00
-4.571921698495347464e+00 1.420929832331783160e+00 -3.076640592597689405e+00
-4.694259485680016830e+00 1.552502991284406164e+00 -3.132610763408129717e+00
-4.818988168770771630e+00 1.671597806310465062e+00 -3.197582694942916692e+00
-4.943657968237406664e+00 1.774514118465003509e+00 -3.269099107989926978e+00
-5.064663435026261595e+00 1.859238817911305519e+00 -3.343573750334637218e+00
-7.237737226734127560e+00 -8.374769739324210427e-01 -6.096525501209678843e+00
-7.342010100430902853e+00 -9.661727083102771285e-01 -6.108694801158315535e+00
-7.449632356960869117e+00 -1.101436982018321187e+00 -6.129958038749586891e+00
-7.560803659582248315e+00 -1.240150478163185577e+00 -6.161235300060376119e+00
-7.676433418641466666e+00 -1.378495164758583247e+00 -6.202995425434785659e+00
-7.796552118718709679e+00 -1.511744563741032721e+00 -6.255318714531767910e+00
-1.637360360066811626e+00 -1.635113555432212484e+00 -6.317538121539354457e+00
-1.763545245457236454e+00 -1.744434142087943229e+00 -6.387971050033187659e+00
-1.889033899605411237e+00 -1.836863575170464946e+00 -6.463769830019410634e+00
-2.009902923078448644e+00 -1.911314558389620055e+00 -6.541089003658524526e+00
-7.305301784956650835e+00 -9.203841742572460571e-01 -6.103455386968414942e+00
-7.408279407780508308e+00 -1.049362848829891171e+00 -6.120717385476535100e+00
-7.514938541094192459e+00 -1.183383714416399668e+00 -6.147231189897996551e+00
-7.626103988228824626e+00 -1.319279742520840015e+00 -6.183707604162723470e+00
-7.742189903873177848e+00 -1.452978079335790040e+00 -6.230589339633397117e+00
-1.579913717521524319e+00 -1.579872130629663696e+00 -6.287764596992549748e+00
-1.704705440591909094e+00 -1.695526819315117839e+00 -6.354326615143300216e+00
-1.831339595781764640e+00 -1.796355623299779269e+00 -6.428294263122899643e+00
-1.956570979815869693e+00 -1.880167743940953651e+00 -6.506535997853325703e+00
-2.076491656362500660e+00 -1.946602753623126070e+00 -6.585124026031994759e+00
-7.354077166346461247e+00 -9.812026311813107915e-01 -6.110594647699434390e+00
-7.455637441264760135e+00 -1.109072313819863043e+00 -6.131426666138358073e+00
-7.561521760326924024e+00 -1.241030430403598839e+00 -6.161464479485869283e+00
-7.672379225938555258e+00 -1.373790407082360554e+00 -6.201381261160387126e+00
-7.788460127826192014e+00 -1.503169143348809023e+00 -6.251533160027619829e+00
-1.626303728050511710e+00 -1.624744217922262202e+00 -6.311687841423189838e+00
-1.751090896908253258e+00 -1.734385925438115761e+00 -6.380742299847552701e+00
-1.877402713212754426e+00 -1.828969983262433985e+00 -6.456543182403155612e+00
-2.001842567775455439e+00 -1.906771732457623436e+00 -6.535817116126178661e+00
-2.120266851812466768e+00 -1.967711496771316293e+00 -6.614549348426839614e+00
-7.381110270048480970e+00 -1.015155003224782249e+00 -6.115357893969519232e+00
-7.481635557231669509e+00 -1.141706406955411257e+00 -6.138025396644033904e+00
-7.586773187629580306e+00 -1.271872258923389953e+00 -6.169805583186482423e+00
-7.697005244257981715e+00 -1.402172903152402617e+00 -6.211347659580164660e+00
-7.812672631239668597e+00 -1.528643683548287280e+00 -6.262966092745342550e+00
-1.650066418378995259e+00 -1.646871873064076786e+00 -6.324328887363342311e+00
-1.774262971930044674e+00 -1.752965037626587730e+00 -6.394244973270987842e+00
-1.899752333832112727e+00 -1.844038308571968487e+00 -6.470477756241448830e+00
-2.023091078920716157e+00 -1.918618814900743708e+00 -6.549729221069961582e+00
-2.140166093628989685e+00 -1.976778348275012309e+00 -6.628033444220187143e+00
-7.385089944151916441e+00 -1.020171449951404741e+00 -6.116115000836950699e+00
-7.484970442824669057e+00 -1.145925203297353479e+00 -6.138910982146508211e+00
-7.589416092924667900e+00 -1.275098635143160575e+00 -6.170717379623604337e+00
-7.698986529256056421e+00 -1.404432580446981937e+00 -6.212158672422344097e+00
-7.813825965574010546e+00 -1.529843155157574186e+00 -6.263518559032373645e+00
-1.650328675364027831e+00 -1.647113993078599403e+00 -6.324470217901142277e+00
-1.773527153709018700e+00 -1.752386010345802880e+00 -6.393814818796460742e+00
-1.897940085827472201e+00 -1.842834478622507710e+00 -6.469341978416350614e+00
-2.020155503075272474e+00 -1.917009080772635210e+00 -6.547799016803048211e+00
-2.136152891784492969e+00 -1.974976282548933870e+00 -6.625308530892894510e+00
-7.366643205012045392e+00 -9.969734926637313643e-01 -6.112742430511256764e+00
-7.466229799344672458e+00 -1.122393104180777090e+00 -6.134068164177132410e+00
-7.570125097218900478e+00 -1.251576085895915957e+00 -6.164255345314277434e+00
-7.678863916716700544e+00 -1.381309015889849112e+00 -6.203966874735445280e+00
-7.792630333584745550e+00 -1.507596799097434825e+00 -6.253479782135454634e+00
-1.627875257798443220e+00 -1.626225944318399952e+00 -6.312516269601217367e+00
-1.749769033862398127e+00 -1.733307801009480009e+00 -6.379976794353346747e+00
-1.872890625723138580e+00 -1.825871212267441202e+00 -6.453751871498932147e+00
-1.994029912080470757e+00 -1.902317678474564122e+00 -6.530728605142063437e+00
-2.109229758374701724e+00 -1.962541521607808148e+00 -6.607098599476291412e+00
-7.328030874346793233e+00 -9.485397486303458470e-01 -6.106450226019889627e+00
-7.427525701303890671e+00 -1.073662341159344669e+00 -6.124847061583153618e+00
-7.531007259474964854e+00 -1.203367678667170093e+00 -6.151961234093699993e+00
-7.638839283932859381e+00 -1.334429456028601857e+00 -6.188437835081498584e+00
-7.751289515381159845e+00 -1.463000767577470329e+00 -6.234611704911947605e+00
-1.584950416824376873e+00 -1.584849779683380921e+00 -6.290312176603310768e+00
-1.705176975953047513e+00 -1.695932739119642818e+00 -6.354589991549119077e+00
-1.826787022730867349e+00 -1.793015213090130899e+00 -6.425538589448589910e+00
-1.946717897106970074e+00 -1.874124305357385056e+00 -6.500223793070349032e+00
-2.061330158166001070e+00 -1.938909853244420001e+00 -6.575017315411782803e+00
-7.271985742482534931e+00 -8.792359441390330543e-01 -6.099575081566615431e+00
-7.371989794028786847e+00 -1.003747190034771863e+00 -6.113691433375133322e+00
-7.475218873178430812e+00 -1.133717096950624725e+00 -6.136378720836270340e+00
-7.582102909416161829e+00 -1.266192340780897041e+00 -6.168229425187427672e+00
-7.693031775638142555e+00 -1.397623438727314316e+00 -6.209711369511522250e+00
-7.807984804325275974e+00 -1.523755586138638485e+00 -6.260727851006874012e+00
-1.642979347269110546e+00 -1.640335043366093259e+00 -6.320532776101152272e+00
-1.762694939389554794e+00 -1.743754118371003248e+00 -6.387477137536127003e+00
-1.881212020172539745e+00 -1.831573820112526008e+00 -6.458909280735197100e+00
-1.994965969943792272e+00 -1.902853951029100932e+00 -6.531337777641593512e+00
-7.202181394206443876e+00 -7.950142019412216321e-01 -6.094498753751371289e+00
-7.303022593909917148e+00 -9.175952431706142498e-01 -6.103198422841216164e+00
-7.406178879481125854e+00 -1.046715171313758797e+00 -6.120282440083260056e+00
-7.512134127587481558e+00 -1.179884261339846363e+00 -6.146424752665669899e+00
-7.621492413547355405e+00 -1.313769786877290846e+00 -6.182036410798604997e+00
-7.734338778338454290e+00 -1.444272899653748388e+00 -6.227156687992732920e+00
-7.850131690418997721e+00 -1.566938887684365955e+00 -6.281263992973970645e+00
-7.967516686254572988e+00 -1.677747599248414545e+00 -6.342993829928167848e+00
-8.084113191358344608e+00 -1.773647717687860892e+00 -6.410013859050380347e+00
-8.196646634001540477e+00 -1.853040341915003220e+00 -6.479094100644779530e+00
-1.031889335680436837e+01 7.656787168662474441e-01 -9.235150011232789780e+00
-1.042995827195970904e+01 8.994460544402395064e-01 -9.243023317414058582e+00
-1.054377680942899964e+01 1.041669989717546096e+00 -9.261057513349022940e+00
-1.066131107375128373e+01 1.189337765710354322e+00 -9.290211866449045175e+00
-1.078352025461919794e+01 1.338089669308098584e+00 -9.331199154240758631e+00
-1.091065042910525129e+01 1.482358869982182803e+00 -9.384195812660351521e+00
-4.758875752768886080e+00 1.616191371931473553e+00 -9.448548938872480818e+00
-4.892686857587699834e+00 1.734387924421401328e+00 -9.522337077372656111e+00
-5.025532901688199772e+00 1.833424675460574527e+00 -9.602190397559038360e+00
-5.152787294857247069e+00 1.912036835517479050e+00 -9.683527955401181941e+00
-1.039854396175128315e+01 8.609396572902673350e-01 -9.239813440544995871e+00
-1.050743754884482328e+01 9.960659556608852938e-01 -9.254213512014198173e+00
-1.062021956532091060e+01 1.138016044904744506e+00 -9.278872876248561496e+00
-1.073762016120267759e+01 1.283119881453317568e+00 -9.314583802601740459e+00
-1.086026166978998653e+01 1.426743277557075418e+00 -9.362010832754258161e+00
-1.098814785787483217e+01 1.563342341088482801e+00 -9.421078551820736280e+00
-1.112023102206464031e+01 1.687508182667480261e+00 -9.490752869751590381e+00
-1.125414202180730427e+01 1.794912251541047166e+00 -9.568697527475489295e+00
-1.138608804426699983e+01 1.883044307094182690e+00 -9.651156214793887855e+00
-1.151135896767261713e+01 1.951612974270286127e+00 -9.733466945009073612e+00
-1.674258526150273241e+01 9.359255218262758635e-01 -9.246714443452939136e+00
-1.684974560955177125e+01 1.070399209179601296e+00 -9.265886823796712690e+00
-1.696121505246965100e+01 1.210106546404254191e+00 -9.295197447694407700e+00
-1.707796391610741438e+01 1.351364562946398840e+00 -9.335485788418290909e+00
-1.720033272913224565e+01 1.489365647145187710e+00 -9.387162907869543105e+00
-1.104479766726639767e+01 1.618795121094907641e+00 -9.449980449713873298e+00
-1.117635566739522091e+01 1.734782270591160191e+00 -9.522616375747785966e+00
-1.130916787730113349e+01 1.833733101669662080e+00 -9.602476746650436823e+00
-1.143922339389289533e+01 1.913847249166436448e+00 -9.685657157128675365e+00
-1.156176658823762438e+01 1.975351348875322932e+00 -9.767469054899827086e+00
-1.678202598108387988e+01 9.852103594500473127e-01 -9.252738776463067083e+00
-1.688737945163003218e+01 1.117832430383765674e+00 -9.274738973188368263e+00
-1.699758315454604940e+01 1.254851103428147097e+00 -9.306727798889363967e+00
-1.711323692247187722e+01 1.392374364094927763e+00 -9.349439543604729508e+00
-1.723459943812250117e+01 1.525673068624853412e+00 -9.403196476728222564e+00
-1.107796514898092788e+01 1.649734747504888244e+00 -9.467600955003167229e+00
-1.120812403829818926e+01 1.760088876479105613e+00 -9.541179397945590779e+00
-1.133905516083142118e+01 1.853570470722689434e+00 -9.621206755276443090e+00
-1.146676711312927743e+01 1.928803445517776938e+00 -9.703783364594558591e+00
-1.158659929449145309e+01 1.986277882737891298e+00 -9.784373597722936466e+00
-1.679852870084479122e+01 1.005888868393862712e+00 -9.255596605652886666e+00
-1.690240536374989944e+01 1.136730788891066490e+00 -9.278593300596643445e+00
-1.701121048156378990e+01 1.271451424796350205e+00 -9.311282470852674464e+00
-1.712541096698210907e+01 1.406311980848454324e+00 -9.354436422876043267e+00
-1.724523675733221140e+01 1.536716780633277324e+00 -9.408302183648427075e+00
-1.108686786524149603e+01 1.657846965251225990e+00 -9.472414179976684778e+00
-1.121504866409782508e+01 1.765466245892251207e+00 -9.545272852577308953e+00
-1.134375514008021213e+01 1.856607882071946269e+00 -9.624169480790728315e+00
-1.146908329206900135e+01 1.930038165209296386e+00 -9.705315454675940146e+00
-1.158654811469781976e+01 1.986255644688582844e+00 -9.784338388448402313e+00
-1.679254953228130276e+01 9.983194695515057449e-01 -9.254515619970847595e+00
-1.689517422258768420e+01 1.127641087197395864e+00 -9.276726998930447721e+00
-1.700258235765392101e+01 1.260955603489748000e+00 -9.308384581347372233e+00
-1.711516864568901397e+01 1.394593977168039345e+00 -9.350223676521544292e+00
-1.723308602073065288e+01 1.524092426664018562e+00 -9.402474374866489626e+00
-1.107255931066663379e+01 1.644770731157191745e+00 -9.464695515543406046e+00
-1.119841357410730609e+01 1.752463739142578358e+00 -9.535463508029536683e+00
-1.132474388700778256e+01 1.844178548892204006e+00 -9.612202126486286247e+00
-1.144785406918222570e+01 1.918610626739154057e+00 -9.691311966567804248e+00
-1.156337476550559984e+01 1.976075358224366418e+00 -9.768560055420438815e+00
-1.676601608338811289e+01 9.651198684210264833e-01 -9.250140399043381478e+00
-1.686782449168651254e+01 1.093185465099565157e+00 -9.270003403893465332e+00
-1.697390478016595949e+01 1.225765135727230115e+00 -9.299110302523825311e+00
-1.708477599654343138e+01 1.359351102231250996e+00 -9.338109178537671085e+00
-1.720050303206580011e+01 1.489550906733257296e+00 -9.387241156425863764e+00
-1.103753080676733056e+01 1.611864362510165183e+00 -9.446187196091919702e+00
-1.116078628908755732e+01 1.721996417099098453e+00 -9.513657569183575191e+00
-1.128469453048997728e+01 1.816847261610109676e+00 -9.587331214444086314e+00
-1.140563179576333042e+01 1.894674161229326970e+00 -9.663776422107781983e+00
-1.151961103443697532e+01 1.955643200595764242e+00 -9.739001300889873036e+00
-1.672203970310183152e+01 9.105254592915406064e-01 -9.244050127769256164e+00
-1.682331550171091905e+01 1.037162311268098103e+00 -9.260309385267580851e+00
-1.692826512494839619e+01 1.169070273863987763e+00 -9.285586201463297940e+00
-1.703734801209692051e+01 1.303076651385015605e+00 -9.320404967010741615e+00
-1.715083175384466685e+01 1.435029623512563690e+00 -9.365169069806743352e+00
-1.726838914759100518e+01 1.560372109915872274e+00 -9.419619783962637882e+00
-1.738887417993744933e+01 1.674722519295841039e+00 -9.482701761796917594e+00
-1.751011727755819791e+01 1.774582829917765725e+00 -9.552338676299864773e+00
-1.762894115345700641e+01 1.857896249304173963e+00 -9.625434902481170951e+00
-1.774138872674588541e+01 1.924221885593275339e+00 -9.698129791567344782e+00
-2.294723952716319104e+01 8.394996476168575805e-01 -9.238371970310508274e+00
-2.304823652517239196e+01 9.639883006592928627e-01 -9.250011476273765965e+00
-2.315227520182046916e+01 1.094780103162893203e+00 -9.270300603264027828e+00
-2.325967874799054158e+01 1.228987717544704594e+00 -9.299932328126308434e+00
-2.337088981003394750e+01 1.362778459879958382e+00 -9.339259639112935218e+00
-2.348571712723729377e+01 1.491728258780188332e+00 -9.388172443579525961e+00
-1.732005736377850624e+01 1.611233401420982148e+00 -9.445844529097248810e+00
-1.743847102066105847e+01 1.717421929254041135e+00 -9.510514249224536698e+00
-1.755494723691078107e+01 1.807668653827343430e+00 -9.579406844644760000e+00
-1.766577229426685847e+01 1.880920152769894438e+00 -9.648913302321918906e+00
-1.973661211857651665e+01 -7.573966728772950630e-01 -1.237655523199071439e+01
-1.983778769435087241e+01 -8.786185504882503272e-01 -1.238280095146827087e+01
-1.994110883984329874e+01 -1.007213995624724356e+00 -1.239737362182794023e+01
-2.004718607551103204e+01 -1.140693081431934042e+00 -1.242099931034943161e+01
-2.015623226176989746e+01 -1.275647823088887023e+00 -1.245405517037542786e+01
-2.026835729055316193e+01 -1.407853597805273305e+00 -1.249659025524027811e+01
-2.038285832789993890e+01 -1.532606638706313751e+00 -1.254798150686440295e+01
-1.421508459319798590e+01 -1.645628580771881122e+00 -1.260678767661898014e+01
-1.432894589024572163e+01 -1.743661174971658845e+00 -1.267059368749719717e+01
-1.443784670482151355e+01 -1.824898802971604006e+00 -1.273605753598995705e+01
-1.347925096802857858e+01 -7.876440409892928596e-01 -1.237744756337161611e+01
-1.359686794407128474e+01 -9.308508983272009152e-01 -1.238778058651585035e+01
-1.371881014797793341e+01 -1.083820610515246585e+00 -1.240987657368484598e+01
-1.384577239574163698e+01 -1.242326400853888568e+00 -1.244497828501392966e+01
-1.397874390107577014e+01 -1.400518082551980070e+00 -1.249393479575050492e+01
-1.411773769035841752e+01 -1.551179292158491929e+00 -1.255675131561920566e+01
-1.426138568510294391e+01 -1.687125843774949896e+00 -1.263210139103644636e+01
-1.440653490001155923e+01 -1.802776353630893613e+00 -1.271684565376724052e+01
-1.454816814759809951e+01 -1.895236058439877525e+00 -1.280598685247835000e+01
-1.468022195511388439e+01 -1.964714995376919404e+00 -1.289340466123300466e+01
-1.983555910557436874e+01 -8.759032736899370342e-01 -1.238259370757179312e+01
-1.995120526967760100e+01 -1.019818396784618164e+00 -1.239924581741416354e+01
-2.007159152780863209e+01 -1.171246620315153253e+00 -1.242766059684489122e+01
-2.019787179546272426e+01 -1.325719361312962086e+00 -1.246889445645151540e+01
-2.033051969683470972e+01 -1.477040165357253798e+00 -1.252356306020199384e+01
-1.418591759802454710e+01 -1.618345490693397615e+00 -1.259132540290438129e+01
-1.432859039818264257e+01 -1.743378446784901614e+00 -1.267038927194247400e+01
-1.447170264583420618e+01 -1.847727556810871308e+00 -1.275715884408901069e+01
-1.461008364830673933e+01 -1.929718943381783181e+00 -1.284651571855902752e+01
-1.473780152448996361e+01 -1.990370794477907435e+00 -1.293253476553805292e+01
-1.988771635974239516e+01 -9.401827473022974502e-01 -1.238872888758003299e+01
-2.000089124620949832e+01 -1.082439296295797826e+00 -1.240962453862518799e+01
-2.011953173110122250e+01 -1.230735917758244868e+00 -1.244197013731177393e+01
-2.024431751428613424e+01 -1.380246822423491171e+00 -1.248678512334753243e+01
-2.037549446533246567e+01 -1.524944504659976552e+00 -1.254445615757096277e+01
-1.422913026514773449e+01 -1.658453835588409087e+00 -1.261437048900154956e+01
-1.436944187941218409e+01 -1.775273327918872601e+00 -1.269447145350670958e+01
-1.450935935387069797e+01 -1.871809287535977750e+00 -1.278101304089404522e+01
-1.464379816610245832e+01 -1.947072500256297634e+00 -1.286893570876060799e+01
-1.476714186521442329e+01 -2.002420833915091514e+00 -1.295266935480631787e+01
-1.991667741807497904e+01 -9.764503145573660836e-01 -1.239317393114462540e+01
-2.002769657329014663e+01 -1.116248989249821744e+00 -1.241601629479642099e+01
-2.014425576214999580e+01 -1.261066746125647953e+00 -1.245000917439572596e+01
-2.026692363470689529e+01 -1.406221322929237294e+00 -1.249599643921854231e+01
-2.039575431511273607e+01 -1.545897723153493164e+00 -1.255422479380019141e+01
-2.052984513663982113e+01 -1.674172271176748383e+00 -1.262395178365995640e+01
-2.066691269530398145e+01 -1.786031667378266796e+00 -1.270303784684069015e+01
-2.080317646047633318e+01 -1.878364494194272760e+00 -1.278781333027644784e+01
-2.093367458611912824e+01 -1.950397963651350652e+00 -1.287341079768380148e+01
-2.105313725734000130e+01 -2.003546812165016622e+00 -1.295460534277023434e+01
-2.620626405724245700e+01 -9.845771044587114940e-01 -1.239430044228258510e+01
-2.631528869415216221e+01 -1.121772306607655922e+00 -1.241711724066088607e+01
-2.642956951704572788e+01 -1.263636222711404411e+00 -1.245071434634241037e+01
-2.654959928511992828e+01 -1.405639933885928672e+00 -1.249578512778253625e+01
-2.667549266042669132e+01 -1.542361188255955140e+00 -1.255254755294524394e+01
-2.680625999723655184e+01 -1.668137338160907701e+00 -1.262023582617129946e+01
-2.693969204372860915e+01 -1.778219804681292926e+00 -1.269679506411316616e+01
-2.707219040597493631e+01 -1.869603031965255457e+00 -1.277875563405632064e+01
-2.719908336590114928e+01 -1.941476230385861923e+00 -1.286153949730683266e+01
-2.731533683195177886e+01 -1.995038000705468662e+00 -1.294018147338938007e+01
-3.247547531914457863e+01 -9.669971972116270242e-01 -1.239191699812887926e+01
-3.258244273442478800e+01 -1.101518567025018935e+00 -1.241315751645976206e+01
-3.269424400817581500e+01 -1.241009516286103453e+00 -1.244464529501324002e+01
-3.281153596758775137e+01 -1.381228651592240286e+00 -1.248712494823583974e+01
-3.293417414069703852e+01 -1.516886981640801046e+00 -1.254080453673173245e+01
-2.677812610111897840e+01 -1.642559957153099104e+00 -1.260500440958285218e+01
-2.690775405810895649e+01 -1.753550874034439655e+00 -1.267786743506613689e+01
-2.703654302632330086e+01 -1.846715184786887898e+00 -1.275620149957428673e+01
-2.716017320365228116e+01 -1.920984626283573693e+00 -1.283577159814451463e+01
-2.727384283416286337e+01 -1.977197110482613374e+00 -1.291185364753858877e+01
-3.244360002564414458e+01 -9.272456686470484932e-01 -1.238734812275962227e+01
-3.254885483311956307e+01 -1.059237728855682903e+00 -1.240555546611145665e+01
-3.265846146522508064e+01 -1.196793599594951241e+00 -1.243357009049517892e+01
-3.277292189396933964e+01 -1.336017803825882533e+00 -1.247212471742011353e+01
-3.289220030072360146e+01 -1.471935977577326637e+00 -1.252144789179043904e+01
-2.673240770485652362e+01 -1.599246823445281240e+00 -1.258101111189897381e+01
-2.685814604079925516e+01 -1.713148633417509670e+00 -1.264919776982982036e+01
-2.698334576168400289e+01 -1.810252954489947275e+00 -1.272321386298674994e+01
-2.710389407990437149e+01 -1.888944908782136611e+00 -1.279909871197874516e+01
-2.721541904955752855e+01 -1.949683581957730727e+00 -1.287244493036881465e+01
-3.239713553557992753e+01 -8.701390454896377191e-01 -1.238215923977372412e+01
-3.250111431106087423e+01 -9.992181936821727950e-01 -1.239623996637611292e+01
-3.260879704566411164e+01 -1.134777887951305964e+00 -1.241978967727469296e+01
-3.272056016578373772e+01 -1.273167318517193003e+00 -1.245335743350111279e+01
-3.283658415718903711e+01 -1.409963042799114552e+00 -1.249736149587657508e+01
-3.295626714646117250e+01 -1.539880361344716730e+00 -1.255137810176158553e+01
-2.679499233341507036e+01 -1.657992861109865101e+00 -1.261409449500372304e+01
-2.691657682113320504e+01 -1.760470729490582142e+00 -1.268305975023310417e+01
-2.703420627362251594e+01 -1.845172114852016376e+00 -1.275473738108315302e+01
-2.714364572027798772e+01 -1.911879270814282661e+00 -1.282491878867536705e+01
-3.233959260883562337e+01 -8.004968121769618916e-01 -1.237792660768724140e+01
-3.244240498442218978e+01 -9.258646094210010169e-01 -1.238726176305061522e+01
-3.254853084187625001e+01 -1.058828592452197848e+00 -1.240548563195709342e+01
-3.265790699449529910e+01 -1.196104058779945856e+00 -1.243340612785256205e+01
-3.277087541149140293e+01 -1.333593092879343800e+00 -1.247135533635098703e+01
-3.288703753872089663e+01 -1.466296157370892805e+00 -1.251913678992995926e+01
-2.672202766102697780e+01 -1.589114634752676780e+00 -1.257570036139668623e+01
-2.684005598719938845e+01 -1.697771987765939405e+00 -1.263897760045401419e+01
-2.695474604207490898e+01 -1.789484756333438842e+00 -1.270583522724263759e+01
-2.706210325352023105e+01 -1.863254789722901705e+00 -1.277234755105485142e+01
-3.227262041940474546e+01 -7.224453949709866984e-01 -1.237639088525885356e+01
-3.237515577830562563e+01 -8.433922731578535892e-01 -1.238033324404361757e+01
-3.248012341884880527e+01 -9.728966741905293869e-01 -1.239272602195667261e+01
-3.258767794661262940e+01 -1.108197336621091544e+00 -1.241444503010703571e+01
-3.269802808282043571e+01 -1.245650172082753304e+00 -1.244586392151213872e+01
-3.281100721932264719e+01 -1.380618193967957819e+00 -1.248691388364163757e+01
-3.292569650719108409e+01 -1.507940516382545892e+00 -1.253681696092092501e+01
-2.675711787030277833e+01 -1.622924193529443393e+00 -1.259385936315572962e+01
-2.686885374002861226e+01 -1.722082754187759468e+00 -1.265530727564374480e+01
-2.697411848176261273e+01 -1.803641980142477896e+00 -1.271757894815681134e+01
-2.606083397306368710e+01 -8.059497419911815230e-01 -1.237814509370524974e+01
-2.618804419587156573e+01 -9.616653395754120037e-01 -1.239130335553327633e+01
-2.632093356118019756e+01 -1.128841794326179038e+00 -1.241854915752973731e+01
-2.646088916040677930e+01 -1.301595391482775366e+00 -1.246156207351062584e+01
-2.660856719817044436e+01 -1.471447903960175774e+00 -1.252124766463911776e+01
-2.048003695160288729e+01 -1.628676892020162859e+00 -1.259707724760093406e+01
-2.063874406803033068e+01 -1.764625387761125985e+00 -1.268622158646677356e+01
-2.079598274900390109e+01 -1.873947843430707083e+00 -1.278321243543950381e+01
-2.094445506155278736e+01 -1.955676625029244775e+00 -1.288064130116527473e+01
-2.107641911655474232e+01 -2.012569942422228753e+00 -1.297067900833955356e+01
-2.612601053633581216e+01 -8.847368558996634436e-01 -1.238326224079708382e+01
-2.625043680298511717e+01 -1.040010445550439533e+00 -1.240238695470980979e+01
-2.638122229873193092e+01 -1.204204075597984813e+00 -1.243534894537593516e+01
-2.651948545028405135e+01 -1.370944335229970168e+00 -1.248359679796140220e+01
-2.666529710535223430e+01 -1.531832528565126639e+00 -1.254762292549811953e+01
-2.053422701972669984e+01 -1.678050945624530055e+00 -1.262636921064927797e+01
-2.068925462105941548e+01 -1.802438222151701686e+00 -1.271655972036721671e+01
-2.084142688947860123e+01 -1.901084900757209706e+00 -1.281252526929026381e+01
-2.098363883075858638e+01 -1.974033796010097985e+00 -1.290709312252425889e+01
-2.110913035246656122e+01 -2.024579378493696069e+00 -1.299337955847458659e+01
-2.616798260557289169e+01 -9.366791954425219835e-01 -1.238837858591523933e+01
-2.628956295737213011e+01 -1.089347293232919567e+00 -1.241088855764722787e+01
-2.641762428440438981e+01 -1.249048904785820868e+00 -1.244675702521214866e+01
-2.655293771039890771e+01 -1.409447571270198818e+00 -1.249716813437610519e+01
-2.669542281608086753e+01 -1.562648734937831074e+00 -1.256232970086494305e+01
-2.684348542230689461e+01 -1.700713031260119967e+00 -1.264090376716438691e+01
-2.699354293595620646e+01 -1.817459814141865859e+00 -1.272947321666059572e+01
-2.714002816399502649e+01 -1.909851731752075121e+00 -1.282256984914998199e+01
-2.727628597652235953e+01 -1.978280834394907206e+00 -1.291351705679401718e+01
-2.739605119273823775e+01 -2.025910459155628285e+00 -1.299596937529440055e+01
-3.247036047561947214e+01 -9.606200050843095584e-01 -1.239118805667431289e+01
-3.258884829111518400e+01 -1.109586779807579360e+00 -1.241471047786342297e+01
-3.271360762417382517e+01 -1.264678182874431123e+00 -1.245100809451170676e+01
-3.284518983460062458e+01 -1.419726070058640266e+00 -1.250096767359937822e+01
-3.298339819209623158e+01 -1.567466021619678074e+00 -1.256471108252644520e+01
-3.312653502755338053e+01 -1.700596830573257279e+00 -1.264082643892351676e+01
-3.327113842234153651e+01 -1.813522954651199282e+00 -1.272603847349544282e+01
-3.341198037949171606e+01 -1.903482703009053756e+00 -1.281524188352738491e+01
-3.354292943444364994e+01 -1.970814555765563636e+00 -1.290229417853487881e+01
-3.365826678230657620e+01 -2.018358144193959092e+00 -1.298140357085086194e+01
-3.875176959229249718e+01 -9.583855416147811779e-01 -1.239090281932102577e+01
-3.886702932212687500e+01 -1.103341723582439871e+00 -1.241350686327103503e+01
-3.898821082629764589e+01 -1.254223357344864453e+00 -1.244815259480913028e+01
-3.911571478537400992e+01 -1.405351055896081558e+00 -1.249567825482764327e+01
-3.924917605623179639e+01 -1.549850586288029852e+00 -1.255611316423693147e+01
-3.938703692174380677e+01 -1.680918297858145172e+00 -1.262816809598703216e+01
-3.952612572066900043e+01 -1.793180959881364167e+00 -1.270886102818782426e+01
-3.966168764099451494e+01 -1.883803228408302166e+00 -1.279356333257466183e+01
-3.978807839291547310e+01 -1.952783903936915921e+00 -1.287665831780304160e+01
-3.989985096081209548e+01 -2.002407678903811661e+00 -1.295264640822725255e+01
-4.501503221254536413e+01 -9.335595810467299804e-01 -1.238804034867100690e+01
-4.512732502248062616e+01 -1.074486826561741548e+00 -1.240820021777421900e+01
-4.524493185270720375e+01 -1.221681748666890499e+00 -1.243966931994872027e+01
-4.536820912210552592e+01 -1.369975202630624445e+00 -1.248326800563604166e+01
-4.549683374623577947e+01 -1.512978765799786407e+00 -1.253905423420911980e+01
-3.934623015173942662e+01 -1.644161001616903706e+00 -1.260593275645124578e+01
-3.947997160976498066e+01 -1.758139765865541992e+00 -1.268130645952750335e+01
-3.961059682138095184e+01 -1.851752948367478391e+00 -1.276103658470316660e+01
-3.973298038339545002e+01 -1.924463720419476997e+00 -1.284001295844921842e+01
-3.984190874660524173e+01 -1.977953401601985295e+00 -1.291300513676196893e+01
-4.498015189632513255e+01 -8.904095602392536613e-01 -1.238376705308881753e+01
-4.508983383326309280e+01 -1.027236225491511723e+00 -1.240037415925556452e+01
-4.520415092121336187e+01 -1.171013743578025457e+00 -1.242758984070303363e+01
-4.532342053707331786e+01 -1.317139351159032357e+00 -1.246624058651910261e+01
-4.544738632557109526e+01 -1.459687901661784970e+00 -1.251645842649635121e+01
-3.929170965057011955e+01 -1.592358880350394079e+00 -1.257738885584869415e+01
-3.942034628336029556e+01 -1.709631938439803989e+00 -1.264683014714884912e+01
-3.954640360323499237e+01 -1.807889467391003091e+00 -1.272118765745397617e+01
-3.966512317472803062e+01 -1.885872852940156053e+00 -1.279578392796041797e+01
-3.977171598738637215e+01 -1.944648012066372944e+00 -1.286571306483287813e+01
-4.493340577050864937e+01 -8.334574071867298928e-01 -1.237963772536295082e+01
-4.504083617303342635e+01 -9.658295261484358685e-01 -1.239184450757971234e+01
-4.515240699401285696e+01 -1.106117832370695941e+00 -1.241404511298689428e+01
-4.526808833363582352e+01 -1.250169320291525388e+00 -1.244706437577318425e+01
-4.538779342831145414e+01 -1.392631100316217507e+00 -1.249112176956221631e+01
-4.551060590541440831e+01 -1.527416502725154501e+00 -1.254558770847592619e+01
-3.935131510209710370e+01 -1.648835262115441402e+00 -1.260866370938736836e+01
-3.947307501528278095e+01 -1.752722664348222104e+00 -1.267725218065904969e+01
-3.958846447936233659e+01 -1.837090606928351910e+00 -1.274716562875020998e+01
-3.969285788670973858e+01 -1.902153136304361114e+00 -1.281373009533712093e+01
-4.487729623792779421e+01 -7.668198590577136597e-01 -1.237679468196561849e+01
-4.498329765872468755e+01 -8.942942038297674312e-01 -1.238414276903140276e+01
-4.509250331638151010e+01 -1.030597849756293538e+00 -1.240089468274777396e+01
-4.520511891049118702e+01 -1.172225845783338771e+00 -1.242786506536824120e+01
-4.532115956306929405e+01 -1.314429147394719388e+00 -1.246540581068886766e+01
-4.543974617929451654e+01 -1.451257604083330266e+00 -1.251309170456000075e+01
-3.927616142682121136e+01 -1.577030093900912311e+00 -1.256950704570068744e+01
-3.939397480135480123e+01 -1.686991869081926998e+00 -1.263201603327043543e+01
-3.950622585012812493e+01 -1.778347879897838713e+00 -1.269689476497727298e+01
-3.960857732204195258e+01 -1.850439213279814643e+00 -1.275977243239650427e+01
-3.853059515539099777e+01 -6.937199390816159994e-01 -1.237651532206557548e+01
-3.863518813383305428e+01 -8.156337839483545071e-01 -1.237888976273413810e+01
-3.874303522363238983e+01 -9.475831122110741633e-01 -1.238966642625892511e+01
-3.885345704942130141e+01 -1.086237984360600040e+00 -1.241031500772151475e+01
-3.896641844805286325e+01 -1.227447466204385940e+00 -1.244113023473455293e+01
-3.908150881843986468e+01 -1.365878926536976845e+00 -1.248188450098164992e+01
-3.919737761403034426e+01 -1.495691277908622441e+00 -1.253146863699544511e+01
-3.302848225299491247e+01 -1.611675503872350701e+00 -1.258767720488183883e+01
-3.313786451035726088e+01 -1.710225494688397019e+00 -1.264722789696939920e+01
-3.323834041356560220e+01 -1.789786782380006436e+00 -1.270608174377834132e+01
-3.550114453699435302e+01 8.244935132132755751e-01 -9.237511078307800716e+00
-3.564079626120336286e+01 9.966616512571849773e-01 -9.254314631347732245e+00
-3.578843199412192178e+01 1.182334028568421846e+00 -9.288570725734464517e+00
-3.594558242862576947e+01 1.372478935462335237e+00 -9.342526774013551361e+00
-3.611227384782356609e+01 1.554626773197433476e+00 -9.416822043273684884e+00
-3.628597512456673968e+01 1.715698076952896001e+00 -9.509340326625803641e+00
-3.646056990892382288e+01 1.846219695929091520e+00 -9.614137590342808792e+00
-3.662675685064439790e+01 1.942952783868723277e+00 -9.721879081421455737e+00
-3.677460445413716172e+01 2.008824099294537646e+00 -9.822327268335465433e+00
-3.689619243732096976e+01 2.050343626135800346e+00 -9.907161548010021690e+00
-4.184018910447660033e+01 8.924370132347548834e-01 -9.242379457444318547e+00
-4.197618119074980569e+01 1.062397235515094351e+00 -9.264504136278784330e+00
-4.212038121177040040e+01 1.242649112437238523e+00 -9.303462604420310811e+00
-4.227372856718491789e+01 1.423971075248896545e+00 -9.360965985851279925e+00
-3.615254984287560802e+01 1.594735412577664935e+00 -9.437040254352535129e+00
-3.632012462557570132e+01 1.743685005295256829e+00 -9.529018152513947015e+00
-3.648703705911717066e+01 1.863350021460252748e+00 -9.630851695533031886e+00
-3.664458457353691045e+01 1.951851764197353623e+00 -9.733794459528404275e+00
-3.678380013148358074e+01 2.012373473861241102e+00 -9.828689563353332659e+00
-3.689813481111592353e+01 2.050920729337048609e+00 -9.908529315033181462e+00
-4.187244456907915691e+01 9.322863597054127371e-01 -9.246295607020190488e+00
-4.200422991523146266e+01 1.097780452449001354e+00 -9.270872084166239091e+00
-4.214391912963058928e+01 1.271428296300006311e+00 -9.311265418957566098e+00
-4.229208649721910263e+01 1.444523413667036849e+00 -9.368849194290957527e+00
-3.616469000237189135e+01 1.606503624360379190e+00 -9.443289903886933345e+00
-3.632490952183431432e+01 1.747508665207182954e+00 -9.531810599654530591e+00
-3.648367573359675475e+01 1.861212640689723807e+00 -9.628708657803493054e+00
-3.663307438784119796e+01 1.946135858977132704e+00 -9.726093333439765232e+00
-3.676519003321322288e+01 2.005166927624753459e+00 -9.815832014400102778e+00
-3.687390375563034439e+01 2.043533799421870967e+00 -9.891493948085040344e+00
-4.188297658881056407e+01 9.454237794101223447e-01 -9.247753146685708359e+00
-4.201018539605085067e+01 1.105300759368245123e+00 -9.272300180270057979e+00
-4.214478994138974599e+01 1.272496237451606449e+00 -9.311572025291354748e+00
-4.228702668816553967e+01 1.438889960239551957e+00 -9.366656981162044815e+00
-3.615272709928175487e+01 1.594908200738501369e+00 -9.437130841183991592e+00
-3.630525110685200474e+01 1.731646294339788783e+00 -9.520393533080937942e+00
-3.645611037566850143e+01 1.843265389428924150e+00 -9.611341997488947797e+00
-3.659825041590298156e+01 1.928135897100250684e+00 -9.702951146095964319e+00
-3.672446259217171161e+01 1.988468430872978532e+00 -9.787873131422403006e+00
-3.682915135751910896e+01 2.028797453290522412e+00 -9.860184881153111647e+00
-4.187457747661338914e+01 9.349768855424772651e-01 -9.246600203723154721e+00
-4.199735803579336846e+01 1.089133186009601628e+00 -9.269256732310909186e+00
-4.212674469817876854e+01 1.250466437556373434e+00 -9.305542624017732578e+00
-4.226288011581485193e+01 1.411690903657433660e+00 -9.356404866093582129e+00
-4.240482010211202635e+01 1.564093467124501702e+00 -9.421448702493737670e+00
-4.254986547231796834e+01 1.699356916547259733e+00 -9.498420562518177235e+00
-4.269335866381110378e+01 1.811710191586525021e+00 -9.582877445329314625e+00
-4.282905539680812268e+01 1.899039177852040572e+00 -9.668628630512230870e+00
-4.295040598717960734e+01 1.962763452461494751e+00 -9.749010690942473190e+00
-4.305213335266282826e+01 2.006636870938786288e+00 -9.818422409522227667e+00
-4.813392832363554419e+01 9.054385698754319201e-01 -9.243579519123418464e+00
-4.825252513712767666e+01 1.053811228981031300e+00 -9.263049392126003312e+00
-4.837693611773700297e+01 1.209835753689842752e+00 -9.295134846474839563e+00
-4.850730481755777390e+01 1.367065908860987777e+00 -9.340691945970782228e+00
-4.864266168376339294e+01 1.517439214371449463e+00 -9.399460254910383838e+00
-4.249755223525161085e+01 1.653081182000892824e+00 -9.469575956918211190e+00
-4.263432971289970652e+01 1.768054487380811279e+00 -9.547261446843329225e+00
-4.276432774616244359e+01 1.859592628673639503e+00 -9.627108742299295585e+00
-4.288159601928665410e+01 1.928229112874463747e+00 -9.703056391036897210e+00
-4.298093891794804478e+01 1.976810595905464707e+00 -9.769670122766434872e+00
-4.809759873355532989e+01 8.608102637463642681e-01 -9.239845459418326357e+00
-4.821269060538204343e+01 1.003660982287805314e+00 -9.255282821599051246e+00
-4.833273789669339493e+01 1.154755035086935333e+00 -9.282406090777348240e+00
-4.845787109723438846e+01 1.308585503403426387e+00 -9.322048878756998391e+00
-4.858726247278138999e+01 1.457795438970764357e+00 -9.374105963179539813e+00
-4.243586297668381491e+01 1.594860205216921845e+00 -9.437105805484865328e+00
-4.256660914930036199e+01 1.713563982935368823e+00 -9.507889014042744336e+00
-4.269154134458297989e+01 1.810417953766811250e+00 -9.581763532454019128e+00
-4.280519477339109358e+01 1.884957808999435436e+00 -9.653208971716590980e+00
-4.290263890960191162e+01 1.939220659420577419e+00 -9.717011322777960203e+00
-4.805172976132762130e+01 8.055647114704438394e-01 -9.236499457115892042e+00
-4.816360739548271397e+01 9.423713364981120000e-01 -9.247494912502892461e+00
-4.828018079738899360e+01 1.088685325994218189e+00 -9.269172910296694212e+00
-4.840080105283011136e+01 1.239268462204198284e+00 -9.302585971785301666e+00
-4.852505827939145178e+01 1.387650056079404282e+00 -9.347775705453500450e+00
-4.865136636051290253e+01 1.526549438595261599e+00 -9.403597421869907436e+00
-4.249363168955149916e+01 1.649497916603266390e+00 -9.467461271466822481e+00
-4.261406701142074382e+01 1.752248620368210608e+00 -9.535307507878474809e+00
-4.272456358516853214e+01 1.833381127481862105e+00 -9.602156147502686423e+00
-4.282026550902794071e+01 1.893915133780778248e+00 -9.662925948575766810e+00
-4.485653836283535156e+01 -7.425045029097377958e-01 -1.237634084584206384e+01
-4.496621009072808306e+01 -8.733667926056326580e-01 -1.238241620593595371e+01
-4.507979962060821322e+01 -1.014603342743592762e+00 -1.239846671040180937e+01
-4.519680627053421773e+01 -1.161841896715469780e+00 -1.242554042064575093e+01
-4.531682094030252017e+01 -1.309246591063423670e+00 -1.246385100579101213e+01
-4.543851531126480836e+01 -1.449895669118555164e+00 -1.251255326556645997e+01
-3.927627027499941192e+01 -1.577138172931586535e+00 -1.256956183583833919e+01
-3.939283416095680224e+01 -1.685997062154031001e+00 -1.263138240050086836e+01
-3.950057413032399012e+01 -1.774058926455496676e+00 -1.269351911362337226e+01
-3.959490823212332344e+01 -1.841411637301912707e+00 -1.275119158717064671e+01
-4.165467034190295692e+01 6.740310992327497308e-01 -9.235321004878770168e+00
-4.176311001869020600e+01 7.990813135994426775e-01 -9.236254760137462938e+00
-4.187439909802071014e+01 9.348741271091579597e-01 -9.246661768126298142e+00
-4.198892682264865783e+01 1.078512658155030612e+00 -9.267325143573339474e+00
-4.210563971901604674e+01 1.224521794385484474e+00 -9.298793867543500014e+00
-4.222366675089072174e+01 1.366538429323869375e+00 -9.340513931227883759e+00
-4.234094344737978588e+01 1.497801300859356255e+00 -9.390787768132401681e+00
-3.617111845349336363e+01 1.612674382787622429e+00 -9.446627828135055083e+00
-3.627655148535892238e+01 1.707768324470252175e+00 -9.503988540566478349e+00
-3.636973963141365829e+01 1.782187905647597326e+00 -9.558357376211025880e+00
-3.866443091935996534e+01 -8.506341705913218476e-01 -6.097489323898281910e+00
-3.881987444197684312e+01 -1.043933708854273945e+00 -6.119857916733339565e+00
-3.898676250111681441e+01 -1.252430546802502764e+00 -6.164484117793865181e+00
-3.916585187378659327e+01 -1.461504752079056058e+00 -6.234005470381098313e+00
-3.307218180869819690e+01 -1.652540907877545484e+00 -6.327663273627253560e+00
-3.326547766736931777e+01 -1.809511537105815915e+00 -6.439393183850383728e+00
-3.345084323038523877e+01 -1.925036497107396105e+00 -6.557533216795191855e+00
-3.361478102009558455e+01 -2.001639019441767253e+00 -6.668166579491173529e+00
-3.374702969994533674e+01 -2.048067556132978861e+00 -6.760236495383526112e+00
-3.384285303255748545e+01 -2.073932543697202036e+00 -6.827978365706600883e+00
-3.871039283520980945e+01 -9.069741240541823180e-01 -6.102127280249502128e+00
-3.886045495718962428e+01 -1.095064602263355225e+00 -6.128762590887462558e+00
-3.902117732733363198e+01 -1.294269306584696189e+00 -6.176203635091449762e+00
-3.919274755636232754e+01 -1.490727720649171362e+00 -6.246151250135880240e+00
-3.308959694985735922e+01 -1.668273531080407324e+00 -6.337133539056337028e+00
-3.327149615180150732e+01 -1.813777278172103324e+00 -6.443075040238969819e+00
-3.344471201320878606e+01 -1.921725418959623344e+00 -6.553490867560791244e+00
-3.359759798692972055e+01 -1.994643786323996526e+00 -6.656364345520750625e+00
-3.372143075906321741e+01 -2.040083735995839032e+00 -6.742271607416174817e+00
-3.381198861481237827e+01 -2.066293459088862416e+00 -6.806086299223482072e+00
-3.873317135238835363e+01 -9.352136999391642558e-01 -6.105025091260126047e+00
-3.887708932425921660e+01 -1.115976785004096028e+00 -6.132796893184558229e+00
-3.903050948821150712e+01 -1.305490833595885913e+00 -6.179532440354264189e+00
-3.919336286118973334e+01 -1.491388221315704588e+00 -6.246433457150930124e+00
-3.307985936072761035e+01 -1.659515251319309215e+00 -6.331821576755912950e+00
-3.325034738868607320e+01 -1.798602908560091196e+00 -6.430164005548630435e+00
-3.341245050659934179e+01 -1.903756013497169386e+00 -6.532369162398047102e+00
-3.355613274717166661e+01 -1.976787781746183859e+00 -6.628064111146303894e+00
-3.367358247327808130e+01 -2.023910025826206827e+00 -6.708846304751890699e+00
-3.376092447768810700e+01 -2.052212020281416027e+00 -6.770023205356768159e+00
-3.873596388002045643e+01 -9.386813415050815346e-01 -6.105414777348954658e+00
-3.887345166747998348e+01 -1.111408005832680512e+00 -6.131895412815670632e+00
-3.901935276617200543e+01 -1.292072394563934301e+00 -6.175568240366041906e+00
-3.917327826801584223e+01 -1.469636923484809010e+00 -6.237318152739706356e+00
-3.304960510805661045e+01 -1.631675067908367360e+00 -6.315584037685304963e+00
-3.320944458572679281e+01 -1.767970766167483943e+00 -6.405604780767081508e+00
-3.336176254477338432e+01 -1.873577642823440303e+00 -6.499649420148656098e+00
-3.349783520650159829e+01 -1.949304652656796755e+00 -6.588747005176970539e+00
-3.361050704278989798e+01 -1.999941640034221146e+00 -6.665225573866086606e+00
-3.369568823946417524e+01 -2.031576611944901689e+00 -6.724253155571149776e+00
-3.872227071140130050e+01 -9.216941734822873267e-01 -6.103610850241299346e+00
-3.885376352402680311e+01 -1.086589538755817319e+00 -6.127197033308720897e+00
-3.899245256507543900e+01 -1.259391712675593133e+00 -6.166354297565900922e+00
-3.913795289625497276e+01 -1.430512421405228052e+00 -6.221845729459356988e+00
-3.300490066844891146e+01 -1.588808225643236316e+00 -6.292356223737634480e+00
-3.315519005967662736e+01 -1.724690595222346134e+00 -6.373925832620221499e+00
-3.329895641458320910e+01 -1.832810572503084767e+00 -6.460037302847937646e+00
-3.342856199266697104e+01 -1.912840583007916484e+00 -6.542878956762782749e+00
-3.353738913712766134e+01 -1.968266584500109495e+00 -6.615355789551458976e+00
-3.362125682088024092e+01 -2.004239760709379148e+00 -6.672613617208548398e+00
-3.869546196967577600e+01 -8.887965436187500456e-01 -6.100607416635992486e+00
-3.882171573270687048e+01 -1.046193663600269996e+00 -6.120201066259260081e+00
-3.895394337635026005e+01 -1.212034121870847470e+00 -6.154080106494403068e+00
-3.909192944024095340e+01 -1.378001617978432014e+00 -6.202826370025009695e+00
-3.923379973759210060e+01 -1.534042479145443894e+00 -6.265462986193839789e+00
-3.309255642489409155e+01 -1.670916634961354674e+00 -6.338755783072898886e+00
-3.322892200710793276e+01 -1.782773255616544317e+00 -6.417234419009044011e+00
-3.335301802350505085e+01 -1.868132697579693025e+00 -6.494063399466837083e+00
-3.345873254828607202e+01 -1.929243059446711817e+00 -6.562729099541752653e+00
-3.354172430953812523e+01 -1.970262686260930263e+00 -6.618270253406610237e+00
-3.865893234651766619e+01 -8.439991982369104973e-01 -6.097132915102261741e+00
-3.878037374689898087e+01 -9.941840466298949019e-01 -6.112360252058128829e+00
-3.890710760847623817e+01 -1.153685688967058587e+00 -6.140583976700586533e+00
-3.903869696769581310e+01 -1.315307165444212112e+00 -6.182501843574707223e+00
-3.917350979981872428e+01 -1.469890919374455596e+00 -6.237421678202363040e+00
-3.302516659827124101e+01 -1.608494129183247523e+00 -6.302769526479833573e+00
-3.315523735657308890e+01 -1.724730342260630822e+00 -6.373955454255203712e+00
-3.327466472869356551e+01 -1.816019347667304995e+00 -6.445015971179405945e+00
-3.337754118352175681e+01 -1.883234184190819116e+00 -6.509767620448744907e+00
-3.346005134679349879e+01 -1.929936927555495174e+00 -6.563595381449003341e+00
-3.861422063874341859e+01 -7.904570515314264245e-01 -6.094304918138089278e+00
-3.873179186894513037e+01 -9.335857778941201168e-01 -6.104904791879535608e+00
-3.885428922558202913e+01 -1.087272195833065780e+00 -6.127321634819383966e+00
-3.898062939070041466e+01 -1.244923290728336962e+00 -6.162477944430950316e+00
-3.910962386519734224e+01 -1.398388281390137378e+00 -6.209983216294513220e+00
-3.923861106651290243e+01 -1.539013554786558213e+00 -6.267785471921584417e+00
-3.308025918582309544e+01 -1.659875416501994438e+00 -6.332040006195835957e+00
-3.319576244405749321e+01 -1.757344046713360974e+00 -6.397516033604486729e+00
-3.329660539893801996e+01 -1.831210059843713545e+00 -6.458577720835339875e+00
-3.337847517575153233e+01 -1.883789477394559375e+00 -6.510358542037026908e+00
-3.542126761997263173e+01 7.303949816087437208e-01 -9.234622076531165291e+00
-3.553614454285141022e+01 8.669628107235618497e-01 -9.240388042239516153e+00
-3.565530115911185760e+01 1.014947108382135754e+00 -9.256926917035091407e+00
-3.577760291958107075e+01 1.168808449820362139e+00 -9.285501495379621772e+00
-3.590211410559595606e+01 1.321269832001547462e+00 -9.325907797582381420e+00
-3.602640210964842282e+01 1.463854215067465159e+00 -9.376551274088102517e+00
-2.986386773948694540e+01 1.589357332269542233e+00 -9.434233536724299540e+00
-2.997621650184655806e+01 1.693088969876659799e+00 -9.494339168739720947e+00
-3.007535580836376710e+01 1.773719692808405579e+00 -9.551660698306067232e+00
-3.015697976535219738e+01 1.832560202731909449e+00 -9.601386022428798128e+00
-3.222254977529191677e+01 -6.658953793893952477e-01 -6.094000508999072530e+00
-3.233586941665799230e+01 -7.961566669013463438e-01 -6.094526782892649486e+00
-3.245238323850558970e+01 -9.383269364929620604e-01 -6.105457093846716532e+00
-3.257208173250955952e+01 -1.088510177865208650e+00 -6.127548448198687936e+00
-3.269321779680257833e+01 -1.239735813340975934e+00 -6.161115556138565985e+00
-3.281408662184995251e+01 -1.384178675758132249e+00 -6.204967537367044095e+00
-3.293160296569261902e+01 -1.514181563501174832e+00 -6.256405821346234575e+00
-2.675843726025542679e+01 -1.624170494275260834e+00 -6.311368244528372529e+00
-2.685636871226371980e+01 -1.711649890701921750e+00 -6.365001961072027648e+00
-2.693803853638833701e+01 -1.776967574515446291e+00 -6.412620079701804698e+00
-2.613310505080081114e+01 -8.936235638666599757e-01 -6.100885029801541570e+00
-2.630914317528830182e+01 -1.114033999953094822e+00 -6.132410017437136318e+00
-2.650009404202710428e+01 -1.348248726699034838e+00 -6.192871405271979768e+00
-2.042185602054449589e+01 -1.572298799486191445e+00 -6.283937657949015154e+00
-2.063386806111293126e+01 -1.760839546309434400e+00 -6.400153819969158775e+00
-2.083834715909008395e+01 -1.899303843298534744e+00 -6.527318222002805648e+00
-2.101728418604291448e+01 -1.988766033524970167e+00 -6.646817639174153136e+00
-2.115731848742898080e+01 -2.040808602026390695e+00 -6.743854882686455277e+00
-2.125333330264366793e+01 -2.068259441183597058e+00 -6.811551495318374450e+00
-2.130761941976277640e+01 -2.081082741000493286e+00 -6.850113162271031619e+00
-2.616830336812190083e+01 -9.370450690564254836e-01 -6.105243618033954434e+00
-2.633567886177974771e+01 -1.147326559912258404e+00 -6.139204241879297363e+00
-2.651570700164579364e+01 -1.366539420427528517e+00 -6.198922033029972134e+00
-2.042374030312537059e+01 -1.574178693135542817e+00 -6.284882107354309078e+00
-2.061939928844039827e+01 -1.749457941352648094e+00 -6.391652323228200316e+00
-2.080708893911679169e+01 -1.880750794040892071e+00 -6.507138532368425210e+00
-2.097180167083455515e+01 -1.968600676800823734e+00 -6.615895696742115639e+00
-2.110266683570046098e+01 -2.022275687651723164e+00 -6.705699086588864155e+00
-2.119457516039526013e+01 -2.052218249231247960e+00 -6.770038345464609364e+00
-2.124894650680430175e+01 -2.067149470809034106e+00 -6.808453320391993024e+00
-2.618166872569358716e+01 -9.537793225546700171e-01 -6.107185795459630029e+00
-2.633959599109646987e+01 -1.152249566953504445e+00 -6.140276761206910905e+00
-2.650834039268610454e+01 -1.357933974054665427e+00 -6.196048250419742942e+00
-2.668588342128394331e+01 -1.552987060036205236e+00 -6.274436973912951743e+00
-2.686628223333870125e+01 -1.719947560554152766e+00 -6.370651043926334189e+00
-2.703923656197805769e+01 -1.848503688392274968e+00 -6.474706627337956988e+00
-2.719242804345698161e+01 -1.938068161804074707e+00 -6.573927612216115435e+00
-2.731611025024767869e+01 -1.995356453455026546e+00 -6.657527292266501640e+00
-2.740550693766925860e+01 -2.029176845495393344e+00 -6.719361320830769202e+00
-2.746091347972810226e+01 -2.047184631621165707e+00 -6.758175050024057384e+00
-3.246020972201991839e+01 -9.479732141235038823e-01 -6.106485883252846136e+00
-3.260928818644825355e+01 -1.135368236137088260e+00 -6.136714252206961540e+00
-3.276735944786275923e+01 -1.329421009420109323e+00 -6.186858316493312415e+00
-3.293239641685212149e+01 -1.515017071478892197e+00 -6.256780317061853225e+00
-2.681614715493919832e+01 -1.676931836084097460e+00 -6.342484211368776492e+00
-2.697649781409486991e+01 -1.805355530191835811e+00 -6.435845034203014237e+00
-2.712003727040687551e+01 -1.898439904399355171e+00 -6.526366560138437301e+00
-2.723807625410636390e+01 -1.960686954267443438e+00 -6.604473107476627192e+00
-2.732589974257371779e+01 -1.999362144371033656e+00 -6.664247751833244138e+00
-2.738272686409490575e+01 -2.021140305600889420e+00 -6.703521618173605923e+00
-3.244189274377853849e+01 -9.250896776045325343e-01 -6.103870308921194976e+00
-3.258302834508636181e+01 -1.102259591954493523e+00 -6.130132610077088096e+00
-3.273152474914886767e+01 -1.286455857109898293e+00 -6.173947770319548667e+00
-3.288569246770089194e+01 -1.464823902572972569e+00 -6.235351754778645450e+00
-2.675798133102666299e+01 -1.623740754015869037e+00 -6.311127917869042925e+00
-2.690778517554034366e+01 -1.753580294045676835e+00 -6.394695167593471119e+00
-2.704327152987503524e+01 -1.851128007171079615e+00 -6.477246815267323932e+00
-2.715675377254520129e+01 -1.919118665045661754e+00 -6.550337423489215993e+00
-2.724331673916356422e+01 -1.963177368997165662e+00 -6.608000866403513918e+00
-2.730156151432964506e+01 -1.989258586983788435e+00 -6.647546222201684785e+00
-3.241296487322218667e+01 -8.893679213202181355e-01 -6.100454741357837385e+00
-3.254729171593927362e+01 -1.057216108941217758e+00 -6.122032032444636229e+00
-3.268779976104692508e+01 -1.233064443989273062e+00 -6.159379246416358811e+00
-3.283284874785850604e+01 -1.405713987867330594e+00 -6.212626389669771321e+00
-3.297883018239610919e+01 -1.562872302052987106e+00 -6.279254598482423511e+00
-3.311988563735975788e+01 -1.694884044211786289e+00 -6.353908946444287942e+00
-3.324873835377402287e+01 -1.797431781323832967e+00 -6.429187086528888706e+00
-3.335838045328733159e+01 -1.871480063333514687e+00 -6.497493335269539649e+00
-3.344403079979515070e+01 -1.921349826737354105e+00 -6.553027044752859354e+00
-3.350388708181964148e+01 -1.952302091462704725e+00 -6.592785094256160328e+00
-3.865902535216068969e+01 -8.441224761544042776e-01 -6.097062255656191532e+00
-3.878783062888614808e+01 -1.003533006796054616e+00 -6.113680340854651618e+00
-3.892183656899113942e+01 -1.172106424885810183e+00 -6.144645404303086700e+00
-3.905955238342156832e+01 -1.340093812118712258e+00 -6.190238012421118263e+00
-3.919788445643987274e+01 -1.496233750871975188e+00 -6.248517131142667935e+00
-3.304872143300134013e+01 -1.630847523612903638e+00 -6.315115932068770199e+00
-3.317213531683127314e+01 -1.738537283960318369e+00 -6.383707436438788463e+00
-3.327872031443817491e+01 -1.818853885580686836e+00 -6.447513314797916451e+00
-3.336358950100104437e+01 -1.874713739872098772e+00 -6.500815820112856080e+00
-3.342464102226334433e+01 -1.910643629883415962e+00 -6.540319176088639885e+00
-3.861539302738905377e+01 -7.917751715041987381e-01 -6.094354448411632319e+00
-3.873988549512507262e+01 -9.435510081540122718e-01 -6.105970863763436007e+00
-3.886888614887294580e+01 -1.105668604625534623e+00 -6.130778613838207214e+00
-3.900088895406403111e+01 -1.269687147778488345e+00 -6.169202336211625060e+00
-3.913327136199671941e+01 -1.425250230277798291e+00 -6.219855295144544272e+00
-3.926180606675976748e+01 -1.562661302493761006e+00 -6.279150685078256799e+00
-3.938101901140284156e+01 -1.675605224235733992e+00 -6.341657284163212616e+00
-3.948515969601770337e+01 -1.762195728536907424e+00 -6.401182740092764334e+00
-3.956963377902608414e+01 -1.824236493843190088e+00 -6.452286591666855919e+00
-3.963181995631048693e+01 -1.865366332881502665e+00 -6.491271763253315896e+00
-4.170765692811626479e+01 7.340744343129733673e-01 -9.234683624613584385e+00
-4.182901119008117519e+01 8.787897973909145621e-01 -9.241310477017934844e+00
-4.195454565510966916e+01 1.035151088232395544e+00 -9.260021271086625205e+00
-4.208233473535221947e+01 1.195672572567922254e+00 -9.291705050429225565e+00
-4.221035014455926415e+01 1.350945183522965332e+00 -9.335340075979781105e+00
-4.233483348539180469e+01 1.491257402653848096e+00 -9.387970876817606225e+00
-3.616777456369968746e+01 1.609469980987105586e+00 -9.444889037379713415e+00
-3.627027650159778460e+01 1.702435114562975693e+00 -9.500445140126826615e+00
-3.635463372891663880e+01 1.770733135824223314e+00 -9.549334680407593368e+00
-3.641802797396957203e+01 1.817257326793303873e+00 -9.587694881963011895e+00
-3.851187855219396283e+01 -6.724735921923182813e-01 -6.093554247533957913e+00
-3.863118029517338670e+01 -8.106053534432766661e-01 -6.095155398547037251e+00
-3.875430104465502268e+01 -9.615295127631965366e-01 -6.108098842795223860e+00
-3.887934893667641489e+01 -1.118886004988732141e+00 -6.133361379072039377e+00
-3.900444418103880651e+01 -1.274010676515455298e+00 -6.170410593307201985e+00
-3.912622137792943988e+01 -1.417293106276396486e+00 -6.216878332850297895e+00
-3.924037710033610438e+01 -1.540832294337723951e+00 -6.268640969418006748e+00
-3.305881419371956298e+01 -1.640249703704324435e+00 -6.320483999159013599e+00
-3.314348956280655756e+01 -1.714955827958534185e+00 -6.367240185791835039e+00
-3.320823387780513514e+01 -1.767038941184569945e+00 -6.404887427468368699e+00
-3.247345537234965462e+01 -9.645135199137073734e-01 -6.108464485903688512e+00
-3.267478637740826741e+01 -1.217019352638789798e+00 -6.155317869866880898e+00
-3.289304802501170144e+01 -1.472860483875006787e+00 -6.238645027900488138e+00
-2.683799739209526791e+01 -1.696002839466804302e+00 -6.354636188159408228e+00
-2.705845005216459498e+01 -1.860926563519058385e+00 -6.486838111277441143e+00
-2.724798374861130767e+01 -1.965351637938801632e+00 -6.611164720958460528e+00
-2.738992833962226214e+01 -2.023738683129939098e+00 -6.708534347471327486e+00
-2.748009132968399726e+01 -2.052899613543788249e+00 -6.771680685354908746e+00
-2.752382641130344609e+01 -2.064997404605687592e+00 -6.802572033945741836e+00
-2.753018745440806114e+01 -2.066669014771556068e+00 -6.807077940614029821e+00
-3.249575642340325743e+01 -9.924065293479606975e-01 -6.112107621815661140e+00
-3.268247404259472688e+01 -1.226513730519980916e+00 -6.157708853065016363e+00
-3.288224188322774921e+01 -1.461035688644131580e+00 -6.233817213272507374e+00
-2.680503593102326931e+01 -1.667040543997116986e+00 -6.336379910526639847e+00
-2.700311215687890609e+01 -1.824128425725044522e+00 -6.452189710053119143e+00
-2.717531367510812856e+01 -1.929119962337406236e+00 -6.562585727359708798e+00
-2.730793603379094492e+01 -1.991953179247205830e+00 -6.651925813738650994e+00
-2.739637328722297482e+01 -2.025994508163204699e+00 -6.712991150426465659e+00
-2.744376563881434805e+01 -2.041848171376532850e+00 -6.746137143783757395e+00
-2.745683451778383244e+01 -2.045930405066845648e+00 -6.755317065753804862e+00
-3.249787335355566142e+01 -9.950763923521487309e-01 -6.112476306924724767e+00
-3.267104998936301996e+01 -1.212431574682869773e+00 -6.154171802503093147e+00
-3.285405822174922008e+01 -1.429720433230481147e+00 -6.221546662068688782e+00
-2.675780587178840264e+01 -1.623574031395110140e+00 -6.311035595516844232e+00
-2.693741844966272581e+01 -1.776497474136804033e+00 -6.412251001174984033e+00
-2.709562104458547438e+01 -1.883994604736904055e+00 -6.510585698392591603e+00
-2.722091587585291705e+01 -1.952394742637583613e+00 -6.592941891913896235e+00
-2.730832400328048237e+01 -1.992119888196800082e+00 -6.652187877704010432e+00
-2.735915243087475446e+01 -2.012404683334082733e+00 -6.687175959814935844e+00
-2.737838992161324470e+01 -2.019565278072806613e+00 -6.700517935976237460e+00
-3.248534564517319012e+01 -9.793399532919278005e-01 -6.110350664654401243e+00
-3.264648742922223335e+01 -1.181866647822788607e+00 -6.146901529157870137e+00
-3.281519315398435310e+01 -1.385455551894024584e+00 -6.205410423043026036e+00
-3.298637822593947533e+01 -1.570451689241107118e+00 -6.283012967370758872e+00
-3.315106266771110199e+01 -1.721275323679420266e+00 -6.371563688417961835e+00
-3.329795054284716116e+01 -1.832126566311042648e+00 -6.459411447148410979e+00
-3.341719208484292380e+01 -1.906460046262542507e+00 -6.535435679247005858e+00
-3.350373373508232788e+01 -1.952213777273336559e+00 -6.592693693961155788e+00
-3.355753645781961580e+01 -1.977424845043568524e+00 -6.629004612247116235e+00
-3.358217797787570191e+01 -1.988180837783112720e+00 -6.645812512947825823e+00
-3.874530116970353077e+01 -9.501809301488592929e-01 -6.106635886375028299e+00
-3.889620573136452464e+01 -1.140019787621363578e+00 -6.137673243058696215e+00
-3.905316670161319337e+01 -1.332533365711836559e+00 -6.187836654684958582e+00
-3.921169490217034337e+01 -1.510916954128923573e+00 -6.254950494009872131e+00
-3.308128927996571633e+01 -1.660807588813216551e+00 -6.332599179946792667e+00
-3.321907983140435761e+01 -1.775338982771440977e+00 -6.411339614038555901e+00
-3.333336790975310748e+01 -1.855618911146878824e+00 -6.481605797621574183e+00
-3.341910133156437723e+01 -1.907525820333708433e+00 -6.536680248967136286e+00
-3.347540807513740901e+01 -1.937956028994336499e+00 -6.573793698103655991e+00
-3.350457789555987631e+01 -1.952624597778506832e+00 -6.593259150444977124e+00
-3.871373647622252179e+01 -9.111085208895046694e-01 -6.102524634811014259e+00
-3.885663236958708922e+01 -1.090247356174815829e+00 -6.127865568904117488e+00
-3.900426073282026351e+01 -1.273780207997528224e+00 -6.170335624879506042e+00
-3.915283009078249421e+01 -1.447120250975684641e+00 -6.228274295369444324e+00
-3.301310715123030093e+01 -1.596830444351355238e+00 -6.296549216528926962e+00
-3.314372278593054943e+01 -1.715146090528271605e+00 -6.367372407481509455e+00
-3.325403690143090074e+01 -1.801280829988857635e+00 -6.432404545781771787e+00
-3.333905958588984220e+01 -1.859292574555837962e+00 -6.485205962148269165e+00
-3.339736120716555945e+01 -1.895011578300698440e+00 -6.522555714265858562e+00
-3.343031373119465854e+01 -1.913803031331496429e+00 -6.544020628629709790e+00
-3.867612971112619391e+01 -8.649695659881789789e-01 -6.098462286574442004e+00
-3.881270899815787345e+01 -1.034806046369614041e+00 -6.118382056995211649e+00
-3.895305305306067822e+01 -1.210967280941547486e+00 -6.153811871216309903e+00
-3.909405310685449564e+01 -1.380455934730032252e+00 -6.203672476673644631e+00
-3.923041261448870642e+01 -1.530529041161353465e+00 -6.263835139351183301e+00
-3.307234367738830372e+01 -1.652689740370282712e+00 -6.327751029575043873e+00
-3.317960274807919063e+01 -1.744542886654157021e+00 -6.388050785170828583e+00
-3.326417613098515602e+01 -1.808579099207316299e+00 -6.438595009778548039e+00
-3.332414620432339802e+01 -1.849615454058642916e+00 -6.475785602938213259e+00
-3.336031113549972815e+01 -1.872666604460872408e+00 -6.498698239180524361e+00
-3.549162960872018147e+01 8.130232125184786440e-01 -9.236872573088101390e+00
-3.562357944265595222e+01 9.751073752802106309e-01 -9.251408567383192505e+00
-3.575866666520105497e+01 1.145133957210168196e+00 -9.280337514345713856e+00
-3.589411432765122356e+01 1.311731701741416511e+00 -9.323009129253778227e+00
-3.602530272374401221e+01 1.462650325832253184e+00 -9.376061913067465170e+00
-2.986327386294864539e+01 1.588774535624027706e+00 -9.433931299165573492e+00
-2.996840488618139986e+01 1.686303606424078616e+00 -9.489984556982387076e+00
-3.005286017756092676e+01 1.756317440457191736e+00 -9.538338753243703394e+00
-3.011436304564826827e+01 1.802670046938120052e+00 -9.575165445373336581e+00
-3.015318370614680177e+01 1.829961437986026285e+00 -9.599032353596447464e+00
-2.916060976336367006e+01 7.566956625165381922e-01 -2.951859436455331664e+00
-2.928964413772247966e+01 9.119560858594473185e-01 -2.961030132104089052e+00
-2.942134566226265235e+01 1.076957292317268999e+00 -2.983862118116189066e+00
-2.955296494273114760e+01 1.241378341289595788e+00 -3.019950112246085894e+00
-2.968066763084044268e+01 1.393599748353847145e+00 -3.066687051207584780e+00
-2.979925881296741252e+01 1.523885957160979521e+00 -3.119195118485015961e+00
-2.362002039630169037e+01 1.627162982451094031e+00 -3.171449028765124023e+00
-2.370477773727433046e+01 1.703177376916161556e+00 -3.217751075735884481e+00
-2.376787049953415121e+01 1.754897782522171212e+00 -3.254093318134196888e+00
-2.380913050916917584e+01 1.786496795150546379e+00 -3.278634095321989239e+00
-2.596688248843113200e+01 -6.966948584770730202e-01 1.899363914476245030e-01
-2.609414568917834742e+01 -8.459263203842211087e-01 1.860134118968649886e-01
-2.622384458895034243e+01 -1.006526972986221846e+00 1.690744144944998917e-01
-2.635333344793723143e+01 -1.169440211052421352e+00 1.391344510966667225e-01
-2.647915918179389649e+01 -1.323458998961602129e+00 9.817957546108929678e-02
-2.659653290370197709e+01 -1.458259117664733706e+00 5.048477312688343793e-02
-2.670025710826658383e+01 -1.567510592528249314e+00 1.637415319160348461e-03
-2.678588116293995824e+01 -1.649692972394854129e+00 -4.279766593549553383e-02
-2.685072341740671220e+01 -1.706878914460152163e+00 -7.861669920826486191e-02
-2.689429420302011309e+01 -1.742840483349957781e+00 -1.036274912604155524e-01
-3.255907620278697578e+01 -1.072146329604938941e+00 1.585887066908377163e-01
-3.278626592189211664e+01 -1.351762881166561181e+00 8.916908466879157336e-02
-2.674043450060689153e+01 -1.607006971266448092e+00 -1.878248387617819856e-02
-2.696772478442359144e+01 -1.799016853627910528e+00 -1.473227921868039414e-01
-2.715776864709953387e+01 -1.919681913019112285e+00 -2.678349739703344001e-01
-2.729236846152982210e+01 -1.985329537665030841e+00 -3.580997609929835734e-01
-2.736986275499272026e+01 -2.016416833136329689e+00 -4.113917203175361803e-01
-2.739968464529343706e+01 -2.027167016735487159e+00 -4.321414285827913093e-01
-2.739410462060129348e+01 -2.025207958544226194e+00 -4.282511029361545374e-01
-2.736456261568992332e+01 -2.014461028104455931e+00 -4.077282237225124395e-01
-3.256291996541678202e+01 -1.077009282783061517e+00 1.577153500963651700e-01
-3.276719129025755706e+01 -1.329223157578845349e+00 9.638920894977609510e-02
-3.297713475263427085e+01 -1.561162427062709579e+00 4.771017186189044877e-03
-3.317733965361738058e+01 -1.742729803456570137e+00 -1.035495520997298524e-01
-3.334803566951850229e+01 -1.864990582126933250e+00 -2.077140727558330624e-01
-3.347477724054540005e+01 -1.937634604816709905e+00 -2.901843162571337009e-01
-3.355423514332244395e+01 -1.975944673407425967e+00 -3.435711529858498925e-01
-3.359197568462587924e+01 -1.992319619248303031e+00 -3.693317574817343574e-01
-3.359721510745089290e+01 -1.994498723777242244e+00 -3.729132398255788905e-01
-3.357911259078685617e+01 -1.986865307127204661e+00 -3.605253221180394485e-01
-3.883448327346746254e+01 -1.062397505144012877e+00 1.602500929227273219e-01
-3.901976536993442579e+01 -1.292594120334806584e+00 1.074540117148401752e-01
-3.920804775130233111e+01 -1.507056994610341816e+00 2.994323055963964142e-02
-3.310428370632259032e+01 -1.681296213481143775e+00 -6.203477069445634956e-02
-3.325993185982088107e+01 -1.805542316078347032e+00 -1.528135879801832686e-01
-3.338001187145656701e+01 -1.884715894016131266e+00 -2.281745798956993088e-01
-3.346053885614069401e+01 -1.930194133276584623e+00 -2.807344432150695734e-01
-3.350444404757800498e+01 -1.952561431040748419e+00 -3.099874660449917774e-01
-3.351836823745418315e+01 -1.959305332362748953e+00 -3.193323331365459650e-01
-3.350984991348666853e+01 -1.955198884787038294e+00 -3.136052368136987289e-01
-3.881263047463912130e+01 -1.034819376772114774e+00 1.647930659080859839e-01
-3.898263297973550578e+01 -1.247386979866608625e+00 1.200404934362615944e-01
-3.915412605161837689e+01 -1.448558896653220351e+00 5.434399939032511645e-02
-3.303451125155812917e+01 -1.617430247113057717e+00 -2.445141056195016330e-02
-3.317847860134696703e+01 -1.743641158546096692e+00 -1.042103595327476956e-01
-3.329307717767837005e+01 -1.828805287878763508e+00 -1.732105712439795941e-01
-3.337392558619875871e+01 -1.881036670430181301e+00 -2.242506563986788604e-01
-3.342239737904520780e+01 -1.909382169313683875e+00 -2.556623161118949938e-01
-3.344320174106552912e+01 -1.920886503477788221e+00 -2.692951604234589125e-01
-3.344235024250638588e+01 -1.920443991906480408e+00 -2.687537807165266135e-01
-3.878377413322593270e+01 -9.984087512272153964e-01 1.703113006195119405e-01
-3.894173818261640463e+01 -1.196909855072881612e+00 1.327681037216254800e-01
-3.910044157888163596e+01 -1.387834158342423851e+00 7.694093450340123985e-02
-3.925203028219134183e+01 -1.552759365240781619e+00 8.858403959357406821e-03
-3.938705505571002163e+01 -1.680932283786068737e+00 -6.180607382139289424e-02
-3.949721028238217002e+01 -1.771488585486856948e+00 -1.251453558751511874e-01
-3.957809048867115109e+01 -1.830059366886580108e+00 -1.743295136667919187e-01
-3.962989354831930200e+01 -1.864148303529779449e+00 -2.068651370714555682e-01
-3.965614061870017792e+01 -1.880442532562687896e+00 -2.236102418188377350e-01
-3.966158107078875616e+01 -1.883740608089820912e+00 -2.271212919020010323e-01
-4.503261372330163681e+01 -9.554614303760374794e-01 1.758303111567459942e-01
-4.518170896817892412e+01 -1.142921961162839395e+00 1.448990632561438507e-01
-4.533083878938044364e+01 -1.325983040395171120e+00 9.740119744982696226e-02
-4.547352516937648659e+01 -1.488137542026162441e+00 3.813791927208937116e-02
-3.931867652480848818e+01 -1.618362642117639139e+00 -2.496447336401883335e-02
-3.942542529239344162e+01 -1.713905936509878103e+00 -8.334148470172825229e-02
-3.950626850407813606e+01 -1.778374332403871882e+00 -1.305468762397809512e-01
-3.956067148203593575e+01 -1.817994904145094459e+00 -1.635640539840782504e-01
-3.959107661363203334e+01 -1.838841245606978703e+00 -1.824184532534790515e-01
-3.960161248559493430e+01 -1.845859315968168879e+00 -1.890140676300743061e-01
-4.185269142527887709e+01 9.078166277048325128e-01 -2.960598460585048830e+00
-4.199517002538638621e+01 1.086397957379692025e+00 -2.985565313322696479e+00
-4.213739374112674341e+01 1.263477880995975910e+00 -3.025877425459457370e+00
-4.227366918275522778e+01 1.423906997059189328e+00 -3.077755956068489507e+00
-4.239723071341977345e+01 1.556424758892293259e+00 -3.134508902878731629e+00
-4.250159586462031314e+01 1.656761739163708169e+00 -3.188578758365407051e+00
-4.258256545725404152e+01 1.726831737204291617e+00 -3.233826025216570255e+00
-4.263909903630515430e+01 1.771712905734546650e+00 -3.266913170528588317e+00
-4.267295384509754541e+01 1.797019664979714104e+00 -3.287251023489663915e+00
-4.268748650111832177e+01 1.807520655381927188e+00 -3.296095943734748790e+00
-4.809403682567315030e+01 8.563233740531185356e-01 -2.956189547444719956e+00
-4.823177518479357673e+01 1.027691076468469467e+00 -2.975661856306188735e+00
-4.836927669261546470e+01 1.200329709762307351e+00 -3.009638926989134156e+00
-4.850128889946910959e+01 1.360039546908428543e+00 -3.055153608011694999e+00
-4.862175330655999517e+01 1.495260331818315747e+00 -3.106504734673901424e+00
-4.244157151246665194e+01 1.600411782548912143e+00 -3.156850757246472128e+00
-4.252299607174218465e+01 1.675946692671938854e+00 -3.200278481576995127e+00
-4.258148366827420972e+01 1.725941555190813936e+00 -3.233203621146579998e+00
-4.261821699248017126e+01 1.755519693981455243e+00 -3.254557398314339434e+00
-4.263610365494945142e+01 1.769419027633189367e+00 -3.265126767755475168e+00
-4.490632824284996616e+01 -8.009437649456446762e-01 1.884506107804361508e-01
-4.504174517727540916e+01 -9.668254455519905699e-01 1.744222160841864544e-01
-4.517645031664751798e+01 -1.136321287063116081e+00 1.462787596615510721e-01
-4.530603491646489545e+01 -1.296282147003980700e+00 1.063806206014706879e-01
-4.542493345046342057e+01 -1.434769314230043058e+00 5.970933586120393682e-02
-4.552759586956880611e+01 -1.544975557085455531e+00 1.258439909046011121e-02
-3.932677213016853557e+01 -1.626023321359729490e+00 -2.921765524203571648e-02
-3.938719607305906578e+01 -1.681056186382982265e+00 -6.188407751511367655e-02
-3.942649785768148263e+01 -1.714807298787624834e+00 -8.395079238181843428e-02
-3.944718523288899092e+01 -1.731926620952221940e+00 -9.581091751165951576e-02
-3.857332201421466777e+01 -7.424619163893545482e-01 1.900218138082590269e-01
-3.870759834239758135e+01 -9.035569939223688785e-01 1.813334426607282612e-01
-3.884146712019068559e+01 -1.071080263098471486e+00 1.587701046080188250e-01
-3.897029141177028322e+01 -1.232216208311999850e+00 1.240218236636616012e-01
-3.908904808194814962e+01 -1.374662245251220494e+00 8.150399532289767657e-02
-3.919243116348948064e+01 -1.490386509164731699e+00 3.717961037335206637e-02
-3.299314013498602094e+01 -1.577192813231829804e+00 -3.218835967815984658e-03
-3.305568376439126155e+01 -1.637343624375643625e+00 -3.562833790001863898e-02
-3.309738642913757900e+01 -1.675208003517715261e+00 -5.822524761757820466e-02
-3.312049817245260641e+01 -1.695411958497873073e+00 -7.106622239853713219e-02
