1.476851367950439453e+01
5.468325853347778320e+00
5.455796718597412109e+00
5.396327495574951172e+00
8.561421871185302734e+00
1.091654062271118164e+01
1.159022259712219238e+01
5.646934938430786133e+01
1.011041831970214844e+01
1.018758940696716309e+01
1.707771039009094238e+01
5.368911266326904297e+00
6.326394081115722656e+00
8.182212829589843750e+00
9.865096569061279297e+00
1.305515360832214355e+01
1.407661161422729492e+02
1.704799985885620117e+01
1.056004548072814941e+01
8.156780719757080078e+00
3.388658356666564941e+01
5.701019048690795898e+00
6.438744068145751953e+00
8.928099870681762695e+00
1.051592016220092773e+01
2.567426991462707520e+01
3.803477716445922852e+01
1.065368270874023438e+01
9.924849271774291992e+00
8.955405950546264648e+00
3.148367810249328613e+01
5.722518920898437500e+00
8.120713710784912109e+00
9.774747848510742188e+00
1.288392829895019531e+01
1.236222732067108154e+02
1.697782015800476074e+01
1.045701837539672852e+01
8.067649364471435547e+00
8.041541337966918945e+00
2.348973441123962402e+01
6.574489355087280273e+00
8.194579362869262695e+00
9.639846324920654297e+00
1.685758376121520996e+01
4.779947757720947266e+01
1.136805963516235352e+01
1.057490611076354980e+01
9.021256446838378906e+00
7.339035511016845703e+00
2.869221568107604980e+01
6.460518121719360352e+00
8.103388547897338867e+00
1.051526665687561035e+01
2.991439723968505859e+01
4.423117351531982422e+01
9.157429695129394531e+00
8.043962717056274414e+00
8.870796918869018555e+00
7.380125522613525391e+00
2.826305985450744629e+01
7.193447113037109375e+00
8.097099065780639648e+00
1.134164524078369141e+01
1.770807027816772461e+01
4.704519104957580566e+01
1.047699809074401855e+01
8.897024869918823242e+00
8.889659404754638672e+00
7.216870784759521484e+00
2.421619224548339844e+01
6.513450860977172852e+00
8.050810575485229492e+00
9.721866846084594727e+00
1.407330083847045898e+01
6.039164757728576660e+01
1.126171684265136719e+01
1.045768260955810547e+01
8.052820205688476562e+00
8.243948698043823242e+00
2.597511577606201172e+01
5.679915189743041992e+00
8.164068937301635742e+00
1.062694263458251953e+01
1.210571789741516113e+01
3.224374032020568848e+01
3.064257812500000000e+01
9.588918924331665039e+00
9.673807144165039062e+00
8.033459186553955078e+00
2.462944626808166504e+01
5.665678739547729492e+00
5.646452426910400391e+00
8.878029584884643555e+00
9.652290582656860352e+00
1.219695711135864258e+01
6.331807947158813477e+01
1.778479957580566406e+01
1.061897802352905273e+01
8.199963569641113281e+00
2.100335001945495605e+01
5.702883005142211914e+00
5.643997192382812500e+00
6.502700328826904297e+00
9.781624317169189453e+00
1.211555385589599609e+01
3.925525236129760742e+01
2.585172700881958008e+01
9.767191171646118164e+00
9.831301927566528320e+00
2.122290992736816406e+01
5.705593347549438477e+00
5.716844558715820312e+00
8.071647167205810547e+00
1.052457880973815918e+01
1.538200402259826660e+01
4.749964570999145508e+01
1.065927028656005859e+01
9.028474569320678711e+00
8.855066061019897461e+00
2.348276019096374512e+01
6.514714717864990234e+00
8.095830202102661133e+00
9.774280548095703125e+00
1.296102094650268555e+01
1.076289160251617432e+02
2.232900810241699219e+01
1.142877912521362305e+01
8.159046888351440430e+00
8.174030065536499023e+00
2.676841211318969727e+01
6.494592666625976562e+00
8.234722137451171875e+00
9.853979349136352539e+00
1.287318658828735352e+01
5.247776389122009277e+01
9.737292766571044922e+00
1.052697801589965820e+01
9.067112922668457031e+00
7.378766059875488281e+00
2.673791623115539551e+01
7.247806787490844727e+00
8.114482164382934570e+00
9.750241041183471680e+00
2.028504395484924316e+01
4.467045497894287109e+01
8.928840637207031250e+00
8.077945470809936523e+00
8.782857418060302734e+00
7.229164600372314453e+00
2.896198248863220215e+01
6.474513530731201172e+00
8.053903341293334961e+00
1.060780692100524902e+01
1.800466895103454590e+01
4.545498681068420410e+01
8.891077041625976562e+00
8.067377805709838867e+00
8.919575452804565430e+00
7.239459514617919922e+00
2.580657291412353516e+01
6.390202522277832031e+00
8.049726247787475586e+00
9.615265369415283203e+00
1.610470390319824219e+01
5.086882901191711426e+01
1.127559971809387207e+01
1.049261116981506348e+01
8.066409826278686523e+00
7.231241703033447266e+00
2.383866333961486816e+01
5.628674745559692383e+00
8.063754558563232422e+00
1.052958083152770996e+01
1.132839584350585938e+01
1.207626333236694336e+02
2.501264953613281250e+01
1.225109219551086426e+01
8.114017486572265625e+00
8.150355339050292969e+00
2.583124136924743652e+01
5.723355054855346680e+00
6.412803411483764648e+00
8.059107303619384766e+00
1.213994359970092773e+01
1.788116312026977539e+01
4.971570181846618652e+01
1.044728040695190430e+01
9.705756425857543945e+00
8.228011608123779297e+00
2.838016057014465332e+01
5.607533693313598633e+00
6.496688127517700195e+00
8.134509086608886719e+00
8.926424026489257812e+00
1.214987826347351074e+01
5.483188986778259277e+01
2.864324569702148438e+01
1.051847505569458008e+01
8.120644330978393555e+00
2.452567267417907715e+01
5.617207765579223633e+00
6.850593328475952148e+00
8.093872308731079102e+00
1.039893984794616699e+01
1.529992485046386719e+01
5.742122435569763184e+01
1.069313764572143555e+01
9.796205759048461914e+00
8.927756786346435547e+00
2.594161605834960938e+01
5.589335680007934570e+00
6.398080587387084961e+00
9.700213909149169922e+00
1.375482845306396484e+01
3.447667646408081055e+01
2.343235349655151367e+01
9.716405153274536133e+00
8.070652246475219727e+00
8.083004713058471680e+00
2.424485373497009277e+01
6.588027238845825195e+00
8.067911624908447266e+00
1.045400166511535645e+01
1.479664421081542969e+01
5.743669438362121582e+01
9.657923698425292969e+00
1.054226064682006836e+01
8.899671077728271484e+00
7.281428098678588867e+00
2.432666230201721191e+01
6.541984319686889648e+00
8.354052782058715820e+00
9.648417234420776367e+00
1.696269512176513672e+01
4.042756295204162598e+01
1.128378939628601074e+01
8.860827207565307617e+00
8.980968713760375977e+00
7.306510686874389648e+00
3.058422756195068359e+01
6.533636093139648438e+00
8.087257623672485352e+00
1.045214343070983887e+01
1.623152470588684082e+01
5.665321564674377441e+01
1.163620448112487793e+01
9.728920698165893555e+00
8.106418371200561523e+00
7.441766023635864258e+00
2.747484159469604492e+01
6.526352405548095703e+00
8.185184478759765625e+00
1.065251183509826660e+01
1.679795718193054199e+01
4.578740429878234863e+01
9.766629219055175781e+00
8.133565902709960938e+00
8.832123517990112305e+00
7.230653285980224609e+00
2.432187175750732422e+01
5.655038356781005859e+00
9.123783588409423828e+00
9.866973161697387695e+00
1.217173361778259277e+01
6.914656710624694824e+01
1.058269333839416504e+01
1.130411672592163086e+01
8.117840766906738281e+00
8.189544677734375000e+00
2.769220876693725586e+01
5.704052686691284180e+00
7.314749479293823242e+00
1.063570165634155273e+01
1.221225666999816895e+01
6.320237970352172852e+01
3.140566444396972656e+01
9.747335195541381836e+00
9.755919694900512695e+00
8.203210592269897461e+00
2.831075167655944824e+01
5.700365066528320312e+00
5.861363172531127930e+00
8.153659343719482422e+00
1.055769157409667969e+01
1.296791815757751465e+01
5.990217304229736328e+01
9.777526140213012695e+00
1.067080235481262207e+01
8.256642103195190430e+00
2.280451369285583496e+01
5.699289798736572266e+00
5.696690082550048828e+00
7.249408245086669922e+00
8.910125494003295898e+00
1.056213068962097168e+01
2.099505424499511719e+01
4.166050004959106445e+01
1.050293612480163574e+01
8.082793951034545898e+00
2.097810530662536621e+01
5.689662218093872070e+00
6.530476093292236328e+00
8.957623243331909180e+00
1.042785143852233887e+01
4.416515445709228516e+01
2.337701225280761719e+01
9.766685009002685547e+00
8.979931354522705078e+00
7.260153532028198242e+00
2.659263682365417480e+01
6.474566221237182617e+00
7.297011137008666992e+00
1.056111431121826172e+01
1.376033854484558105e+01
5.346512937545776367e+01
1.703292822837829590e+01
9.608289718627929688e+00
9.193670272827148438e+00
7.271344900131225586e+00
2.519673395156860352e+01
6.440172195434570312e+00
8.896155834197998047e+00
1.060343956947326660e+01
1.631789159774780273e+01
4.289008402824401855e+01
1.051587080955505371e+01
9.646859407424926758e+00
8.426127910614013672e+00
8.100011110305786133e+00
2.654299736022949219e+01
6.605860233306884766e+00
8.996151447296142578e+00
1.047253084182739258e+01
4.904450225830078125e+01
2.344298934936523438e+01
1.072304606437683105e+01
9.842570304870605469e+00
8.062928915023803711e+00
8.098299741744995117e+00
2.507840013504028320e+01
6.377361774444580078e+00
8.038203239440917969e+00
1.049643683433532715e+01
4.753619432449340820e+01
2.612956142425537109e+01
9.757246017456054688e+00
9.753042936325073242e+00
8.147873163223266602e+00
7.337221384048461914e+00
2.512098026275634766e+01
5.649964809417724609e+00
8.107054471969604492e+00
1.310897421836853027e+01
1.703542447090148926e+01
4.207678890228271484e+01
1.063956284523010254e+01
8.380921602249145508e+00
8.919191837310791016e+00
7.292956590652465820e+00
2.542293071746826172e+01
6.415523767471313477e+00
8.111988782882690430e+00
9.718826293945312500e+00
1.223513269424438477e+01
7.696930360794067383e+01
1.868471622467041016e+01
1.063825178146362305e+01
8.130359172821044922e+00
8.046386003494262695e+00
2.354992461204528809e+01
5.605507850646972656e+00
6.586766481399536133e+00
8.960282802581787109e+00
1.082003641128540039e+01
3.864259696006774902e+01
5.919089078903198242e+01
1.071435546875000000e+01
9.696673870086669922e+00
9.053777217864990234e+00
2.908378982543945312e+01
5.599047899246215820e+00
6.525457143783569336e+00
8.112518548965454102e+00
9.852535009384155273e+00
1.311610412597656250e+01
1.192952039241790771e+02
1.853220176696777344e+01
1.065488457679748535e+01
8.183259725570678711e+00
2.978906106948852539e+01
6.099833488464355469e+00
5.738147974014282227e+00
6.559358835220336914e+00
8.177077531814575195e+00
9.683944463729858398e+00
1.543248414993286133e+01
5.026456928253173828e+01
1.125410604476928711e+01
1.048819518089294434e+01
1.367636156082153320e+01
6.468942403793334961e+00
7.240804195404052734e+00
1.048086023330688477e+01
1.372937440872192383e+01
5.576908707618713379e+01
1.614617729187011719e+01
8.194270372390747070e+00
8.210921525955200195e+00
7.437180519104003906e+00
2.589564561843872070e+01
6.432396888732910156e+00
8.116725444793701172e+00
1.207735991477966309e+01
1.536415958404541016e+01
5.672120809555053711e+01
9.734216690063476562e+00
9.263391256332397461e+00
7.373520851135253906e+00
7.371274948120117188e+00
2.521507453918457031e+01
6.393570184707641602e+00
8.923813343048095703e+00
1.139776492118835449e+01
5.499322915077209473e+01
2.442794656753540039e+01
1.130505537986755371e+01
8.888898372650146484e+00
7.396872043609619141e+00
6.503613471984863281e+00
2.451259374618530273e+01
5.699644327163696289e+00
9.618160724639892578e+00
1.042581415176391602e+01
6.696038913726806641e+01
2.600035023689270020e+01
1.138280367851257324e+01
8.904749393463134766e+00
7.260212182998657227e+00
7.346359491348266602e+00
2.657175874710083008e+01
5.685654878616333008e+00
8.895413160324096680e+00
1.048826694488525391e+01
2.985033488273620605e+01
2.592768096923828125e+01
1.047569513320922852e+01
9.760823249816894531e+00
8.174621820449829102e+00
7.196726322174072266e+00
2.505255317687988281e+01
6.569242954254150391e+00
8.950538158416748047e+00
1.132400870323181152e+01
1.457998228073120117e+01
4.346642541885375977e+01
1.053892350196838379e+01
8.963692903518676758e+00
8.888756036758422852e+00
7.275371074676513672e+00
2.442773103713989258e+01
6.554908037185668945e+00
8.093654394149780273e+00
9.642952203750610352e+00
1.238868093490600586e+01
8.602653050422668457e+01
1.617721605300903320e+01
1.061693906784057617e+01
8.456598281860351562e+00
8.077600955963134766e+00
2.787937974929809570e+01
5.685930728912353516e+00
6.515958547592163086e+00
8.874105453491210938e+00
9.798361539840698242e+00
1.781951427459716797e+01
4.061690330505371094e+01
1.082389616966247559e+01
8.910402059555053711e+00
8.113464117050170898e+00
2.436562800407409668e+01
5.725769042968750000e+00
6.497895240783691406e+00
8.062000751495361328e+00
8.903368473052978516e+00
1.293676209449768066e+01
1.195555884838104248e+02
2.249072337150573730e+01
9.718154191970825195e+00
8.231146335601806641e+00
1.943314170837402344e+01
5.710963010787963867e+00
5.724875688552856445e+00
6.477004289627075195e+00
8.819722890853881836e+00
1.167904567718505859e+01
1.309563136100769043e+01
6.081351828575134277e+01
1.139388418197631836e+01
1.048288416862487793e+01
2.096601438522338867e+01
6.502187013626098633e+00
8.179260969161987305e+00
1.216730833053588867e+01
3.788515949249267578e+01
2.987764143943786621e+01
1.048024749755859375e+01
8.087126493453979492e+00
7.278690814971923828e+00
5.709960222244262695e+00
2.361976027488708496e+01
6.593984365463256836e+00
9.005309820175170898e+00
1.137826704978942871e+01
9.486788129806518555e+01
1.529266643524169922e+01
9.601486206054687500e+00
8.093555212020874023e+00
7.305665969848632812e+00
5.571191072463989258e+00
2.831027436256408691e+01
6.468961000442504883e+00
8.980280160903930664e+00
1.303790664672851562e+01
7.332517123222351074e+01
1.627571702003479004e+01
9.794473409652709961e+00
8.090435266494750977e+00
8.880888223648071289e+00
5.734293460845947266e+00
2.991127228736877441e+01
6.545459032058715820e+00
9.037439584732055664e+00
1.460284185409545898e+01
8.910207033157348633e+01
1.638121938705444336e+01
1.168078303337097168e+01
8.603406667709350586e+00
7.021853446960449219e+00
6.198763847351074219e+00
2.374936461448669434e+01
6.178020715713500977e+00
8.614070415496826172e+00
1.018129086494445801e+01
3.581859827041625977e+01
2.354437923431396484e+01
1.151158428192138672e+01
8.975242853164672852e+00
7.255937099456787109e+00
7.271596908569335938e+00
2.103741574287414551e+01
6.468302726745605469e+00
8.117596864700317383e+00
1.136216878890991211e+01
1.621893787384033203e+01
3.960096669197082520e+01
1.066172909736633301e+01
9.732113122940063477e+00
8.056555986404418945e+00
7.352423906326293945e+00
2.195914721488952637e+01
6.455314397811889648e+00
7.265561342239379883e+00
9.628409624099731445e+00
1.219775223731994629e+01
8.047197031974792480e+01
1.536060404777526855e+01
1.050481128692626953e+01
8.033739805221557617e+00
8.177792787551879883e+00
3.099575710296630859e+01
5.735822439193725586e+00
6.381642341613769531e+00
8.940725564956665039e+00
9.794858932495117188e+00
1.634543228149414062e+01
4.189530801773071289e+01
1.040740299224853516e+01
8.910151481628417969e+00
7.298356533050537109e+00
2.139602732658386230e+01
5.713458061218261719e+00
6.446264028549194336e+00
7.289525985717773438e+00
1.050042796134948730e+01
1.383114528656005859e+01
1.462929439544677734e+02
2.442071747779846191e+01
9.738019466400146484e+00
8.059964179992675781e+00
2.748839259147644043e+01
6.456573963165283203e+00
5.702924251556396484e+00
6.599488019943237305e+00
8.939799308776855469e+00
1.135438823699951172e+01
1.294456553459167480e+01
6.178442788124084473e+01
1.174019551277160645e+01
1.059019136428833008e+01
2.593993639945983887e+01
7.386594533920288086e+00
1.058961176872253418e+01
1.482900094985961914e+01
5.016234087944030762e+01
1.320766091346740723e+01
9.113785743713378906e+00
7.347151994705200195e+00
5.693275451660156250e+00
4.925747156143188477e+00
2.629458975791931152e+01
7.332152128219604492e+00
9.864877223968505859e+00
1.417297887802124023e+01
3.753006124496459961e+01
1.100427842140197754e+01
8.887774944305419922e+00
7.264722347259521484e+00
6.561364173889160156e+00
4.920757532119750977e+00
2.274733972549438477e+01
6.518506526947021484e+00
9.806820392608642578e+00
1.460041642189025879e+01
4.053847384452819824e+01
1.052286505699157715e+01
8.931234598159790039e+00
7.256176710128784180e+00
6.440158605575561523e+00
5.700586080551147461e+00
2.930853509902954102e+01
6.550328254699707031e+00
8.964152336120605469e+00
1.373184323310852051e+01
5.515571808815002441e+01
1.786095595359802246e+01
8.948100328445434570e+00
8.148048162460327148e+00
8.082939386367797852e+00
5.730510473251342773e+00
2.277980709075927734e+01
6.586756944656372070e+00
8.886734247207641602e+00
1.130049014091491699e+01
9.521014857292175293e+01
2.269640398025512695e+01
1.062389039993286133e+01
8.913748502731323242e+00
7.422409057617187500e+00
6.634745836257934570e+00
2.720652270317077637e+01
6.542922258377075195e+00
8.987224102020263672e+00
1.052739548683166504e+01
1.785193252563476562e+01
5.968328237533569336e+01
9.770542383193969727e+00
8.065412759780883789e+00
8.155836820602416992e+00
6.564762830734252930e+00
2.352058267593383789e+01
6.564787387847900391e+00
7.286178588867187500e+00
1.045900940895080566e+01
1.291698098182678223e+01
6.216839170455932617e+01
1.798881387710571289e+01
1.130446553230285645e+01
7.279969930648803711e+00
7.304080486297607422e+00
2.921110868453979492e+01
5.691033124923706055e+00
6.503071546554565430e+00
8.929875612258911133e+00
1.064883661270141602e+01
5.779626488685607910e+01
6.173660802841186523e+01
1.055471467971801758e+01
9.630430936813354492e+00
7.254989862442016602e+00
2.275280809402465820e+01
5.722004413604736328e+00
6.463415861129760742e+00
7.237691402435302734e+00
9.673222303390502930e+00
1.211073231697082520e+01
9.896478223800659180e+01
1.875133275985717773e+01
1.065148973464965820e+01
7.291980743408203125e+00
2.262151670455932617e+01
6.508630275726318359e+00
5.655926942825317383e+00
6.524983406066894531e+00
8.934949398040771484e+00
9.634832382202148438e+00
1.531275725364685059e+01
4.708141469955444336e+01
1.126210117340087891e+01
1.059768271446228027e+01
1.460400915145874023e+01
7.380398511886596680e+00
1.054818511009216309e+01
1.833116559982299805e+02
1.944834184646606445e+01
8.267348289489746094e+00
7.274930238723754883e+00
6.397953033447265625e+00
4.910408496856689453e+00
4.038579463958740234e+00
2.591954636573791504e+01
7.332949161529541016e+00
9.778007507324218750e+00
1.459241559505462646e+02
2.017045712471008301e+01
9.643095731735229492e+00
7.305054187774658203e+00
7.252404689788818359e+00
5.691787004470825195e+00
4.911190986633300781e+00
3.043457078933715820e+01
7.266833782196044922e+00
1.125092458724975586e+01
4.736406850814819336e+01
3.158136844635009766e+01
9.762419223785400391e+00
8.099231243133544922e+00
7.310913801193237305e+00
5.721158981323242188e+00
4.842538595199584961e+00
2.587767863273620605e+01
6.131757974624633789e+00
1.154737210273742676e+01
1.550406789779663086e+01
4.438323879241943359e+01
1.015349626541137695e+01
9.039095640182495117e+00
7.545738935470581055e+00
7.446735620498657227e+00
5.614022016525268555e+00
2.329280066490173340e+01
6.540951967239379883e+00
9.700050592422485352e+00
1.464265608787536621e+01
4.937433552742004395e+01
1.710261154174804688e+01
9.026864290237426758e+00
8.885087251663208008e+00
7.280812025070190430e+00
5.716504335403442383e+00
2.753736877441406250e+01
6.513972997665405273e+00
8.834821224212646484e+00
1.057490611076354980e+01
3.962462973594665527e+01
2.526245951652526855e+01
1.056560683250427246e+01
8.057353734970092773e+00
8.073436021804809570e+00
5.760024785995483398e+00
2.955794882774353027e+01
6.523028612136840820e+00
8.082763910293579102e+00
1.134388041496276855e+01
1.383516907691955566e+01
5.119054198265075684e+01
8.082763433456420898e+00
1.056718111038208008e+01
7.283867359161376953e+00
6.413641691207885742e+00
2.997279715538024902e+01
6.536753654479980469e+00
6.455978631973266602e+00
1.047503685951232910e+01
1.304561281204223633e+01
3.587301492691040039e+01
3.332594132423400879e+01
8.921816110610961914e+00
8.140956163406372070e+00
7.353737115859985352e+00
3.405027651786804199e+01
5.794877529144287109e+00
6.586158752441406250e+00
8.132519483566284180e+00
1.131438565254211426e+01
1.303762316703796387e+01
6.573340153694152832e+01
1.122548365592956543e+01
1.088124036788940430e+01
8.061476945877075195e+00
2.429771089553833008e+01
6.558259248733520508e+00
6.558633565902709961e+00
6.608433485031127930e+00
9.798247575759887695e+00
1.131802201271057129e+01
2.523885869979858398e+01
5.508156442642211914e+01
1.087637853622436523e+01
1.060360527038574219e+01
2.622703933715820312e+01
9.689840078353881836e+00
1.298573970794677734e+01
4.235348248481750488e+01
1.064538264274597168e+01
8.140270471572875977e+00
7.297507524490356445e+00
5.583933591842651367e+00
4.881468534469604492e+00
4.179228782653808594e+00
2.754009079933166504e+01
1.056453824043273926e+01
1.221000242233276367e+01
4.222583889961242676e+01
1.142277622222900391e+01
8.920638322830200195e+00
7.343523263931274414e+00
5.697151899337768555e+00
4.904321193695068359e+00
4.882512092590332031e+00
2.834041357040405273e+01
9.707295656204223633e+00
1.045211338996887207e+01
5.246676373481750488e+01
1.470122623443603516e+01
8.902409315109252930e+00
8.078168869018554688e+00
7.267827272415161133e+00
5.650472879409790039e+00
4.899590969085693359e+00
2.506131243705749512e+01
7.246250629425048828e+00
1.057442474365234375e+01
6.339828085899353027e+01
2.673476886749267578e+01
1.053793144226074219e+01
8.070073366165161133e+00
7.325366020202636719e+00
6.591034412384033203e+00
5.631779909133911133e+00
2.525871777534484863e+01
7.366100072860717773e+00
1.215187501907348633e+01
1.559440279006958008e+01
4.516215252876281738e+01
1.047042012214660645e+01
8.123978376388549805e+00
7.268172740936279297e+00
6.417190074920654297e+00
6.520531892776489258e+00
2.663000249862670898e+01
7.234305858612060547e+00
8.936545610427856445e+00
1.295872640609741211e+01
7.377327489852905273e+01
1.782725310325622559e+01
1.055082011222839355e+01
7.267494916915893555e+00
6.450154542922973633e+00
6.439625263214111328e+00
2.281144332885742188e+01
6.569813251495361328e+00
8.086853981018066406e+00
1.053113532066345215e+01
1.533396887779235840e+01
4.467158269882202148e+01
1.053568077087402344e+01
8.927380084991455078e+00
8.436655521392822266e+00
6.450319290161132812e+00
2.343760371208190918e+01
6.525337219238281250e+00
6.554985523223876953e+00
1.059703588485717773e+01
1.222375917434692383e+01
8.982716321945190430e+01
1.824721002578735352e+01
1.047488403320312500e+01
8.980739593505859375e+00
7.288168191909790039e+00
3.320165443420410156e+01
5.720353126525878906e+00
6.445069313049316406e+00
8.908509254455566406e+00
9.738401651382446289e+00
1.632302689552307129e+01
4.858457088470458984e+01
1.137738394737243652e+01
1.053322005271911621e+01
8.941720485687255859e+00
2.264765381813049316e+01
6.452895879745483398e+00
6.424606800079345703e+00
7.270110130310058594e+00
1.060579323768615723e+01
1.295372247695922852e+01
4.528960990905761719e+01
2.987830066680908203e+01
9.782347202301025391e+00
1.047099184989929199e+01
3.302946114540100098e+01
1.066143918037414551e+01
6.392913007736206055e+01
1.306012797355651855e+01
8.791440248489379883e+00
7.322913646697998047e+00
5.700290679931640625e+00
4.910788536071777344e+00
4.880604505538940430e+00
4.889769315719604492e+00
3.156450057029724121e+01
1.056712293624877930e+01
7.701542639732360840e+01
2.273024773597717285e+01
9.784961223602294922e+00
8.166539669036865234e+00
6.456955194473266602e+00
5.694889783859252930e+00
4.876394271850585938e+00
4.865684986114501953e+00
2.516696810722351074e+01
9.813779830932617188e+00
1.694098091125488281e+01
3.814888238906860352e+01
9.812382459640502930e+00
8.139934539794921875e+00
7.305619478225708008e+00
6.413052797317504883e+00
6.531989574432373047e+00
5.681594133377075195e+00
2.604531502723693848e+01
1.058388543128967285e+01
1.133455634117126465e+01
5.896849155426025391e+01
1.703978157043457031e+01
9.632434844970703125e+00
7.270465373992919922e+00
6.435723304748535156e+00
6.469451665878295898e+00
5.605910062789916992e+00
2.350092887878417969e+01
8.987195730209350586e+00
1.062407231330871582e+01
7.121820998191833496e+01
2.090555310249328613e+01
1.074594616889953613e+01
7.373312950134277344e+00
7.264311790466308594e+00
6.552554368972778320e+00
6.596889734268188477e+00
2.523276853561401367e+01
7.262450695037841797e+00
1.140307283401489258e+01
1.455046796798706055e+01
5.566574406623840332e+01
1.135233402252197266e+01
1.051551961898803711e+01
8.169962167739868164e+00
7.249325275421142578e+00
6.416624069213867188e+00
2.437933397293090820e+01
7.417471170425415039e+00
8.914334297180175781e+00
1.045397233963012695e+01
6.026847720146179199e+01
2.604116940498352051e+01
9.723381042480468750e+00
8.123660564422607422e+00
8.385336160659790039e+00
6.651713848114013672e+00
2.922800207138061523e+01
7.346962213516235352e+00
8.970614194869995117e+00
1.137763953208923340e+01
1.376408886909484863e+01
7.118112683296203613e+01
1.299123811721801758e+01
1.060812473297119141e+01
8.925102710723876953e+00
7.303186178207397461e+00
2.420390963554382324e+01
6.473220825195312500e+00
7.281200170516967773e+00
9.708209276199340820e+00
1.295278453826904297e+01
2.439022827148437500e+01
5.919781613349914551e+01
1.377456498146057129e+01
1.057708668708801270e+01
8.125389814376831055e+00
1.829165530204772949e+01
5.705476522445678711e+00
6.454036235809326172e+00
9.021258831024169922e+00
9.850078821182250977e+00
1.299518680572509766e+01
1.215253567695617676e+02
2.848309969902038574e+01
1.220341825485229492e+01
1.054605937004089355e+01
