6.924104213714599609e+00
6.617749452590942383e+00
7.030688047409057617e+00
6.744314670562744141e+00
6.962061643600463867e+00
6.962604761123657227e+00
6.641277551651000977e+00
6.956140279769897461e+00
6.861958742141723633e+00
6.821777105331420898e+00
7.352015256881713867e+00
6.929931402206420898e+00
6.746636390686035156e+00
8.027280569076538086e+00
7.899623870849609375e+00
7.222701072692871094e+00
7.318245172500610352e+00
7.680230855941772461e+00
7.128471136093139648e+00
7.574026823043823242e+00
7.069489479064941406e+00
7.319294452667236328e+00
7.401645183563232422e+00
7.331027984619140625e+00
7.168950319290161133e+00
7.238003492355346680e+00
7.447801828384399414e+00
7.317129850387573242e+00
7.771181344985961914e+00
8.139937162399291992e+00
7.351963281631469727e+00
7.475924968719482422e+00
7.280377388000488281e+00
7.410478830337524414e+00
7.348341941833496094e+00
7.397885799407958984e+00
7.066951751708984375e+00
7.340142250061035156e+00
7.271679639816284180e+00
7.283215522766113281e+00
7.365957260131835938e+00
7.452157258987426758e+00
7.613672256469726562e+00
8.250568628311157227e+00
7.188041687011718750e+00
7.607171535491943359e+00
7.395419120788574219e+00
7.188344240188598633e+00
7.538908243179321289e+00
8.104262113571166992e+00
7.974591016769409180e+00
7.667894124984741211e+00
7.581975698471069336e+00
7.213482379913330078e+00
7.450006008148193359e+00
7.268373727798461914e+00
8.368384599685668945e+00
7.601814031600952148e+00
7.702861070632934570e+00
7.052144050598144531e+00
7.142369031906127930e+00
7.485104084014892578e+00
7.435353517532348633e+00
7.466940164566040039e+00
7.035783767700195312e+00
7.471005201339721680e+00
7.453427791595458984e+00
7.203300714492797852e+00
7.206818580627441406e+00
7.346833944320678711e+00
7.627086639404296875e+00
7.350173950195312500e+00
7.082046985626220703e+00
7.476203918457031250e+00
7.981874465942382812e+00
8.021408796310424805e+00
7.439246892929077148e+00
7.353025197982788086e+00
7.257620334625244141e+00
7.078785419464111328e+00
7.122030496597290039e+00
8.082369804382324219e+00
7.955386638641357422e+00
7.136659145355224609e+00
7.254060506820678711e+00
7.354825258255004883e+00
7.278022766113281250e+00
7.551617383956909180e+00
7.386995077133178711e+00
7.540290355682373047e+00
8.228813409805297852e+00
7.946877241134643555e+00
7.363182306289672852e+00
7.450433254241943359e+00
7.185591220855712891e+00
7.583687782287597656e+00
7.283831596374511719e+00
7.271322727203369141e+00
8.020735502243041992e+00
7.498683214187622070e+00
7.663634300231933594e+00
7.472101926803588867e+00
7.546113252639770508e+00
7.582515239715576172e+00
7.381877183914184570e+00
7.491758346557617188e+00
7.314609766006469727e+00
7.508937120437622070e+00
7.486587285995483398e+00
7.782819986343383789e+00
8.005878448486328125e+00
7.596914768218994141e+00
7.442166805267333984e+00
7.164798259735107422e+00
7.350419521331787109e+00
7.282927274703979492e+00
7.216675996780395508e+00
7.215953111648559570e+00
7.904960870742797852e+00
8.345349550247192383e+00
7.157758712768554688e+00
7.380521059036254883e+00
7.283871889114379883e+00
7.175607442855834961e+00
7.305654287338256836e+00
7.513980865478515625e+00
7.417488098144531250e+00
7.104513645172119141e+00
7.189265727996826172e+00
7.789060831069946289e+00
7.254743099212646484e+00
7.798340559005737305e+00
8.047326564788818359e+00
7.716880798339843750e+00
7.535312414169311523e+00
7.591027259826660156e+00
7.371310710906982422e+00
7.345072507858276367e+00
7.532641887664794922e+00
7.389071464538574219e+00
7.401098966598510742e+00
7.624208450317382812e+00
7.392926454544067383e+00
7.562636852264404297e+00
7.521309614181518555e+00
7.295674562454223633e+00
7.964597940444946289e+00
8.062819957733154297e+00
7.450168132781982422e+00
7.211856365203857422e+00
7.873061895370483398e+00
7.617670774459838867e+00
7.479698419570922852e+00
7.206862926483154297e+00
7.175506114959716797e+00
7.812343120574951172e+00
7.589040279388427734e+00
7.350928544998168945e+00
7.781328201293945312e+00
7.258057832717895508e+00
7.578479290008544922e+00
7.441857576370239258e+00
7.229688405990600586e+00
8.173424243927001953e+00
8.152270078659057617e+00
7.438712596893310547e+00
7.765865564346313477e+00
7.272719621658325195e+00
7.433556079864501953e+00
7.553557634353637695e+00
7.444221258163452148e+00
8.066954374313354492e+00
7.742940425872802734e+00
7.734871864318847656e+00
7.275853872299194336e+00
7.345521450042724609e+00
8.143437623977661133e+00
7.221135854721069336e+00
7.658953428268432617e+00
7.467355966567993164e+00
7.154987812042236328e+00
7.263434410095214844e+00
7.647425651550292969e+00
7.903614282608032227e+00
7.269830703735351562e+00
7.291746616363525391e+00
7.550890922546386719e+00
7.395686149597167969e+00
7.771728038787841797e+00
7.565633296966552734e+00
7.220541000366210938e+00
7.542571544647216797e+00
7.216687917709350586e+00
7.281344890594482422e+00
7.633558034896850586e+00
7.654715299606323242e+00
7.796308755874633789e+00
7.556025981903076172e+00
7.498713970184326172e+00
7.029967069625854492e+00
7.398636579513549805e+00
7.721969366073608398e+00
8.152798175811767578e+00
7.519773244857788086e+00
7.578760147094726562e+00
7.664420366287231445e+00
7.514357328414916992e+00
7.775997161865234375e+00
7.818704605102539062e+00
8.271443605422973633e+00
7.256554841995239258e+00
7.453645229339599609e+00
7.621342897415161133e+00
7.457730531692504883e+00
7.285467386245727539e+00
7.558713912963867188e+00
8.029216289520263672e+00
7.228078126907348633e+00
7.496619939804077148e+00
7.426885604858398438e+00
7.209537744522094727e+00
7.123303174972534180e+00
7.302603244781494141e+00
7.115972042083740234e+00
8.277180194854736328e+00
7.874474048614501953e+00
7.841809988021850586e+00
7.593555927276611328e+00
7.172724962234497070e+00
7.403219699859619141e+00
7.638851642608642578e+00
7.969520092010498047e+00
7.548410892486572266e+00
7.688991546630859375e+00
7.230309486389160156e+00
7.427325248718261719e+00
7.105401039123535156e+00
7.188683271408081055e+00
7.539045572280883789e+00
7.569071292877197266e+00
7.721901655197143555e+00
7.541594505310058594e+00
7.584945201873779297e+00
7.443625211715698242e+00
7.238251209259033203e+00
7.320166826248168945e+00
8.060103416442871094e+00
7.507516622543334961e+00
7.537531375885009766e+00
7.502479076385498047e+00
7.316475868225097656e+00
7.325961351394653320e+00
7.314165592193603516e+00
7.152706146240234375e+00
7.727905750274658203e+00
7.976161956787109375e+00
7.313239574432373047e+00
7.494821548461914062e+00
7.713496685028076172e+00
7.305902719497680664e+00
7.332072019577026367e+00
7.627094984054565430e+00
7.496088504791259766e+00
8.523531198501586914e+00
8.273861646652221680e+00
7.753731489181518555e+00
7.879296541213989258e+00
7.394205331802368164e+00
8.042568683624267578e+00
8.230530977249145508e+00
7.580085992813110352e+00
7.515640735626220703e+00
7.270689010620117188e+00
7.357391357421875000e+00
7.263308525085449219e+00
7.746274709701538086e+00
7.628949165344238281e+00
7.489840745925903320e+00
7.124953269958496094e+00
7.995014190673828125e+00
7.550863265991210938e+00
8.026123285293579102e+00
7.966584920883178711e+00
8.066832542419433594e+00
7.187434911727905273e+00
7.126497507095336914e+00
7.516972064971923828e+00
7.401586771011352539e+00
7.636012554168701172e+00
8.599484920501708984e+00
8.064342737197875977e+00
7.359845876693725586e+00
7.298138380050659180e+00
7.470343351364135742e+00
7.897657394409179688e+00
7.125236511230468750e+00
7.243129253387451172e+00
7.357919692993164062e+00
7.710153341293334961e+00
7.412943601608276367e+00
7.384987354278564453e+00
7.319137573242187500e+00
7.285292625427246094e+00
7.205934047698974609e+00
7.434582471847534180e+00
7.314433574676513672e+00
8.032486438751220703e+00
7.406272649765014648e+00
7.045509576797485352e+00
7.580650568008422852e+00
7.579573869705200195e+00
7.430736541748046875e+00
7.397252082824707031e+00
7.945229768753051758e+00
7.470189571380615234e+00
7.381385326385498047e+00
7.194972038269042969e+00
7.548166513442993164e+00
7.381279468536376953e+00
7.833212137222290039e+00
8.019997596740722656e+00
7.664569616317749023e+00
7.590436935424804688e+00
7.478522539138793945e+00
7.648411273956298828e+00
7.658433198928833008e+00
7.613608360290527344e+00
7.822685241699218750e+00
7.901953458786010742e+00
7.934142351150512695e+00
7.516695499420166016e+00
7.541555881500244141e+00
7.158348083496093750e+00
7.803684473037719727e+00
7.222537279129028320e+00
7.285824060440063477e+00
7.159147262573242188e+00
8.091994047164916992e+00
7.583318233489990234e+00
7.813628673553466797e+00
7.180933237075805664e+00
7.448536157608032227e+00
7.492458820343017578e+00
7.433159828186035156e+00
7.350791692733764648e+00
8.249137401580810547e+00
7.436973810195922852e+00
7.410852193832397461e+00
7.686119079589843750e+00
7.286596298217773438e+00
7.384645938873291016e+00
7.367497920989990234e+00
7.856533050537109375e+00
8.315956592559814453e+00
7.547093629837036133e+00
7.348586559295654297e+00
7.312275886535644531e+00
7.674993038177490234e+00
7.482606172561645508e+00
7.968891143798828125e+00
7.708671808242797852e+00
7.509009599685668945e+00
7.356441736221313477e+00
7.361158370971679688e+00
7.518106222152709961e+00
7.255064010620117188e+00
8.001901626586914062e+00
7.586913585662841797e+00
7.553953647613525391e+00
7.382212877273559570e+00
7.463249921798706055e+00
7.708123683929443359e+00
7.993863821029663086e+00
7.651046752929687500e+00
8.123677730560302734e+00
7.587604761123657227e+00
7.518779039382934570e+00
7.315018892288208008e+00
8.358812570571899414e+00
7.941394090652465820e+00
7.205651044845581055e+00
7.657062530517578125e+00
7.227229833602905273e+00
7.181174993515014648e+00
7.614718914031982422e+00
7.210883140563964844e+00
8.244883298873901367e+00
7.167605638504028320e+00
7.824613809585571289e+00
8.591938018798828125e+00
7.742155790328979492e+00
7.526832103729248047e+00
7.591648578643798828e+00
7.338498115539550781e+00
7.467380285263061523e+00
7.084115266799926758e+00
7.427503347396850586e+00
7.135741949081420898e+00
7.404574394226074219e+00
7.459250926971435547e+00
7.526247978210449219e+00
7.524293184280395508e+00
7.384901046752929688e+00
7.191761016845703125e+00
7.382665395736694336e+00
7.105485200881958008e+00
7.681723117828369141e+00
7.818979501724243164e+00
8.036964416503906250e+00
7.891942262649536133e+00
7.297412157058715820e+00
7.414338588714599609e+00
7.496105432510375977e+00
7.188603401184082031e+00
7.448488235473632812e+00
7.521767854690551758e+00
7.832061290740966797e+00
7.487386226654052734e+00
8.025497198104858398e+00
7.325003147125244141e+00
7.255059242248535156e+00
7.548631668090820312e+00
7.527072429656982422e+00
7.164820194244384766e+00
7.271572589874267578e+00
7.472003221511840820e+00
7.562668561935424805e+00
7.857331514358520508e+00
7.334796667098999023e+00
7.584773778915405273e+00
7.338474512100219727e+00
7.389185190200805664e+00
7.557123899459838867e+00
7.478200674057006836e+00
7.181862354278564453e+00
8.050233125686645508e+00
7.844383239746093750e+00
7.042313098907470703e+00
7.326003789901733398e+00
7.334767580032348633e+00
7.718539953231811523e+00
7.488392353057861328e+00
7.200502872467041016e+00
7.461803197860717773e+00
7.508609294891357422e+00
7.486248254776000977e+00
8.238018274307250977e+00
7.797337293624877930e+00
7.377642154693603516e+00
7.509674072265625000e+00
7.246331214904785156e+00
7.756839752197265625e+00
7.291457653045654297e+00
7.326446771621704102e+00
7.448882818222045898e+00
7.873749732971191406e+00
7.125344753265380859e+00
7.170389413833618164e+00
7.184764146804809570e+00
7.449044466018676758e+00
7.376705408096313477e+00
7.188898324966430664e+00
7.046638965606689453e+00
7.393984556198120117e+00
7.753224611282348633e+00
7.431465387344360352e+00
7.460541725158691406e+00
7.549914598464965820e+00
7.146141767501831055e+00
7.343737602233886719e+00
8.392269611358642578e+00
7.822718143463134766e+00
7.065299987792968750e+00
7.699537754058837891e+00
7.442780494689941406e+00
7.419084310531616211e+00
7.482372760772705078e+00
7.152132749557495117e+00
7.862084388732910156e+00
7.594224214553833008e+00
7.980106115341186523e+00
7.447869300842285156e+00
7.026651859283447266e+00
7.023228645324707031e+00
7.336282730102539062e+00
7.249226331710815430e+00
7.644000053405761719e+00
7.546962976455688477e+00
7.758602619171142578e+00
7.458918333053588867e+00
7.120193958282470703e+00
7.392593145370483398e+00
7.275803089141845703e+00
7.512649774551391602e+00
7.559289216995239258e+00
7.266077756881713867e+00
8.051851749420166016e+00
8.204004049301147461e+00
7.528735637664794922e+00
7.421953916549682617e+00
7.368168115615844727e+00
7.605268478393554688e+00
7.294648408889770508e+00
7.180957555770874023e+00
7.484313249588012695e+00
7.999628543853759766e+00
7.641560316085815430e+00
7.580679178237915039e+00
7.290181875228881836e+00
7.538792133331298828e+00
7.063624382019042969e+00
7.144239425659179688e+00
7.343785047531127930e+00
7.664931058883666992e+00
7.443175792694091797e+00
7.743067502975463867e+00
7.406567573547363281e+00
7.509342432022094727e+00
7.487678766250610352e+00
7.644730567932128906e+00
7.330782413482666016e+00
7.498675346374511719e+00
7.668713331222534180e+00
7.722846508026123047e+00
7.977651119232177734e+00
7.348436117172241211e+00
7.469915390014648438e+00
7.018359184265136719e+00
7.362843513488769531e+00
7.415134668350219727e+00
7.479043722152709961e+00
7.190399885177612305e+00
7.776685237884521484e+00
8.174860000610351562e+00
8.165192604064941406e+00
7.116832971572875977e+00
6.813085317611694336e+00
7.263779878616333008e+00
7.253502845764160156e+00
7.057330846786499023e+00
6.994039058685302734e+00
7.404117584228515625e+00
7.185259103775024414e+00
7.197038412094116211e+00
6.945374011993408203e+00
7.611645221710205078e+00
8.093532800674438477e+00
7.354238510131835938e+00
7.431207895278930664e+00
7.608206748962402344e+00
7.087750196456909180e+00
7.670342445373535156e+00
7.304510831832885742e+00
7.283685445785522461e+00
7.484239339828491211e+00
7.888548135757446289e+00
7.329699516296386719e+00
7.087673187255859375e+00
7.568017244338989258e+00
7.292194128036499023e+00
7.252322196960449219e+00
7.723661184310913086e+00
7.434459209442138672e+00
7.541069746017456055e+00
7.857385635375976562e+00
7.544205427169799805e+00
7.512906312942504883e+00
7.663700103759765625e+00
7.512521982192993164e+00
7.440728187561035156e+00
7.116231441497802734e+00
7.338770389556884766e+00
7.239573001861572266e+00
7.342584848403930664e+00
7.201679229736328125e+00
7.435589551925659180e+00
7.221379995346069336e+00
7.810693025588989258e+00
7.568686246871948242e+00
7.217834949493408203e+00
7.568243741989135742e+00
7.680254459381103516e+00
7.460550308227539062e+00
7.272360324859619141e+00
7.442919731140136719e+00
7.522333383560180664e+00
7.280734777450561523e+00
7.779190063476562500e+00
7.212369680404663086e+00
7.490846872329711914e+00
7.309569597244262695e+00
7.471799612045288086e+00
7.339090824127197266e+00
7.357075452804565430e+00
7.439694404602050781e+00
7.421330213546752930e+00
7.342727184295654297e+00
7.519683837890625000e+00
7.685350656509399414e+00
7.330068588256835938e+00
7.046722173690795898e+00
7.504153490066528320e+00
7.300076723098754883e+00
7.137162446975708008e+00
7.759528160095214844e+00
7.547076940536499023e+00
7.326658248901367188e+00
7.623368978500366211e+00
7.723860502243041992e+00
7.548888206481933594e+00
7.572196722030639648e+00
7.631991386413574219e+00
7.440699338912963867e+00
7.528047084808349609e+00
7.512096405029296875e+00
7.575986146926879883e+00
7.573174238204956055e+00
7.945914506912231445e+00
7.168251276016235352e+00
7.539058685302734375e+00
7.224576711654663086e+00
7.223782300949096680e+00
7.207268714904785156e+00
7.586098909378051758e+00
7.557567119598388672e+00
7.555840253829956055e+00
7.294502735137939453e+00
7.193628787994384766e+00
7.480974674224853516e+00
7.426936626434326172e+00
7.540252447128295898e+00
7.165187835693359375e+00
7.339372873306274414e+00
7.662046194076538086e+00
7.511316776275634766e+00
7.571690559387207031e+00
7.243872642517089844e+00
7.391676902770996094e+00
7.425189018249511719e+00
7.247645378112792969e+00
7.503908395767211914e+00
7.578398466110229492e+00
7.428282260894775391e+00
7.178022146224975586e+00
7.409081220626831055e+00
7.575652122497558594e+00
7.241672515869140625e+00
7.530441045761108398e+00
7.081735372543334961e+00
7.270927667617797852e+00
7.605086565017700195e+00
7.466475248336791992e+00
7.503784894943237305e+00
7.464202880859375000e+00
7.625079393386840820e+00
7.312401533126831055e+00
7.460486173629760742e+00
7.444422483444213867e+00
7.946783542633056641e+00
7.192311763763427734e+00
7.370013713836669922e+00
7.348397731781005859e+00
7.458614349365234375e+00
7.461605072021484375e+00
7.352558374404907227e+00
7.455391168594360352e+00
7.702733278274536133e+00
7.025647878646850586e+00
7.228293418884277344e+00
7.483188867568969727e+00
7.616677045822143555e+00
7.371883869171142578e+00
7.360714912414550781e+00
7.611628532409667969e+00
7.216730594635009766e+00
7.579987764358520508e+00
7.527763605117797852e+00
7.515166521072387695e+00
7.437466144561767578e+00
7.628915309906005859e+00
7.398702859878540039e+00
7.136854410171508789e+00
7.415204048156738281e+00
7.396308898925781250e+00
7.317754983901977539e+00
7.433515787124633789e+00
7.590984344482421875e+00
7.311582326889038086e+00
7.473930597305297852e+00
7.951030969619750977e+00
7.396149873733520508e+00
7.447734594345092773e+00
7.662896394729614258e+00
7.230446815490722656e+00
7.065599918365478516e+00
7.264701843261718750e+00
7.667543649673461914e+00
7.325438261032104492e+00
7.281328439712524414e+00
7.174925565719604492e+00
7.177048444747924805e+00
7.446652173995971680e+00
7.196058273315429688e+00
7.322886228561401367e+00
7.450659513473510742e+00
7.460617542266845703e+00
7.117815732955932617e+00
7.350401401519775391e+00
7.324181556701660156e+00
7.621831893920898438e+00
7.122807025909423828e+00
7.525805473327636719e+00
7.322643280029296875e+00
7.549634695053100586e+00
7.462527990341186523e+00
7.590644359588623047e+00
7.251975774765014648e+00
7.509821653366088867e+00
7.408411979675292969e+00
7.446381092071533203e+00
7.610360145568847656e+00
7.508561134338378906e+00
7.379788160324096680e+00
7.400033235549926758e+00
7.610812425613403320e+00
7.478236436843872070e+00
7.474588394165039062e+00
7.248256683349609375e+00
7.241892337799072266e+00
7.581619024276733398e+00
7.497096300125122070e+00
7.860871315002441406e+00
6.858839511871337891e+00
6.911959886550903320e+00
7.048837423324584961e+00
6.880380868911743164e+00
6.879716396331787109e+00
7.738552093505859375e+00
7.893098592758178711e+00
7.880330801010131836e+00
7.332551717758178711e+00
7.555155277252197266e+00
7.132329225540161133e+00
7.277472257614135742e+00
7.488222360610961914e+00
7.112617492675781250e+00
7.742150306701660156e+00
7.757560253143310547e+00
7.376162290573120117e+00
7.418013811111450195e+00
7.195319175720214844e+00
7.302695751190185547e+00
7.521365880966186523e+00
7.423007726669311523e+00
7.441292285919189453e+00
7.627560615539550781e+00
7.273338794708251953e+00
7.164830923080444336e+00
7.486795902252197266e+00
7.276499271392822266e+00
7.503447771072387695e+00
7.357314586639404297e+00
7.244871377944946289e+00
7.335663557052612305e+00
7.375841856002807617e+00
7.514341354370117188e+00
7.152769327163696289e+00
7.477335929870605469e+00
7.556223392486572266e+00
7.460652589797973633e+00
7.340179681777954102e+00
7.152485609054565430e+00
7.561699628829956055e+00
7.812862873077392578e+00
7.661063432693481445e+00
7.428655147552490234e+00
7.502537965774536133e+00
7.242793083190917969e+00
7.397979497909545898e+00
7.378660917282104492e+00
7.326613187789916992e+00
8.110912561416625977e+00
7.819467782974243164e+00
7.484029769897460938e+00
7.758902788162231445e+00
7.430165052413940430e+00
7.758037805557250977e+00
7.414245128631591797e+00
7.289465427398681641e+00
7.168405771255493164e+00
7.811246395111083984e+00
7.133226871490478516e+00
7.463575601577758789e+00
7.462023496627807617e+00
7.378768444061279297e+00
7.195599555969238281e+00
7.453700542449951172e+00
7.458864450454711914e+00
7.547966957092285156e+00
7.228944301605224609e+00
7.213361263275146484e+00
7.677534341812133789e+00
7.288115262985229492e+00
7.413116693496704102e+00
7.184376239776611328e+00
7.301026582717895508e+00
7.509641885757446289e+00
7.537960290908813477e+00
7.239030122756958008e+00
7.426321744918823242e+00
7.208030939102172852e+00
7.430845499038696289e+00
7.245148897171020508e+00
7.351019382476806641e+00
7.364421129226684570e+00
7.514343261718750000e+00
7.801045894622802734e+00
7.442416191101074219e+00
7.768033027648925781e+00
7.185052394866943359e+00
7.526117324829101562e+00
7.440108537673950195e+00
7.213725805282592773e+00
7.487956285476684570e+00
7.397654294967651367e+00
7.393030881881713867e+00
7.261785507202148438e+00
7.476015329360961914e+00
7.837706089019775391e+00
7.481363296508789062e+00
7.451325178146362305e+00
7.221160888671875000e+00
7.533559083938598633e+00
7.259786605834960938e+00
7.209980010986328125e+00
7.503924131393432617e+00
7.744920492172241211e+00
7.456156253814697266e+00
7.236965894699096680e+00
7.711497306823730469e+00
7.450640439987182617e+00
7.655585527420043945e+00
7.402844667434692383e+00
7.522910356521606445e+00
7.231089115142822266e+00
7.682108640670776367e+00
7.426049709320068359e+00
7.158070802688598633e+00
7.563294410705566406e+00
7.475625991821289062e+00
7.437253475189208984e+00
7.564599990844726562e+00
7.703778743743896484e+00
7.413341045379638672e+00
7.176520824432373047e+00
7.428252696990966797e+00
7.494013071060180664e+00
7.320662021636962891e+00
7.564948797225952148e+00
7.577808618545532227e+00
7.386943817138671875e+00
7.214408636093139648e+00
7.208097696304321289e+00
7.377558946609497070e+00
7.346203088760375977e+00
7.331684589385986328e+00
7.391932725906372070e+00
8.139327526092529297e+00
7.842933654785156250e+00
7.545567035675048828e+00
7.348100423812866211e+00
7.347596168518066406e+00
7.416527986526489258e+00
7.222987413406372070e+00
7.105524778366088867e+00
7.298179149627685547e+00
7.456936836242675781e+00
7.547944307327270508e+00
7.342072963714599609e+00
7.094720840454101562e+00
7.266212701797485352e+00
7.657961130142211914e+00
7.363387823104858398e+00
7.373983144760131836e+00
7.111629724502563477e+00
7.305137872695922852e+00
7.123464107513427734e+00
7.127780675888061523e+00
7.461651086807250977e+00
7.333564519882202148e+00
7.471616506576538086e+00
7.429552793502807617e+00
7.386802434921264648e+00
7.493085861206054688e+00
7.647762775421142578e+00
7.523636817932128906e+00
7.247083663940429688e+00
7.581172704696655273e+00
7.166333913803100586e+00
7.678727149963378906e+00
7.630743980407714844e+00
7.340802669525146484e+00
7.142827033996582031e+00
8.077797889709472656e+00
7.948034524917602539e+00
7.391601800918579102e+00
7.531555652618408203e+00
7.327280044555664062e+00
7.300400257110595703e+00
7.195815324783325195e+00
7.345889568328857422e+00
7.553233385086059570e+00
7.356595277786254883e+00
8.295020580291748047e+00
7.417543888092041016e+00
7.289506435394287109e+00
7.715189933776855469e+00
7.482393741607666016e+00
7.483495950698852539e+00
7.345459938049316406e+00
7.406289100646972656e+00
7.384956359863281250e+00
7.175753116607666016e+00
7.421337127685546875e+00
7.365331411361694336e+00
7.199212312698364258e+00
7.285707950592041016e+00
7.363005399703979492e+00
7.323484420776367188e+00
7.116253614425659180e+00
7.488556861877441406e+00
7.433662176132202148e+00
7.342636823654174805e+00
7.391738653182983398e+00
7.304581403732299805e+00
7.390963077545166016e+00
7.481590986251831055e+00
7.481111526489257812e+00
7.372877120971679688e+00
7.623256206512451172e+00
7.309108972549438477e+00
7.400537252426147461e+00
7.339798688888549805e+00
7.437212705612182617e+00
7.410338640213012695e+00
7.775289297103881836e+00
7.712388038635253906e+00
7.419846057891845703e+00
7.178761005401611328e+00
7.312602043151855469e+00
7.368205785751342773e+00
7.491300344467163086e+00
7.307087421417236328e+00
7.471743583679199219e+00
7.510397672653198242e+00
7.346883535385131836e+00
7.558789968490600586e+00
7.385112047195434570e+00
7.596982717514038086e+00
7.638365745544433594e+00
7.513117074966430664e+00
7.197184801101684570e+00
7.405954122543334961e+00
7.996084690093994141e+00
7.459683179855346680e+00
7.357174158096313477e+00
7.626151323318481445e+00
7.414057016372680664e+00
7.479195594787597656e+00
8.230353116989135742e+00
7.712982416152954102e+00
7.479452848434448242e+00
7.485904693603515625e+00
7.346044301986694336e+00
7.263814210891723633e+00
7.861773729324340820e+00
7.445407152175903320e+00
7.153906106948852539e+00
7.417990446090698242e+00
7.409501314163208008e+00
7.550879955291748047e+00
7.239603996276855469e+00
7.585686922073364258e+00
7.919599056243896484e+00
7.362356424331665039e+00
7.475136041641235352e+00
7.250352859497070312e+00
7.342380285263061523e+00
7.501593351364135742e+00
7.517522096633911133e+00
7.664528369903564453e+00
7.657833099365234375e+00
7.517226457595825195e+00
7.414515733718872070e+00
7.370972633361816406e+00
7.584237337112426758e+00
7.347688198089599609e+00
7.969327449798583984e+00
7.161987543106079102e+00
7.322277307510375977e+00
