2.000000000000000000e+00 2.000000000000000000e+00
2.105263157894736725e+00 2.000000000000000000e+00
2.210526315789473450e+00 2.000000000000000000e+00
2.315789473684210620e+00 2.000000000000000000e+00
2.421052631578947345e+00 2.000000000000000000e+00
2.526315789473684070e+00 2.000000000000000000e+00
2.631578947368421240e+00 2.000000000000000000e+00
2.736842105263157965e+00 2.000000000000000000e+00
2.842105263157894690e+00 2.000000000000000000e+00
2.947368421052631415e+00 2.000000000000000000e+00
3.052631578947368141e+00 2.000000000000000000e+00
3.157894736842105310e+00 2.000000000000000000e+00
3.263157894736842035e+00 2.000000000000000000e+00
3.368421052631578760e+00 2.000000000000000000e+00
3.473684210526315930e+00 2.000000000000000000e+00
3.578947368421052655e+00 2.000000000000000000e+00
3.684210526315789380e+00 2.000000000000000000e+00
3.789473684210526105e+00 2.000000000000000000e+00
3.894736842105262831e+00 2.000000000000000000e+00
4.000000000000000000e+00 2.000000000000000000e+00
2.000000000000000000e+00 2.105263157894736725e+00
2.105263157894736725e+00 2.105263157894736725e+00
2.210526315789473450e+00 2.105263157894736725e+00
2.315789473684210620e+00 2.105263157894736725e+00
2.421052631578947345e+00 2.105263157894736725e+00
2.526315789473684070e+00 2.105263157894736725e+00
2.631578947368421240e+00 2.105263157894736725e+00
2.736842105263157965e+00 2.105263157894736725e+00
2.842105263157894690e+00 2.105263157894736725e+00
2.947368421052631415e+00 2.105263157894736725e+00
3.052631578947368141e+00 2.105263157894736725e+00
3.157894736842105310e+00 2.105263157894736725e+00
3.263157894736842035e+00 2.105263157894736725e+00
3.368421052631578760e+00 2.105263157894736725e+00
3.473684210526315930e+00 2.105263157894736725e+00
3.578947368421052655e+00 2.105263157894736725e+00
3.684210526315789380e+00 2.105263157894736725e+00
3.789473684210526105e+00 2.105263157894736725e+00
3.894736842105262831e+00 2.105263157894736725e+00
4.000000000000000000e+00 2.105263157894736725e+00
2.000000000000000000e+00 2.210526315789473450e+00
2.105263157894736725e+00 2.210526315789473450e+00
2.210526315789473450e+00 2.210526315789473450e+00
2.315789473684210620e+00 2.210526315789473450e+00
2.421052631578947345e+00 2.210526315789473450e+00
2.526315789473684070e+00 2.210526315789473450e+00
2.631578947368421240e+00 2.210526315789473450e+00
2.736842105263157965e+00 2.210526315789473450e+00
2.842105263157894690e+00 2.210526315789473450e+00
2.947368421052631415e+00 2.210526315789473450e+00
3.052631578947368141e+00 2.210526315789473450e+00
3.157894736842105310e+00 2.210526315789473450e+00
3.263157894736842035e+00 2.210526315789473450e+00
3.368421052631578760e+00 2.210526315789473450e+00
3.473684210526315930e+00 2.210526315789473450e+00
3.578947368421052655e+00 2.210526315789473450e+00
3.684210526315789380e+00 2.210526315789473450e+00
3.789473684210526105e+00 2.210526315789473450e+00
3.894736842105262831e+00 2.210526315789473450e+00
4.000000000000000000e+00 2.210526315789473450e+00
2.000000000000000000e+00 2.315789473684210620e+00
2.105263157894736725e+00 2.315789473684210620e+00
2.210526315789473450e+00 2.315789473684210620e+00
2.315789473684210620e+00 2.315789473684210620e+00
2.421052631578947345e+00 2.315789473684210620e+00
2.526315789473684070e+00 2.315789473684210620e+00
2.631578947368421240e+00 2.315789473684210620e+00
2.736842105263157965e+00 2.315789473684210620e+00
2.842105263157894690e+00 2.315789473684210620e+00
2.947368421052631415e+00 2.315789473684210620e+00
3.052631578947368141e+00 2.315789473684210620e+00
3.157894736842105310e+00 2.315789473684210620e+00
3.263157894736842035e+00 2.315789473684210620e+00
3.368421052631578760e+00 2.315789473684210620e+00
3.473684210526315930e+00 2.315789473684210620e+00
3.578947368421052655e+00 2.315789473684210620e+00
3.684210526315789380e+00 2.315789473684210620e+00
3.789473684210526105e+00 2.315789473684210620e+00
3.894736842105262831e+00 2.315789473684210620e+00
4.000000000000000000e+00 2.315789473684210620e+00
2.000000000000000000e+00 2.421052631578947345e+00
2.105263157894736725e+00 2.421052631578947345e+00
2.210526315789473450e+00 2.421052631578947345e+00
2.315789473684210620e+00 2.421052631578947345e+00
2.421052631578947345e+00 2.421052631578947345e+00
2.526315789473684070e+00 2.421052631578947345e+00
2.631578947368421240e+00 2.421052631578947345e+00
2.736842105263157965e+00 2.421052631578947345e+00
2.842105263157894690e+00 2.421052631578947345e+00
2.947368421052631415e+00 2.421052631578947345e+00
3.052631578947368141e+00 2.421052631578947345e+00
3.157894736842105310e+00 2.421052631578947345e+00
3.263157894736842035e+00 2.421052631578947345e+00
3.368421052631578760e+00 2.421052631578947345e+00
3.473684210526315930e+00 2.421052631578947345e+00
3.578947368421052655e+00 2.421052631578947345e+00
3.684210526315789380e+00 2.421052631578947345e+00
3.789473684210526105e+00 2.421052631578947345e+00
3.894736842105262831e+00 2.421052631578947345e+00
4.000000000000000000e+00 2.421052631578947345e+00
2.000000000000000000e+00 2.526315789473684070e+00
2.105263157894736725e+00 2.526315789473684070e+00
2.210526315789473450e+00 2.526315789473684070e+00
2.315789473684210620e+00 2.526315789473684070e+00
2.421052631578947345e+00 2.526315789473684070e+00
2.526315789473684070e+00 2.526315789473684070e+00
2.631578947368421240e+00 2.526315789473684070e+00
2.736842105263157965e+00 2.526315789473684070e+00
2.842105263157894690e+00 2.526315789473684070e+00
2.947368421052631415e+00 2.526315789473684070e+00
3.052631578947368141e+00 2.526315789473684070e+00
3.157894736842105310e+00 2.526315789473684070e+00
3.263157894736842035e+00 2.526315789473684070e+00
3.368421052631578760e+00 2.526315789473684070e+00
3.473684210526315930e+00 2.526315789473684070e+00
3.578947368421052655e+00 2.526315789473684070e+00
3.684210526315789380e+00 2.526315789473684070e+00
3.789473684210526105e+00 2.526315789473684070e+00
3.894736842105262831e+00 2.526315789473684070e+00
4.000000000000000000e+00 2.526315789473684070e+00
2.000000000000000000e+00 2.631578947368421240e+00
2.105263157894736725e+00 2.631578947368421240e+00
2.210526315789473450e+00 2.631578947368421240e+00
2.315789473684210620e+00 2.631578947368421240e+00
2.421052631578947345e+00 2.631578947368421240e+00
2.526315789473684070e+00 2.631578947368421240e+00
2.631578947368421240e+00 2.631578947368421240e+00
2.736842105263157965e+00 2.631578947368421240e+00
2.842105263157894690e+00 2.631578947368421240e+00
2.947368421052631415e+00 2.631578947368421240e+00
3.052631578947368141e+00 2.631578947368421240e+00
3.157894736842105310e+00 2.631578947368421240e+00
3.263157894736842035e+00 2.631578947368421240e+00
3.368421052631578760e+00 2.631578947368421240e+00
3.473684210526315930e+00 2.631578947368421240e+00
3.578947368421052655e+00 2.631578947368421240e+00
3.684210526315789380e+00 2.631578947368421240e+00
3.789473684210526105e+00 2.631578947368421240e+00
3.894736842105262831e+00 2.631578947368421240e+00
4.000000000000000000e+00 2.631578947368421240e+00
2.000000000000000000e+00 2.736842105263157965e+00
2.105263157894736725e+00 2.736842105263157965e+00
2.210526315789473450e+00 2.736842105263157965e+00
2.315789473684210620e+00 2.736842105263157965e+00
2.421052631578947345e+00 2.736842105263157965e+00
2.526315789473684070e+00 2.736842105263157965e+00
2.631578947368421240e+00 2.736842105263157965e+00
2.736842105263157965e+00 2.736842105263157965e+00
2.842105263157894690e+00 2.736842105263157965e+00
2.947368421052631415e+00 2.736842105263157965e+00
3.052631578947368141e+00 2.736842105263157965e+00
3.157894736842105310e+00 2.736842105263157965e+00
3.263157894736842035e+00 2.736842105263157965e+00
3.368421052631578760e+00 2.736842105263157965e+00
3.473684210526315930e+00 2.736842105263157965e+00
3.578947368421052655e+00 2.736842105263157965e+00
3.684210526315789380e+00 2.736842105263157965e+00
3.789473684210526105e+00 2.736842105263157965e+00
3.894736842105262831e+00 2.736842105263157965e+00
4.000000000000000000e+00 2.736842105263157965e+00
2.000000000000000000e+00 2.842105263157894690e+00
2.105263157894736725e+00 2.842105263157894690e+00
2.210526315789473450e+00 2.842105263157894690e+00
2.315789473684210620e+00 2.842105263157894690e+00
2.421052631578947345e+00 2.842105263157894690e+00
2.526315789473684070e+00 2.842105263157894690e+00
2.631578947368421240e+00 2.842105263157894690e+00
2.736842105263157965e+00 2.842105263157894690e+00
2.842105263157894690e+00 2.842105263157894690e+00
2.947368421052631415e+00 2.842105263157894690e+00
3.052631578947368141e+00 2.842105263157894690e+00
3.157894736842105310e+00 2.842105263157894690e+00
3.263157894736842035e+00 2.842105263157894690e+00
3.368421052631578760e+00 2.842105263157894690e+00
3.473684210526315930e+00 2.842105263157894690e+00
3.578947368421052655e+00 2.842105263157894690e+00
3.684210526315789380e+00 2.842105263157894690e+00
3.789473684210526105e+00 2.842105263157894690e+00
3.894736842105262831e+00 2.842105263157894690e+00
4.000000000000000000e+00 2.842105263157894690e+00
2.000000000000000000e+00 2.947368421052631415e+00
2.105263157894736725e+00 2.947368421052631415e+00
2.210526315789473450e+00 2.947368421052631415e+00
2.315789473684210620e+00 2.947368421052631415e+00
2.421052631578947345e+00 2.947368421052631415e+00
2.526315789473684070e+00 2.947368421052631415e+00
2.631578947368421240e+00 2.947368421052631415e+00
2.736842105263157965e+00 2.947368421052631415e+00
2.842105263157894690e+00 2.947368421052631415e+00
2.947368421052631415e+00 2.947368421052631415e+00
3.052631578947368141e+00 2.947368421052631415e+00
3.157894736842105310e+00 2.947368421052631415e+00
3.263157894736842035e+00 2.947368421052631415e+00
3.368421052631578760e+00 2.947368421052631415e+00
3.473684210526315930e+00 2.947368421052631415e+00
3.578947368421052655e+00 2.947368421052631415e+00
3.684210526315789380e+00 2.947368421052631415e+00
3.789473684210526105e+00 2.947368421052631415e+00
3.894736842105262831e+00 2.947368421052631415e+00
4.000000000000000000e+00 2.947368421052631415e+00
2.000000000000000000e+00 3.052631578947368141e+00
2.105263157894736725e+00 3.052631578947368141e+00
2.210526315789473450e+00 3.052631578947368141e+00
2.315789473684210620e+00 3.052631578947368141e+00
2.421052631578947345e+00 3.052631578947368141e+00
2.526315789473684070e+00 3.052631578947368141e+00
2.631578947368421240e+00 3.052631578947368141e+00
2.736842105263157965e+00 3.052631578947368141e+00
2.842105263157894690e+00 3.052631578947368141e+00
2.947368421052631415e+00 3.052631578947368141e+00
3.052631578947368141e+00 3.052631578947368141e+00
3.157894736842105310e+00 3.052631578947368141e+00
3.263157894736842035e+00 3.052631578947368141e+00
3.368421052631578760e+00 3.052631578947368141e+00
3.473684210526315930e+00 3.052631578947368141e+00
3.578947368421052655e+00 3.052631578947368141e+00
3.684210526315789380e+00 3.052631578947368141e+00
3.789473684210526105e+00 3.052631578947368141e+00
3.894736842105262831e+00 3.052631578947368141e+00
4.000000000000000000e+00 3.052631578947368141e+00
2.000000000000000000e+00 3.157894736842105310e+00
2.105263157894736725e+00 3.157894736842105310e+00
2.210526315789473450e+00 3.157894736842105310e+00
2.315789473684210620e+00 3.157894736842105310e+00
2.421052631578947345e+00 3.157894736842105310e+00
2.526315789473684070e+00 3.157894736842105310e+00
2.631578947368421240e+00 3.157894736842105310e+00
2.736842105263157965e+00 3.157894736842105310e+00
2.842105263157894690e+00 3.157894736842105310e+00
2.947368421052631415e+00 3.157894736842105310e+00
3.052631578947368141e+00 3.157894736842105310e+00
3.157894736842105310e+00 3.157894736842105310e+00
3.263157894736842035e+00 3.157894736842105310e+00
3.368421052631578760e+00 3.157894736842105310e+00
3.473684210526315930e+00 3.157894736842105310e+00
3.578947368421052655e+00 3.157894736842105310e+00
3.684210526315789380e+00 3.157894736842105310e+00
3.789473684210526105e+00 3.157894736842105310e+00
3.894736842105262831e+00 3.157894736842105310e+00
4.000000000000000000e+00 3.157894736842105310e+00
2.000000000000000000e+00 3.263157894736842035e+00
2.105263157894736725e+00 3.263157894736842035e+00
2.210526315789473450e+00 3.263157894736842035e+00
2.315789473684210620e+00 3.263157894736842035e+00
2.421052631578947345e+00 3.263157894736842035e+00
2.526315789473684070e+00 3.263157894736842035e+00
2.631578947368421240e+00 3.263157894736842035e+00
2.736842105263157965e+00 3.263157894736842035e+00
2.842105263157894690e+00 3.263157894736842035e+00
2.947368421052631415e+00 3.263157894736842035e+00
3.052631578947368141e+00 3.263157894736842035e+00
3.157894736842105310e+00 3.263157894736842035e+00
3.263157894736842035e+00 3.263157894736842035e+00
3.368421052631578760e+00 3.263157894736842035e+00
3.473684210526315930e+00 3.263157894736842035e+00
3.578947368421052655e+00 3.263157894736842035e+00
3.684210526315789380e+00 3.263157894736842035e+00
3.789473684210526105e+00 3.263157894736842035e+00
3.894736842105262831e+00 3.263157894736842035e+00
4.000000000000000000e+00 3.263157894736842035e+00
2.000000000000000000e+00 3.368421052631578760e+00
2.105263157894736725e+00 3.368421052631578760e+00
2.210526315789473450e+00 3.368421052631578760e+00
2.315789473684210620e+00 3.368421052631578760e+00
2.421052631578947345e+00 3.368421052631578760e+00
2.526315789473684070e+00 3.368421052631578760e+00
2.631578947368421240e+00 3.368421052631578760e+00
2.736842105263157965e+00 3.368421052631578760e+00
2.842105263157894690e+00 3.368421052631578760e+00
2.947368421052631415e+00 3.368421052631578760e+00
3.052631578947368141e+00 3.368421052631578760e+00
3.157894736842105310e+00 3.368421052631578760e+00
3.263157894736842035e+00 3.368421052631578760e+00
3.368421052631578760e+00 3.368421052631578760e+00
3.473684210526315930e+00 3.368421052631578760e+00
3.578947368421052655e+00 3.368421052631578760e+00
3.684210526315789380e+00 3.368421052631578760e+00
3.789473684210526105e+00 3.368421052631578760e+00
3.894736842105262831e+00 3.368421052631578760e+00
4.000000000000000000e+00 3.368421052631578760e+00
2.000000000000000000e+00 3.473684210526315930e+00
2.105263157894736725e+00 3.473684210526315930e+00
2.210526315789473450e+00 3.473684210526315930e+00
2.315789473684210620e+00 3.473684210526315930e+00
2.421052631578947345e+00 3.473684210526315930e+00
2.526315789473684070e+00 3.473684210526315930e+00
2.631578947368421240e+00 3.473684210526315930e+00
2.736842105263157965e+00 3.473684210526315930e+00
2.842105263157894690e+00 3.473684210526315930e+00
2.947368421052631415e+00 3.473684210526315930e+00
3.052631578947368141e+00 3.473684210526315930e+00
3.157894736842105310e+00 3.473684210526315930e+00
3.263157894736842035e+00 3.473684210526315930e+00
3.368421052631578760e+00 3.473684210526315930e+00
3.473684210526315930e+00 3.473684210526315930e+00
3.578947368421052655e+00 3.473684210526315930e+00
3.684210526315789380e+00 3.473684210526315930e+00
3.789473684210526105e+00 3.473684210526315930e+00
3.894736842105262831e+00 3.473684210526315930e+00
4.000000000000000000e+00 3.473684210526315930e+00
2.000000000000000000e+00 3.578947368421052655e+00
2.105263157894736725e+00 3.578947368421052655e+00
2.210526315789473450e+00 3.578947368421052655e+00
2.315789473684210620e+00 3.578947368421052655e+00
2.421052631578947345e+00 3.578947368421052655e+00
2.526315789473684070e+00 3.578947368421052655e+00
2.631578947368421240e+00 3.578947368421052655e+00
2.736842105263157965e+00 3.578947368421052655e+00
2.842105263157894690e+00 3.578947368421052655e+00
2.947368421052631415e+00 3.578947368421052655e+00
3.052631578947368141e+00 3.578947368421052655e+00
3.157894736842105310e+00 3.578947368421052655e+00
3.263157894736842035e+00 3.578947368421052655e+00
3.368421052631578760e+00 3.578947368421052655e+00
3.473684210526315930e+00 3.578947368421052655e+00
3.578947368421052655e+00 3.578947368421052655e+00
3.684210526315789380e+00 3.578947368421052655e+00
3.789473684210526105e+00 3.578947368421052655e+00
3.894736842105262831e+00 3.578947368421052655e+00
4.000000000000000000e+00 3.578947368421052655e+00
2.000000000000000000e+00 3.684210526315789380e+00
2.105263157894736725e+00 3.684210526315789380e+00
2.210526315789473450e+00 3.684210526315789380e+00
2.315789473684210620e+00 3.684210526315789380e+00
2.421052631578947345e+00 3.684210526315789380e+00
2.526315789473684070e+00 3.684210526315789380e+00
2.631578947368421240e+00 3.684210526315789380e+00
2.736842105263157965e+00 3.684210526315789380e+00
2.842105263157894690e+00 3.684210526315789380e+00
2.947368421052631415e+00 3.684210526315789380e+00
3.052631578947368141e+00 3.684210526315789380e+00
3.157894736842105310e+00 3.684210526315789380e+00
3.263157894736842035e+00 3.684210526315789380e+00
3.368421052631578760e+00 3.684210526315789380e+00
3.473684210526315930e+00 3.684210526315789380e+00
3.578947368421052655e+00 3.684210526315789380e+00
3.684210526315789380e+00 3.684210526315789380e+00
3.789473684210526105e+00 3.684210526315789380e+00
3.894736842105262831e+00 3.684210526315789380e+00
4.000000000000000000e+00 3.684210526315789380e+00
2.000000000000000000e+00 3.789473684210526105e+00
2.105263157894736725e+00 3.789473684210526105e+00
2.210526315789473450e+00 3.789473684210526105e+00
2.315789473684210620e+00 3.789473684210526105e+00
2.421052631578947345e+00 3.789473684210526105e+00
2.526315789473684070e+00 3.789473684210526105e+00
2.631578947368421240e+00 3.789473684210526105e+00
2.736842105263157965e+00 3.789473684210526105e+00
2.842105263157894690e+00 3.789473684210526105e+00
2.947368421052631415e+00 3.789473684210526105e+00
3.052631578947368141e+00 3.789473684210526105e+00
3.157894736842105310e+00 3.789473684210526105e+00
3.263157894736842035e+00 3.789473684210526105e+00
3.368421052631578760e+00 3.789473684210526105e+00
3.473684210526315930e+00 3.789473684210526105e+00
3.578947368421052655e+00 3.789473684210526105e+00
3.684210526315789380e+00 3.789473684210526105e+00
3.789473684210526105e+00 3.789473684210526105e+00
3.894736842105262831e+00 3.789473684210526105e+00
4.000000000000000000e+00 3.789473684210526105e+00
2.000000000000000000e+00 3.894736842105262831e+00
2.105263157894736725e+00 3.894736842105262831e+00
2.210526315789473450e+00 3.894736842105262831e+00
2.315789473684210620e+00 3.894736842105262831e+00
2.421052631578947345e+00 3.894736842105262831e+00
2.526315789473684070e+00 3.894736842105262831e+00
2.631578947368421240e+00 3.894736842105262831e+00
2.736842105263157965e+00 3.894736842105262831e+00
2.842105263157894690e+00 3.894736842105262831e+00
2.947368421052631415e+00 3.894736842105262831e+00
3.052631578947368141e+00 3.894736842105262831e+00
3.157894736842105310e+00 3.894736842105262831e+00
3.263157894736842035e+00 3.894736842105262831e+00
3.368421052631578760e+00 3.894736842105262831e+00
3.473684210526315930e+00 3.894736842105262831e+00
3.578947368421052655e+00 3.894736842105262831e+00
3.684210526315789380e+00 3.894736842105262831e+00
3.789473684210526105e+00 3.894736842105262831e+00
3.894736842105262831e+00 3.894736842105262831e+00
4.000000000000000000e+00 3.894736842105262831e+00
2.000000000000000000e+00 4.000000000000000000e+00
2.105263157894736725e+00 4.000000000000000000e+00
2.210526315789473450e+00 4.000000000000000000e+00
2.315789473684210620e+00 4.000000000000000000e+00
2.421052631578947345e+00 4.000000000000000000e+00
2.526315789473684070e+00 4.000000000000000000e+00
2.631578947368421240e+00 4.000000000000000000e+00
2.736842105263157965e+00 4.000000000000000000e+00
2.842105263157894690e+00 4.000000000000000000e+00
2.947368421052631415e+00 4.000000000000000000e+00
3.052631578947368141e+00 4.000000000000000000e+00
3.157894736842105310e+00 4.000000000000000000e+00
3.263157894736842035e+00 4.000000000000000000e+00
3.368421052631578760e+00 4.000000000000000000e+00
3.473684210526315930e+00 4.000000000000000000e+00
3.578947368421052655e+00 4.000000000000000000e+00
3.684210526315789380e+00 4.000000000000000000e+00
3.789473684210526105e+00 4.000000000000000000e+00
3.894736842105262831e+00 4.000000000000000000e+00
4.000000000000000000e+00 4.000000000000000000e+00
