8.572031973130833649e-12
1.764144386129373743e-12
1.217137501896559115e-12
5.037692485387879060e-12
1.464278698293242087e-11
4.046990742523348672e-09
1.355138223857466073e-12
3.936259151959831115e-09
3.697625539089699487e-11
2.058386794345778981e-11
1.186201137315379128e-11
1.177197228585669109e-11
1.158412255009011460e-11
1.033084728874200664e-11
6.905309657412317392e-12
1.067168575730192970e-11
1.374883540350424482e-11
1.471278654463503699e-11
1.144767614036368286e-11
1.138350524954034881e-11
1.221178713706194685e-11
6.072586877792218729e-12
9.830136704636061040e-12
4.618416760138188693e-12
5.095368571517155942e-12
8.126832540256145876e-13
4.428568622927286924e-12
4.156887056794289492e-10
2.010059063639602073e-09
3.637238565890044129e-09
2.434010215601745131e-10
4.115069396348758346e-11
1.093569679255779192e-13
1.071365218763276062e-12
2.347844141326049794e-12
1.620920064837605423e-11
3.971888595799555333e-09
3.687661287443688707e-12
2.952055488947280537e-09
2.274092025800200645e-11
1.838834640111031149e-11
1.718086783952799124e-11
2.078670569005680591e-11
1.347888467506663801e-11
1.026617679755759127e-11
9.316936111503082429e-12
1.409955485698333177e-11
1.688632567109493721e-11
1.314376385508353451e-11
1.693362117194396887e-11
1.169647712018218044e-11
9.535316980446850721e-12
7.983169680869650620e-12
6.303235711158095000e-12
9.544476320400008262e-12
5.300426764165422355e-12
4.073519299652161862e-12
2.476352456426411663e-13
3.214828403486080788e-11
7.216159891854090347e-10
4.059647062959470531e-11
5.753003629038744293e-11
3.851502450302746183e-11
1.134037308503366148e-12
1.139088823265410610e-13
3.534283976591723331e-12
9.190981309359358420e-12
3.741802867551768941e-09
5.215050613571747817e-12
