2.214312796273606423e-07 -9.272956946184203186e-01 -8.364512588241003188e-01
8.900904276056432335e-10 -9.272939489374943944e-01 -8.618983260365643551e-01
2.264797409834917123e-08 -9.272960139351592579e-01 -8.870538332937095705e-01
9.038969881726096646e-07 -9.272939702318272470e-01 -9.119133777089849513e-01
1.781068679575090663e-06 -9.272947878503475794e-01 -9.364742947564868025e-01
-3.006465041035746464e-05 -9.273374746702063298e-01 -9.606581430828242674e-01
5.527171426720871306e-07 -9.272941603877243866e-01 -9.846822671850551378e-01
1.940942071268460993e-05 -9.273408132819103145e-01 -1.008400181615269897e+00
-3.072130756686653993e-06 -9.272944560388913793e-01 -1.031668810055831997e+00
-2.765727977919053403e-06 -9.272955616748997931e-01 -1.054711999620237428e+00
-2.117747132900021998e-06 -9.272951792175464503e-01 -1.077449387990254914e+00
-2.080159733489416005e-06 -9.272948665081280906e-01 -1.099880355346859018e+00
-2.166837671418187910e-06 -9.272948141040717740e-01 -1.122007084123989973e+00
-2.288852929022880102e-06 -9.272950106751175481e-01 -1.143830830793203246e+00
-1.811507406141205805e-06 -9.272946457780807394e-01 -1.165352866486801364e+00
-2.384149453619347419e-06 -9.272947284368215914e-01 -1.186571640592598786e+00
-2.606624201711062742e-06 -9.272943288140994555e-01 -1.207491526175972885e+00
-2.761580429537603345e-06 -9.272943893780067892e-01 -1.228114261654503103e+00
-2.621719902319673002e-06 -9.272946627119523777e-01 -1.248442761023990100e+00
-2.522987025397046770e-06 -9.272941384626292027e-01 -1.268477202247108027e+00
-2.610118569986071420e-06 -9.272940692847128075e-01 -1.288220198375373826e+00
-2.189353274125450098e-06 -9.272943877490951170e-01 -1.307677765463987507e+00
-2.626542028182328670e-06 -9.272943662493452477e-01 -1.326844876895051595e+00
-1.857909779806929786e-06 -9.272943582107484595e-01 -1.345733525873492153e+00
-2.049908139277289407e-06 -9.272945642060809179e-01 -1.364339233656430173e+00
-5.444187880573468814e-07 -9.272945606681226582e-01 -1.382671964333129333e+00
1.769803693196984429e-06 -9.272942292162389410e-01 -1.400733965388604618e+00
1.623682095652141010e-05 -9.272815274062461421e-01 -1.418552988010662652e+00
3.078369237536981935e-05 -9.272574729931277737e-01 -1.436097844357143050e+00
3.528975114667805421e-05 -9.272387594319542181e-01 -1.453353238086003918e+00
3.744998330416039940e-06 -9.272966985527077988e-01 -8.169023392832243102e-01
2.042715107651247848e-06 -9.272966134779770941e-01 -8.418949388164375103e-01
-2.249585525387789824e-07 -9.272953837557645906e-01 -8.666129576087719943e-01
1.491255777377173191e-07 -9.272946338186733861e-01 -8.910588126096069539e-01
6.775923992580190885e-07 -9.272944880952990188e-01 -9.152225035561718514e-01
1.727029961010755933e-06 -9.272958991321518241e-01 -9.391044860314468057e-01
-2.999039351532200161e-05 -9.273361918119349401e-01 -9.626237134461648193e-01
4.921617122009841342e-07 -9.272930672385726325e-01 -9.859981449762024175e-01
1.761861295465741483e-05 -9.273326917851878459e-01 -1.009076711022745432e+00
-2.735174515065904742e-06 -9.272962503565397308e-01 -1.031737322414842506e+00
-2.521725471353159057e-06 -9.272957684544220758e-01 -1.054177121364233249e+00
-2.129213250214266595e-06 -9.272937978996687036e-01 -1.076327550242746067e+00
-2.568276888685197621e-06 -9.272945468499211863e-01 -1.098187417196421434e+00
-2.430660698857927299e-06 -9.272950730725029178e-01 -1.119761416662927278e+00
-1.916200601055914686e-06 -9.272942848097972535e-01 -1.141046917175035036e+00
-2.020193870902033069e-06 -9.272946050290453712e-01 -1.162044982988337694e+00
-2.675312798216501281e-06 -9.272946098404308835e-01 -1.182755968789644729e+00
-2.743838925608639285e-06 -9.272941444442091008e-01 -1.203183286433304966e+00
-2.622772760982095718e-06 -9.272943556131840737e-01 -1.223329846225221562e+00
-2.987634232391361063e-06 -9.272940989224432995e-01 -1.243193761808604636e+00
-2.562611503250959499e-06 -9.272944404449434685e-01 -1.262781261619430495e+00
-2.498289210681481104e-06 -9.272945541691830496e-01 -1.282091717547124476e+00
-2.215948960397209297e-06 -9.272941423672913519e-01 -1.301127850101851058e+00
-2.071643006077447755e-06 -9.272943757015090771e-01 -1.319892082132609001e+00
-2.378961448180709742e-06 -9.272938751070776142e-01 -1.338385140679052787e+00
-2.011352234878051372e-06 -9.272943464641755229e-01 -1.356614615434962090e+00
-1.986755879435489196e-06 -9.272947460020566357e-01 -1.374579145864757379e+00
-1.728402594259973184e-07 -9.272948609834847922e-01 -1.392285628045250245e+00
4.677032775620524750e-06 -9.272922584551744896e-01 -1.409743933826046236e+00
2.068735967501630609e-05 -9.272754708064451235e-01 -1.426968748934633657e+00
-1.468545568505615693e-06 -9.272909359644879723e-01 -7.980045764627740068e-01
2.144144499641031248e-06 -9.272967358962783679e-01 -8.225760745631512938e-01
2.064368669561627569e-06 -9.272965516294745525e-01 -8.468741512407673699e-01
-2.124568726192491847e-07 -9.272941041656769245e-01 -8.709034269584920995e-01
1.622481661291965901e-07 -9.272943840260683412e-01 -8.946743425095866620e-01
7.735214705990975555e-07 -9.272952292122921270e-01 -9.181785011685460463e-01
1.594553274219365929e-06 -9.272950753586005623e-01 -9.414120033856777647e-01
-2.897513971467884487e-05 -9.273352346384113876e-01 -9.643027644770111317e-01
2.854142179032649867e-07 -9.272927957938837951e-01 -9.870568483806497762e-01
