2.076659440994262695e+01
4.775738477706909180e+00
4.829487562179565430e+00
4.750109672546386719e+00
4.967136144638061523e+00
4.076541662216186523e+00
4.158139228820800781e+00
4.248057126998901367e+00
4.731692314147949219e+00
4.953189849853515625e+00
4.854827404022216797e+00
4.765588045120239258e+00
4.820383787155151367e+00
4.847416162490844727e+00
5.037821531295776367e+00
4.893387794494628906e+00
4.704707860946655273e+00
4.796813011169433594e+00
4.843662261962890625e+00
4.673308849334716797e+00
4.781374931335449219e+00
4.792540311813354492e+00
4.671641111373901367e+00
4.796880960464477539e+00
4.812618017196655273e+00
4.703348875045776367e+00
4.799700260162353516e+00
4.796986579895019531e+00
4.638295412063598633e+00
4.806653738021850586e+00
1.015301609039306641e+01
5.395406723022460938e+00
4.890120983123779297e+00
4.750069379806518555e+00
4.766556501388549805e+00
5.251605510711669922e+00
4.157389640808105469e+00
4.178740024566650391e+00
4.346495389938354492e+00
4.846105575561523438e+00
4.837605476379394531e+00
4.839027643203735352e+00
4.968719482421875000e+00
4.803346872329711914e+00
4.796818733215332031e+00
4.828111648559570312e+00
4.843796491622924805e+00
4.638608217239379883e+00
4.796662092208862305e+00
4.828340291976928711e+00
4.907057762145996094e+00
4.797026157379150391e+00
4.809185743331909180e+00
4.921910047531127930e+00
4.979923725128173828e+00
4.672076940536499023e+00
4.806429147720336914e+00
4.812589168548583984e+00
4.703113555908203125e+00
4.968809843063354492e+00
1.104683279991149902e+01
5.531286001205444336e+00
5.484199523925781250e+00
4.953146219253540039e+00
4.913204431533813477e+00
4.718767166137695312e+00
4.906284809112548828e+00
4.094132900238037109e+00
4.139589071273803711e+00
