-1.323527931125060841e-01 5.882365207663425161e-02 6.617642946953258831e-02 -2.941185821456469493e-02
-1.236763456734912003e-01 5.686271391039231932e-02 6.183807471571246134e-02 -2.843131190873328731e-02
-1.158260386516963003e-01 5.502852236144471082e-02 5.791307632136031419e-02 -2.751428986674602645e-02
-1.086998711658241912e-01 5.330885477886753571e-02 5.434982671983797781e-02 -2.665443494286588375e-02
-1.022118099868984387e-01 5.169352480969725827e-02 5.110583147944980364e-02 -2.584683953036498796e-02
-9.629167578006250783e-02 5.017261308892972255e-02 4.814913524940701850e-02 -2.508618406255982633e-02
-9.086427812435908524e-02 4.873948512117164816e-02 4.543206553055528785e-02 -2.436973545445679165e-02
-8.588701906262845298e-02 4.738867790274085834e-02 4.294549715821233821e-02 -2.369652295598223546e-02
-8.130683000306113128e-02 4.610469642673405838e-02 4.065344710062322037e-02 -2.305220136448733401e-02
-7.708381119518976921e-02 4.489150476307178506e-02 3.854198423360016140e-02 -2.244565542748533718e-02
-7.318143835033849576e-02 4.374046080298876066e-02 3.659076371678162548e-02 -2.187015185128790909e-02
-6.956809991468675125e-02 4.264693838407954130e-02 3.478407903051333044e-02 -2.132338746682056405e-02
-6.621591846127719561e-02 4.160676752331429057e-02 3.310798759281630144e-02 -2.080330151902788291e-02
-6.310031073819510894e-02 4.061614560578406807e-02 3.155019367471630087e-02 -2.030799532619036174e-02
-6.019951961598061368e-02 3.967158920934077404e-02 3.009977421086856841e-02 -1.983572589060550451e-02
-5.749429613066631833e-02 3.876994236941257166e-02 2.874717668990438291e-02 -1.938489078444803615e-02
-5.496739245667563861e-02 3.790836264321737620e-02 2.748371508692472320e-02 -1.895408861468417944e-02
-5.260349572055125766e-02 3.708426114365185461e-02 2.630177182290142565e-02 -1.854203873188342219e-02
-5.038885831517084940e-02 3.629525460493070177e-02 2.519445924770642373e-02 -1.814754865322698585e-02
-4.831118071367414279e-02 3.553909173936377341e-02 2.415560259291535394e-02 -1.776946094682613914e-02
-4.635942422073709851e-02 3.481379614301514935e-02 2.317972426064303718e-02 -1.740681257524782574e-02
-4.452355670845010993e-02 3.411756936374822635e-02 2.226179259822194320e-02 -1.705871823911650487e-02
-4.279468678183832170e-02 3.344856516776763267e-02 2.139736453628985832e-02 -1.672420857668604696e-02
-4.116453558719211647e-02 3.280535472879327757e-02 2.058227614766997005e-02 -1.640262149582641729e-02
-3.962582346225779206e-02 3.218638379955229140e-02 1.981292852863657597e-02 -1.609313813305747118e-02
-3.817175780703214311e-02 3.159037688012807793e-02 1.908587182047187525e-02 -1.579516507097838626e-02
-3.679623440006356272e-02 3.101607581573790837e-02 1.839806701412326911e-02 -1.550805130121361668e-02
-3.549322355002864499e-02 3.046231905080460864e-02 1.774606077023537301e-02 -1.523118701336103123e-02
-3.425806090773782925e-02 2.992766088572371835e-02 1.712776166390983512e-02 -1.496365169997614618e-02
-3.308658052215708578e-02 2.941127899782709776e-02 1.654160383239033569e-02 -1.470518544758593095e-02
-1.318968673074804865e-01 5.708348792796222315e-02 6.594844881437376960e-02 -2.854204376291938003e-02
-1.232507563208460888e-01 5.518037697365427846e-02 6.162542929728719726e-02 -2.759036249691685164e-02
-1.154274625380563302e-01 5.340011392766845499e-02 5.771374923329786188e-02 -2.670004951269027912e-02
-1.083258974308222988e-01 5.173136240820903897e-02 5.416290530684629567e-02 -2.586567039332003312e-02
-1.018601573375700481e-01 5.016375887207252804e-02 5.093001520577400409e-02 -2.508189106155970724e-02
-9.595649271043664441e-02 4.868848253124983400e-02 4.797824516119492816e-02 -2.434434485253935548e-02
-9.055516086252482499e-02 4.729682351346822800e-02 4.528060868989457893e-02 -2.364826500342542825e-02
-8.559082035034280833e-02 4.598335418152033754e-02 4.279528380615225946e-02 -2.299163634093471034e-02
-8.102722150097403653e-02 4.474310959267200488e-02 4.051511433560101710e-02 -2.237331656324785534e-02
-7.681859948789498960e-02 4.356312477942626826e-02 3.840940888530515462e-02 -2.178148544124462044e-02
-7.292966694281198536e-02 4.244611758179902411e-02 3.646491208027081987e-02 -2.122298143933682921e-02
-6.932869173616046377e-02 4.138491665304882411e-02 3.466432839297057394e-02 -2.069234778708667344e-02
-6.598810057266502049e-02 4.037552579050649598e-02 3.299407445393391647e-02 -2.018766122108977754e-02
-6.288319924774649072e-02 3.941424975870245345e-02 3.144164182910203637e-02 -1.970704488527639728e-02
-5.999238012514318541e-02 3.849763039765070893e-02 2.999619195682410103e-02 -1.924873526659888825e-02
-5.729644750218287896e-02 3.762269616300480818e-02 2.864823980285825800e-02 -1.881127579299413793e-02
-5.477824985074981196e-02 3.678661701505439585e-02 2.738915331184308549e-02 -1.839322125042247222e-02
-5.242248346863432468e-02 3.598688039122478061e-02 2.621125593117253419e-02 -1.799334412998362942e-02
-5.021546250972690195e-02 3.522122209966144224e-02 2.510775037759298625e-02 -1.761052621398762758e-02
-4.814495650492433415e-02 3.448742525238344958e-02 2.407249609643702729e-02 -1.724361658511254156e-02
-4.619990574949577045e-02 3.378362381465623704e-02 2.309997370988282200e-02 -1.689173629320216835e-02
-4.437038136168612590e-02 3.310796549345969286e-02 2.218521362831778199e-02 -1.655391358536571420e-02
-4.264741042977941710e-02 3.245878858701808922e-02 2.132371250766965098e-02 -1.622932522017931159e-02
-4.102289727535097380e-02 3.183459348457518684e-02 2.051146001656364154e-02 -1.591723749097672877e-02
-3.948947507791471939e-02 3.123391290280405283e-02 1.974474154711242796e-02 -1.561688326456924132e-02
-3.804043318209497648e-02 3.065553958760333653e-02 1.902022669948545686e-02 -1.532771483905433739e-02
-3.666971968669859028e-02 3.009818368461745358e-02 1.833487892461132043e-02 -1.504904653645514588e-02
-3.537175731412990631e-02 2.956074996693392257e-02 1.768587331898400020e-02 -1.478036533055959029e-02
-3.414134243805756752e-02 2.904223447668969477e-02 1.707054015159354191e-02 -1.452114335811820894e-02
-3.297358054206332711e-02 2.854151550271805116e-02 1.648608809267032224e-02 -1.427074655048760077e-02
-1.314822268165187213e-01 5.543534216396692887e-02 6.574080223065008333e-02 -2.771742617868767217e-02
