8.949820280075073242e+00
8.564966917037963867e+00
8.720808744430541992e+00
8.481206655502319336e+00
8.539968729019165039e+00
8.601486921310424805e+00
8.551150560379028320e+00
8.742669343948364258e+00
8.637872695922851562e+00
8.641780614852905273e+00
8.594827651977539062e+00
8.614163160324096680e+00
8.620019912719726562e+00
8.847059011459350586e+00
8.695134162902832031e+00
8.755471229553222656e+00
8.665461540222167969e+00
8.525738716125488281e+00
8.694283008575439453e+00
8.604129552841186523e+00
8.632694482803344727e+00
8.547041416168212891e+00
8.580524206161499023e+00
8.524711370468139648e+00
8.583446979522705078e+00
8.607491731643676758e+00
8.614521265029907227e+00
8.522775411605834961e+00
8.475746154785156250e+00
8.516301393508911133e+00
8.610089778900146484e+00
8.549049377441406250e+00
8.506355762481689453e+00
8.693096876144409180e+00
8.736474275588989258e+00
8.614350795745849609e+00
8.578733921051025391e+00
8.646908760070800781e+00
8.678710937500000000e+00
8.666306972503662109e+00
8.524136543273925781e+00
8.750406742095947266e+00
8.367455244064331055e+00
8.567357778549194336e+00
8.599410057067871094e+00
8.391470193862915039e+00
8.540822982788085938e+00
8.478671312332153320e+00
8.512604951858520508e+00
8.547286033630371094e+00
8.386654853820800781e+00
8.620806694030761719e+00
8.541894197463989258e+00
8.784610509872436523e+00
8.611016273498535156e+00
8.619225978851318359e+00
8.625530004501342773e+00
8.558602333068847656e+00
8.625293970108032227e+00
8.616466999053955078e+00
8.653378248214721680e+00
