3.313183061237623406e-12
4.592326519059497514e-12
5.246414414017408490e-12
1.543370986567538239e-11
3.014755112218381328e-12
6.449119016593840570e-12
3.604283538294339451e-12
5.755840248866661568e-12
1.579730790624012116e-11
2.866651360733385445e-12
5.091704835535892926e-12
6.020905995995917692e-12
5.243361300699689309e-12
3.467059972450670102e-12
4.298117417533831031e-12
6.106504191194517261e-12
1.471528454644044359e-11
4.205025216919011655e-12
3.064531961527450221e-11
6.710354494288139904e-12
3.981981411271817706e-12
3.003597370820898504e-12
3.853639629625149610e-12
8.933520589948784618e-12
3.636924095218319053e-12
4.431399691640081073e-12
8.912426352480906644e-12
3.453681785003936966e-12
3.983979812716142987e-12
1.080197042924169182e-11
9.331702077730597011e-12
6.096068094763040790e-12
2.380051711270425585e-11
4.489908445037826823e-12
4.780675855187155321e-12
1.034838881253108411e-11
5.151434834260726348e-12
5.187406060258581419e-12
9.657386002004386683e-12
5.628331134488462340e-12
3.704148099359372281e-12
8.495815162490316652e-12
5.257849711171047602e-12
1.760219747737323814e-11
6.033895605384032024e-12
5.447586826079486855e-12
3.955946681344357785e-12
2.917721619866142646e-12
5.455469409554325466e-12
4.785782881100431041e-12
1.627104007084767545e-11
5.042910533603617296e-12
6.422196108246680524e-12
7.582656724736125398e-12
3.883560140138797578e-12
7.250811062675666108e-12
7.120526390735903988e-12
5.505873534872307573e-12
3.704536677417991086e-12
4.571398815045313313e-12
6.740330515953019130e-12
1.060179721790177609e-11
6.610989533584188393e-12
8.363476577954997992e-12
2.811773036626163957e-11
1.231675872404025540e-11
4.930000851999238876e-12
4.258760011310869231e-12
5.904998712225051349e-12
9.380773935419028930e-12
4.617312088228686662e-11
2.047872982302578748e-11
9.221290397931625193e-12
1.503036584082906302e-11
4.466205183462079731e-11
6.626033055567859265e-12
5.780320666559646270e-12
4.902911410198385056e-12
5.633771227309125607e-12
4.553191157441460746e-12
5.143507841864902730e-11
2.149924682726123137e-11
3.113259650078248342e-11
3.039263285486981658e-11
1.425926043907566054e-11
1.486721856736039626e-11
2.151018252405378917e-11
7.023770454139821595e-12
1.117572701048175077e-11
6.003364472206840219e-12
1.624966272650851806e-10
1.883568856442252581e-10
3.135536275067352108e-11
1.236069580023979597e-10
5.987149664932189808e-11
1.529648629983171304e-11
2.415828648238971255e-11
2.739897198011931323e-11
3.156813699334293233e-11
4.650096974145867534e-11
4.186206936651615251e-12
4.780231765977305258e-12
8.946787755093055239e-12
4.047262525119776910e-12
4.999056724130923612e-12
1.064187626909074424e-11
4.857170221583828607e-12
4.995615032754585627e-12
4.796441022136832544e-12
6.508960037621136507e-12
6.348976899772651450e-12
4.239664175287316539e-12
5.075551090527596898e-12
7.165990023594304148e-12
4.037936651712925595e-12
5.845379735802680443e-12
7.802258839006981361e-12
4.058309244214797218e-12
4.086952998250126257e-12
4.201472503240211154e-12
5.799194457978273931e-12
2.777278407251060344e-12
4.512168416681561212e-12
6.055600465515453834e-12
3.641253965014357163e-12
2.986111358183052289e-12
1.555755524407231860e-11
7.415346114925114307e-12
3.470557174978239345e-12
5.039135775319891764e-12
3.456290809111806084e-12
5.280664794327094569e-12
9.732215033864122233e-12
3.757494315692611053e-12
4.596101277343223046e-12
8.509859483751824882e-12
1.552741268895374560e-11
4.035605183361212767e-12
4.060363156810353757e-12
8.970879594727421136e-12
8.535228079864509709e-12
5.117239965102271526e-12
4.260647390452731997e-12
9.255707311695005046e-12
3.394173830884028575e-12
3.752109734023179044e-12
6.932954210725483790e-12
2.729816372948334902e-12
3.529787573341991447e-12
5.715372619619074612e-12
8.210543356312882679e-12
1.046612796429258196e-11
6.859901535705148490e-12
5.602129871107308645e-12
6.676659225490766403e-12
9.934941758160675818e-12
2.224970208075660594e-11
