2.148016912937164307e+03
1.040645337820053101e+03
1.280193930387496948e+03
4.823847162723541260e+02
1.122824901103973389e+03
1.115394043445587158e+03
1.219319036006927490e+03
8.501542162895202637e+02
7.854274957180023193e+02
8.377219691276550293e+02
1.371380539178848267e+03
1.167971095323562622e+03
7.710771334171295166e+02
1.337687390804290771e+03
9.355181550979614258e+02
1.283284468412399292e+03
1.451764341592788696e+03
1.430189778804779053e+03
1.258100694179534912e+03
1.409127748966217041e+03
1.326681578397750854e+03
1.232670407772064209e+03
1.741405853748321533e+03
8.018266296386718750e+02
1.294202286005020142e+03
1.664221119165420532e+03
7.994497737884521484e+02
9.426828389167785645e+02
1.450458948135375977e+03
1.717794366359710693e+03
1.518413261890411377e+03
1.259951500892639160e+03
7.290086178779602051e+02
1.413700927495956421e+03
1.053951213836669922e+03
7.354862270355224609e+02
8.762599148750305176e+02
1.476045934915542603e+03
5.957240872383117676e+02
8.868470571041107178e+02
9.010579967498779297e+02
1.178306244611740112e+03
7.112888212203979492e+02
7.334659147262573242e+02
1.337767002582550049e+03
1.099561375141143799e+03
7.807732884883880615e+02
1.280798497915267944e+03
1.657371455669403076e+03
8.158164963722229004e+02
6.936424095630645752e+02
8.430255491733551025e+02
6.409823529720306396e+02
8.312588798999786377e+02
1.126883400917053223e+03
5.894909603595733643e+02
1.046419198513031006e+03
1.593345294952392578e+03
1.221546725511550903e+03
1.712369429111480713e+03
1.732330192565917969e+03
1.131832160472869873e+03
1.472987944602966309e+03
9.183848841190338135e+02
8.356203675270080566e+02
1.558628082036972046e+03
5.117726306915283203e+02
1.924456796884536743e+03
2.099682636260986328e+03
7.098461711406707764e+02
6.088908689022064209e+02
7.477246305942535400e+02
1.326132364749908447e+03
4.935319619178771973e+02
1.317491516351699829e+03
9.064231166839599609e+02
8.487192823886871338e+02
7.554692482948303223e+02
1.218828596591949463e+03
9.356539568901062012e+02
1.068288527250289917e+03
1.029248636960983276e+03
1.175735231637954712e+03
1.283525654554367065e+03
1.199850426912307739e+03
7.367833096981048584e+02
1.140055626630783081e+03
1.303098782062530518e+03
5.400787560939788818e+02
2.112956843852996826e+03
1.460405051231384277e+03
1.805736695051193237e+03
1.470002895355224609e+03
9.375121243000030518e+02
1.228187355041503906e+03
9.107616815567016602e+02
8.403421547412872314e+02
9.888225893974304199e+02
1.172737826824188232e+03
1.097341646671295166e+03
1.351567581415176392e+03
1.116051653385162354e+03
9.971795024871826172e+02
9.811344578266143799e+02
5.917679967880249023e+02
9.463283519744873047e+02
9.048292193412780762e+02
9.340494351387023926e+02
1.002476289749145508e+03
7.979203507900238037e+02
7.626720316410064697e+02
1.058976700305938721e+03
7.979995858669281006e+02
8.894881634712219238e+02
1.163336822271347046e+03
1.720260425090789795e+03
1.028752793550491333e+03
1.864065088510513306e+03
1.085543343067169189e+03
1.631723320007324219e+03
1.048764678001403809e+03
1.581842442512512207e+03
9.513762924671173096e+02
1.714567649364471436e+03
1.102875696420669556e+03
2.190125160694122314e+03
1.834962777376174927e+03
1.787955990314483643e+03
8.415118906497955322e+02
1.591152810096740723e+03
2.725119369268417358e+03
1.158212665796279907e+03
9.568849465847015381e+02
1.217788598537445068e+03
8.254332568645477295e+02
1.264881926298141479e+03
1.382567649364471436e+03
2.500744743585586548e+03
6.366265857219696045e+02
1.502375284194946289e+03
1.237011991739273071e+03
7.741821572780609131e+02
8.563959610462188721e+02
1.191908220052719116e+03
1.477392273426055908e+03
1.121403423070907593e+03
1.372038753747940063e+03
1.384412717342376709e+03
1.053313497543334961e+03
1.230018939971923828e+03
7.238888442516326904e+02
1.016234463930130005e+03
6.361191473007202148e+02
5.562864267826080322e+02
1.205233875274658203e+03
4.962719068527221680e+02
6.246970989704132080e+02
