9.252117156982421875e+00
9.416912078857421875e+00
9.330772399902343750e+00
9.497294425964355469e+00
9.339257955551147461e+00
9.320354700088500977e+00
9.275290727615356445e+00
9.155175685882568359e+00
9.678211688995361328e+00
9.238200902938842773e+00
9.465206861495971680e+00
9.397157907485961914e+00
9.378257989883422852e+00
9.571237087249755859e+00
9.605179071426391602e+00
9.516226768493652344e+00
9.237204074859619141e+00
9.442205667495727539e+00
9.881217241287231445e+00
9.284222126007080078e+00
9.523175954818725586e+00
9.690192461013793945e+00
9.374174594879150391e+00
9.263204336166381836e+00
9.372215986251831055e+00
9.414232969284057617e+00
9.263247966766357422e+00
9.450174570083618164e+00
9.387203931808471680e+00
9.628210306167602539e+00
9.363204956054687500e+00
9.212202548980712891e+00
9.475183486938476562e+00
9.472216129302978516e+00
9.429204940795898438e+00
9.448186635971069336e+00
9.423234224319458008e+00
9.432157278060913086e+00
9.429155349731445312e+00
9.473186731338500977e+00
9.421119928359985352e+00
9.316189050674438477e+00
9.354153633117675781e+00
9.310179948806762695e+00
9.436157464981079102e+00
9.449162244796752930e+00
9.432157516479492188e+00
9.334206342697143555e+00
9.408125638961791992e+00
9.456109762191772461e+00
9.441218852996826172e+00
9.410109519958496094e+00
9.415155172348022461e+00
9.517159223556518555e+00
9.376127719879150391e+00
9.412155628204345703e+00
9.291123151779174805e+00
9.372125148773193359e+00
9.544182300567626953e+00
9.260122299194335938e+00
9.449156522750854492e+00
9.374131202697753906e+00
9.417126178741455078e+00
9.366124629974365234e+00
9.427155017852783203e+00
9.408134222030639648e+00
9.431154489517211914e+00
9.475158691406250000e+00
9.430126190185546875e+00
9.365179777145385742e+00
9.547128915786743164e+00
9.433180093765258789e+00
9.342092037200927734e+00
9.369128227233886719e+00
9.413128852844238281e+00
9.486123800277709961e+00
9.460143327713012695e+00
9.411134719848632812e+00
9.406099557876586914e+00
9.375131845474243164e+00
9.380099534988403320e+00
9.526137590408325195e+00
9.551129341125488281e+00
9.458127975463867188e+00
9.427125692367553711e+00
9.230179071426391602e+00
9.718102216720581055e+00
9.281124353408813477e+00
9.360089302062988281e+00
9.454161405563354492e+00
9.431129455566406250e+00
9.483099460601806641e+00
9.378091096878051758e+00
9.460151433944702148e+00
9.448133945465087891e+00
9.537130117416381836e+00
9.967103242874145508e+00
9.389108657836914062e+00
9.567123174667358398e+00
9.342129230499267578e+00
9.371080875396728516e+00
9.488111734390258789e+00
9.547116041183471680e+00
9.413083314895629883e+00
9.410112142562866211e+00
9.427992582321166992e+00
9.352112293243408203e+00
9.302116155624389648e+00
9.350110530853271484e+00
9.486112117767333984e+00
9.425159215927124023e+00
9.619120359420776367e+00
9.536122322082519531e+00
9.319078207015991211e+00
9.410114049911499023e+00
9.520087480545043945e+00
9.572120428085327148e+00
9.475113153457641602e+00
9.418061256408691406e+00
9.445115089416503906e+00
9.241111993789672852e+00
9.358127117156982422e+00
9.349086523056030273e+00
9.690115690231323242e+00
9.414082765579223633e+00
9.523114204406738281e+00
9.265075683593750000e+00
9.366147518157958984e+00
9.408101558685302734e+00
9.434102296829223633e+00
9.374124288558959961e+00
9.690082788467407227e+00
9.194099426269531250e+00
9.307102680206298828e+00
9.396102190017700195e+00
9.398138046264648438e+00
9.301150798797607422e+00
9.567071437835693359e+00
9.452125072479248047e+00
9.530105590820312500e+00
9.462098836898803711e+00
9.385139703750610352e+00
9.556105375289916992e+00
9.269056558609008789e+00
9.423104763031005859e+00
9.607113838195800781e+00
9.270100831985473633e+00
9.564076185226440430e+00
9.397073507308959961e+00
9.481072187423706055e+00
9.427155971527099609e+00
9.500106811523437500e+00
9.592076778411865234e+00
9.446110963821411133e+00
9.484075307846069336e+00
9.476101160049438477e+00
9.265129566192626953e+00
9.365085840225219727e+00
9.263098716735839844e+00
9.505128860473632812e+00
9.348071336746215820e+00
9.311127901077270508e+00
9.716072797775268555e+00
9.522094964981079102e+00
9.430150270462036133e+00
9.528123855590820312e+00
9.480099439620971680e+00
9.313100099563598633e+00
9.368060588836669922e+00
9.417102575302124023e+00
9.274099349975585938e+00
9.425114393234252930e+00
9.492071151733398438e+00
9.451053619384765625e+00
9.687625646591186523e+00
9.550112724304199219e+00
9.927103042602539062e+00
9.596096754074096680e+00
9.475048780441284180e+00
9.443098545074462891e+00
9.439100742340087891e+00
9.297116756439208984e+00
9.523096084594726562e+00
9.635075807571411133e+00
9.385074615478515625e+00
9.425067424774169922e+00
9.575099229812622070e+00
9.150141000747680664e+00
9.389097929000854492e+00
9.414064645767211914e+00
9.492105960845947266e+00
9.339069128036499023e+00
9.437097787857055664e+00
9.449065685272216797e+00
9.423097610473632812e+00
9.534069061279296875e+00
9.420141696929931641e+00
9.438111782073974609e+00
9.388104915618896484e+00
9.479095220565795898e+00
9.462097644805908203e+00
9.793066024780273438e+00
9.700100660324096680e+00
9.507150650024414062e+00
9.601049423217773438e+00
9.538076877593994141e+00
9.519165277481079102e+00
9.508108377456665039e+00
9.394170284271240234e+00
9.921101808547973633e+00
9.888103246688842773e+00
9.559046506881713867e+00
9.607067823410034180e+00
9.434125661849975586e+00
9.376095056533813477e+00
9.714094161987304688e+00
9.489136219024658203e+00
9.510099411010742188e+00
9.554096937179565430e+00
9.474076032638549805e+00
9.559042930603027344e+00
9.777092933654785156e+00
9.542478561401367188e+00
9.524447917938232422e+00
9.507480621337890625e+00
9.523508310317993164e+00
9.853494644165039062e+00
9.367469787597656250e+00
9.718487977981567383e+00
9.505476474761962891e+00
9.462506771087646484e+00
9.409425735473632812e+00
9.400496721267700195e+00
9.429444313049316406e+00
9.348473310470581055e+00
9.473473787307739258e+00
9.604525327682495117e+00
9.353474617004394531e+00
9.521534204483032227e+00
9.421517133712768555e+00
9.288466215133666992e+00
9.495548248291015625e+00
9.556478738784790039e+00
9.459473848342895508e+00
9.438475608825683594e+00
9.570535659790039062e+00
9.451441526412963867e+00
9.531508922576904297e+00
9.491474628448486328e+00
9.392437219619750977e+00
9.426474571228027344e+00
9.522427558898925781e+00
9.540472984313964844e+00
9.459398031234741211e+00
9.482291698455810547e+00
9.439310312271118164e+00
9.494362831115722656e+00
9.359304189682006836e+00
9.405300855636596680e+00
9.339348316192626953e+00
9.467308282852172852e+00
9.637288093566894531e+00
9.605345249176025391e+00
9.585311412811279297e+00
9.284934520721435547e+00
9.564319849014282227e+00
9.469249010086059570e+00
9.338331937789916992e+00
9.286355733871459961e+00
9.287305831909179688e+00
9.575310707092285156e+00
9.401284933090209961e+00
9.521327733993530273e+00
9.623305082321166992e+00
9.501343965530395508e+00
9.351276159286499023e+00
9.488383769989013672e+00
9.538223981857299805e+00
9.502378940582275391e+00
9.351312160491943359e+00
9.538321256637573242e+00
9.588311433792114258e+00
9.392335414886474609e+00
9.461355924606323242e+00
9.424280881881713867e+00
1.051845097541809082e+01
9.565221786499023438e+00
9.910278081893920898e+00
9.501174211502075195e+00
9.629218816757202148e+00
9.383212804794311523e+00
9.578249216079711914e+00
9.528187036514282227e+00
9.513192892074584961e+00
9.300183773040771484e+00
9.753221273422241211e+00
9.622184276580810547e+00
9.435181617736816406e+00
9.745217800140380859e+00
9.392215967178344727e+00
9.423231840133666992e+00
9.798216819763183594e+00
9.462233781814575195e+00
9.568261146545410156e+00
9.525186777114868164e+00
9.514219760894775391e+00
9.484210968017578125e+00
9.351209163665771484e+00
9.467213392257690430e+00
9.592218160629272461e+00
9.349212646484375000e+00
9.474182367324829102e+00
9.442244052886962891e+00
9.590186119079589844e+00
9.369072198867797852e+00
9.647216558456420898e+00
9.238883733749389648e+00
9.386189937591552734e+00
9.559195995330810547e+00
9.499702453613281250e+00
9.433160781860351562e+00
9.625215291976928711e+00
9.804167270660400391e+00
9.411160707473754883e+00
9.453162431716918945e+00
9.434164762496948242e+00
1.010421276092529297e+01
9.623218059539794922e+00
9.608997344970703125e+00
9.790198802947998047e+00
9.452130556106567383e+00
9.210728645324707031e+00
9.283125877380371094e+00
9.535209655761718750e+00
9.377159833908081055e+00
9.410165548324584961e+00
9.375166177749633789e+00
9.331133127212524414e+00
9.434156894683837891e+00
9.603215932846069336e+00
9.695166826248168945e+00
9.320180416107177734e+00
9.564162731170654297e+00
9.423187017440795898e+00
9.409158945083618164e+00
9.551101446151733398e+00
9.416104316711425781e+00
9.396163940429687500e+00
9.288178920745849609e+00
9.345160484313964844e+00
9.776139020919799805e+00
9.522133111953735352e+00
9.455137252807617188e+00
9.291089057922363281e+00
9.583131790161132812e+00
9.692106246948242188e+00
9.480104207992553711e+00
9.335099458694458008e+00
9.381103038787841797e+00
9.317155838012695312e+00
9.463135242462158203e+00
9.467154979705810547e+00
9.472136020660400391e+00
9.279105663299560547e+00
9.460133552551269531e+00
9.536134719848632812e+00
9.531180143356323242e+00
9.427084684371948242e+00
9.437107324600219727e+00
9.211099147796630859e+00
9.460100412368774414e+00
9.344164133071899414e+00
9.376131772994995117e+00
9.387143850326538086e+00
9.383131504058837891e+00
9.360114812850952148e+00
9.440116643905639648e+00
9.580117702484130859e+00
9.560082912445068359e+00
9.827121257781982422e+00
9.393082141876220703e+00
9.524115562438964844e+00
9.545115232467651367e+00
9.429184436798095703e+00
9.587085962295532227e+00
9.436120986938476562e+00
9.606150150299072266e+00
9.421114921569824219e+00
9.499117851257324219e+00
9.360113620758056641e+00
9.421164751052856445e+00
9.482090950012207031e+00
9.408068418502807617e+00
9.309090137481689453e+00
9.369115352630615234e+00
9.605142593383789062e+00
9.525116205215454102e+00
9.578119039535522461e+00
9.479115247726440430e+00
9.439119100570678711e+00
9.373081445693969727e+00
9.352132320404052734e+00
9.406165361404418945e+00
9.477089643478393555e+00
9.453114271163940430e+00
9.512063741683959961e+00
9.445107221603393555e+00
9.278167247772216797e+00
9.543163061141967773e+00
9.454056739807128906e+00
9.469125270843505859e+00
9.447125911712646484e+00
9.474108695983886719e+00
9.481114149093627930e+00
9.303105354309082031e+00
9.485060930252075195e+00
9.480055332183837891e+00
9.508083581924438477e+00
9.736168861389160156e+00
9.513106584548950195e+00
9.488111972808837891e+00
9.480107069015502930e+00
9.483108043670654297e+00
9.515081644058227539e+00
9.782109498977661133e+00
9.474079608917236328e+00
9.358080863952636719e+00
9.493144035339355469e+00
9.451078891754150391e+00
9.298155784606933594e+00
9.396104097366333008e+00
9.350097656250000000e+00
9.413052320480346680e+00
9.283157348632812500e+00
9.368076562881469727e+00
9.430076837539672852e+00
9.395120859146118164e+00
9.484056949615478516e+00
9.581075668334960938e+00
9.477103710174560547e+00
9.487100124359130859e+00
9.567102432250976562e+00
9.508070707321166992e+00
9.524088382720947266e+00
9.512096643447875977e+00
9.435102939605712891e+00
9.488104820251464844e+00
9.474102497100830078e+00
9.463097095489501953e+00
9.487072467803955078e+00
9.485106706619262695e+00
9.461041927337646484e+00
9.461102962493896484e+00
9.560070991516113281e+00
9.520102500915527344e+00
9.473068952560424805e+00
9.452099084854125977e+00
9.435098171234130859e+00
9.449107170104980469e+00
9.462152719497680664e+00
9.484150886535644531e+00
9.684101343154907227e+00
9.585104227066040039e+00
9.363093614578247070e+00
9.817104578018188477e+00
9.691107273101806641e+00
9.606127738952636719e+00
9.536052227020263672e+00
9.460096836090087891e+00
9.410128116607666016e+00
9.684114694595336914e+00
9.873115777969360352e+00
9.896111011505126953e+00
9.763100385665893555e+00
9.605095624923706055e+00
9.501148700714111328e+00
9.324149370193481445e+00
9.395139217376708984e+00
9.564098358154296875e+00
9.603069067001342773e+00
9.387095689773559570e+00
9.500069379806518555e+00
9.447066545486450195e+00
9.429096460342407227e+00
9.552066802978515625e+00
9.441123247146606445e+00
9.189145326614379883e+00
9.283101320266723633e+00
9.387099266052246094e+00
9.475074768066406250e+00
9.526100635528564453e+00
9.481065273284912109e+00
9.349101305007934570e+00
9.445109844207763672e+00
9.556138992309570312e+00
9.457098245620727539e+00
9.484068870544433594e+00
9.438096523284912109e+00
9.476050853729248047e+00
9.293124914169311523e+00
9.505463361740112305e+00
9.446426153182983398e+00
9.472463846206665039e+00
9.586468935012817383e+00
9.419455528259277344e+00
9.405507802963256836e+00
9.481457948684692383e+00
9.425459623336791992e+00
9.563462972640991211e+00
9.433427572250366211e+00
9.374526500701904297e+00
9.526463508605957031e+00
9.422457933425903320e+00
9.552438497543334961e+00
9.510464668273925781e+00
9.556467294692993164e+00
9.375431299209594727e+00
9.382455825805664062e+00
9.518424034118652344e+00
9.468504905700683594e+00
9.549418687820434570e+00
9.391429662704467773e+00
9.451456069946289062e+00
9.390454053878784180e+00
9.448460102081298828e+00
9.430433750152587891e+00
9.497469425201416016e+00
9.550440549850463867e+00
9.450432538986206055e+00
9.640437602996826172e+00
9.415494680404663086e+00
9.402423381805419922e+00
9.385271787643432617e+00
9.369297504425048828e+00
9.521256923675537109e+00
9.469266653060913086e+00
9.669306039810180664e+00
9.459300279617309570e+00
9.304295778274536133e+00
9.454267740249633789e+00
9.418300390243530273e+00
9.425293684005737305e+00
9.522345781326293945e+00
9.545309782028198242e+00
9.648310899734497070e+00
9.487297296524047852e+00
9.538337230682373047e+00
9.363303661346435547e+00
9.351265192031860352e+00
9.432313919067382812e+00
9.527274847030639648e+00
9.609296083450317383e+00
9.527303457260131836e+00
9.359296798706054688e+00
9.482280969619750977e+00
9.457298994064331055e+00
9.460297584533691406e+00
9.329338073730468750e+00
9.376296520233154297e+00
9.265292882919311523e+00
9.413298606872558594e+00
9.324173688888549805e+00
9.491168498992919922e+00
9.489216566085815430e+00
9.516183853149414062e+00
9.380209207534790039e+00
9.494213104248046875e+00
9.360174179077148438e+00
9.491243124008178711e+00
9.566214799880981445e+00
9.380208969116210938e+00
9.274250268936157227e+00
9.568212747573852539e+00
9.440178155899047852e+00
9.460208654403686523e+00
9.461260795593261719e+00
9.456176519393920898e+00
9.421215534210205078e+00
9.383175134658813477e+00
9.307238340377807617e+00
9.489211082458496094e+00
9.435204267501831055e+00
9.583184719085693359e+00
9.270208120346069336e+00
9.478214740753173828e+00
9.448171615600585938e+00
9.417180061340332031e+00
9.530210018157958984e+00
9.602193355560302734e+00
9.574182033538818359e+00
9.420212507247924805e+00
9.421190023422241211e+00
9.632178544998168945e+00
9.359142303466796875e+00
9.375171899795532227e+00
9.431207180023193359e+00
9.353122472763061523e+00
9.713163852691650391e+00
9.608160734176635742e+00
9.428158521652221680e+00
9.679162025451660156e+00
9.423162937164306641e+00
9.393160343170166016e+00
9.469160318374633789e+00
9.529166936874389648e+00
9.502162456512451172e+00
9.421127319335937500e+00
9.509191989898681641e+00
9.385162591934204102e+00
9.508165836334228516e+00
9.360125303268432617e+00
9.464163780212402344e+00
9.489159107208251953e+00
9.520145654678344727e+00
9.472159385681152344e+00
9.510134935379028320e+00
9.359200239181518555e+00
9.336110830307006836e+00
9.400157451629638672e+00
9.542135715484619141e+00
9.425200223922729492e+00
9.645102500915527344e+00
9.483100175857543945e+00
9.302181005477905273e+00
9.412134170532226562e+00
9.367103099822998047e+00
9.421096086502075195e+00
9.539138793945312500e+00
9.477153062820434570e+00
9.352098464965820312e+00
9.463132619857788086e+00
9.454132318496704102e+00
9.503105878829956055e+00
9.481131076812744141e+00
9.544132232666015625e+00
9.484130144119262695e+00
9.461085557937622070e+00
9.442125797271728516e+00
9.499136924743652344e+00
9.419129848480224609e+00
9.438184261322021484e+00
9.482165098190307617e+00
9.321163892745971680e+00
9.339159488677978516e+00
9.545178413391113281e+00
9.503127813339233398e+00
9.521152257919311523e+00
9.505088090896606445e+00
9.493106603622436523e+00
9.328132629394531250e+00
9.343131065368652344e+00
9.567098140716552734e+00
9.586132526397705078e+00
9.403134346008300781e+00
9.445115089416503906e+00
9.495087385177612305e+00
9.516066551208496094e+00
9.503145933151245117e+00
9.525117635726928711e+00
9.505115509033203125e+00
9.366117954254150391e+00
9.717119693756103516e+00
9.390082597732543945e+00
9.496116876602172852e+00
9.597090244293212891e+00
9.520084619522094727e+00
9.400079488754272461e+00
9.417063474655151367e+00
9.517116785049438477e+00
9.444123506546020508e+00
9.446118593215942383e+00
9.723087310791015625e+00
9.416085481643676758e+00
9.397081136703491211e+00
9.476114749908447266e+00
9.418095588684082031e+00
9.654087305068969727e+00
9.382111549377441406e+00
9.522118091583251953e+00
9.554120063781738281e+00
9.343084573745727539e+00
9.410078763961791992e+00
9.493090391159057617e+00
9.483099222183227539e+00
9.466118335723876953e+00
9.295110702514648438e+00
9.498107671737670898e+00
9.410156488418579102e+00
9.488107681274414062e+00
9.408139944076538086e+00
9.739107370376586914e+00
9.287116050720214844e+00
9.331086874008178711e+00
9.317118167877197266e+00
9.485108852386474609e+00
9.419081211090087891e+00
9.522107124328613281e+00
9.536105871200561523e+00
9.320104122161865234e+00
9.318096160888671875e+00
9.590110778808593750e+00
9.321104526519775391e+00
9.386105775833129883e+00
9.398058652877807617e+00
9.207072973251342773e+00
9.388074159622192383e+00
9.273102521896362305e+00
9.406133651733398438e+00
9.509105443954467773e+00
9.449105978012084961e+00
9.434105157852172852e+00
9.444101095199584961e+00
9.300056934356689453e+00
9.316073417663574219e+00
9.116096973419189453e+00
9.450137138366699219e+00
9.211097240447998047e+00
9.524158716201782227e+00
9.269097328186035156e+00
9.404100179672241211e+00
9.407102108001708984e+00
9.511068820953369141e+00
9.431100845336914062e+00
9.335070610046386719e+00
9.297068834304809570e+00
9.348073244094848633e+00
9.366098165512084961e+00
9.533101320266723633e+00
9.295097589492797852e+00
9.432150602340698242e+00
9.394102334976196289e+00
9.223083972930908203e+00
9.602073431015014648e+00
9.291098833084106445e+00
9.406104803085327148e+00
9.505101203918457031e+00
9.484094858169555664e+00
9.514071464538574219e+00
9.417110204696655273e+00
9.417132139205932617e+00
9.312096834182739258e+00
9.440118551254272461e+00
9.420100927352905273e+00
9.473098993301391602e+00
9.297065734863281250e+00
9.368079423904418945e+00
9.483066082000732422e+00
9.388096332550048828e+00
9.408099889755249023e+00
9.249063730239868164e+00
9.478164911270141602e+00
9.403110265731811523e+00
9.441102266311645508e+00
9.456062078475952148e+00
9.369096517562866211e+00
9.490130662918090820e+00
9.639085769653320312e+00
9.426102399826049805e+00
9.353063344955444336e+00
9.454130649566650391e+00
9.418096780776977539e+00
9.461096048355102539e+00
9.463099479675292969e+00
9.278156757354736328e+00
9.697103500366210938e+00
9.497097253799438477e+00
9.364097118377685547e+00
9.435053586959838867e+00
9.584092855453491211e+00
9.548146724700927734e+00
9.481101512908935547e+00
9.537148475646972656e+00
9.557098150253295898e+00
9.433097124099731445e+00
9.609172105789184570e+00
9.544057846069335938e+00
9.501084089279174805e+00
9.424067497253417969e+00
9.480117559432983398e+00
9.809490203857421875e+00
9.428476333618164062e+00
9.456441164016723633e+00
1.052340817451477051e+01
9.301514863967895508e+00
9.403501510620117188e+00
9.257493734359741211e+00
9.452487230300903320e+00
9.697459936141967773e+00
9.522478818893432617e+00
9.443523406982421875e+00
9.578476190567016602e+00
9.466444015502929688e+00
9.516448974609375000e+00
9.390422344207763672e+00
9.440474033355712891e+00
9.329470157623291016e+00
9.489468812942504883e+00
9.421483278274536133e+00
9.461472988128662109e+00
9.562479972839355469e+00
9.711441278457641602e+00
9.388519287109375000e+00
9.266431570053100586e+00
9.629480838775634766e+00
9.471478223800659180e+00
9.177459239959716797e+00
9.496442317962646484e+00
9.287441492080688477e+00
9.503477334976196289e+00
9.541482210159301758e+00
9.414472103118896484e+00
9.448310136795043945e+00
9.478292226791381836e+00
9.466302871704101562e+00
9.701346635818481445e+00
9.468281984329223633e+00
9.682271718978881836e+00
9.576311826705932617e+00
9.278331518173217773e+00
9.469281673431396484e+00
9.339255094528198242e+00
9.436306715011596680e+00
9.445309638977050781e+00
9.465306758880615234e+00
9.490312576293945312e+00
9.586349487304687500e+00
9.362278938293457031e+00
9.556281805038452148e+00
9.492311954498291016e+00
9.271270036697387695e+00
9.490308761596679688e+00
9.469285488128662109e+00
9.462278842926025391e+00
9.545305490493774414e+00
9.445347070693969727e+00
9.542310237884521484e+00
9.451308250427246094e+00
9.561340332031250000e+00
9.466300964355468750e+00
9.390328407287597656e+00
9.476280689239501953e+00
9.765314579010009766e+00
9.489362478256225586e+00
9.444307804107666016e+00
9.570216894149780273e+00
9.386241912841796875e+00
9.517214775085449219e+00
9.629221677780151367e+00
9.293184757232666016e+00
9.370213508605957031e+00
9.533236980438232422e+00
9.292185544967651367e+00
9.489218235015869141e+00
9.464169263839721680e+00
9.423215627670288086e+00
9.546198129653930664e+00
9.419188499450683594e+00
9.440220594406127930e+00
9.434219360351562500e+00
9.314211845397949219e+00
9.501212596893310547e+00
9.598269939422607422e+00
9.601189851760864258e+00
9.601217508316040039e+00
9.610217571258544922e+00
9.468215465545654297e+00
9.657220125198364258e+00
9.448186159133911133e+00
9.479214429855346680e+00
9.419216632843017578e+00
9.431259632110595703e+00
9.374211072921752930e+00
9.290249586105346680e+00
9.451129436492919922e+00
9.439168214797973633e+00
9.356159210205078125e+00
9.488134860992431641e+00
9.433164119720458984e+00
9.448186159133911133e+00
9.693139553070068359e+00
9.486165761947631836e+00
9.628177642822265625e+00
9.521193027496337891e+00
9.483162164688110352e+00
9.377167701721191406e+00
9.463112592697143555e+00
9.436149835586547852e+00
9.298158407211303711e+00
9.449131250381469727e+00
9.607230901718139648e+00
9.462161540985107422e+00
9.480162382125854492e+00
9.529164791107177734e+00
9.583138227462768555e+00
9.603195667266845703e+00
9.609166383743286133e+00
9.435186624526977539e+00
9.577164888381958008e+00
9.430160999298095703e+00
9.606198787689208984e+00
