2.202855981227505033e-01 2.039618686825674654e-01 -1.140960951614726104e+00 -8.859263931519701929e-01 2.953850074159677930e-01 -3.021741940426410367e-02
1.770591649633599662e-01 1.452744923423182344e-01 -1.184853904899688892e+00 -9.446104560856157795e-01 2.769376232068208599e-01 -4.816011394105038784e-02
1.304794338176575585e-01 8.165918679686041959e-02 -1.232215653027968649e+00 -1.008206348858264434e+00 2.594684794189098254e-01 -6.511729197401361358e-02
8.185200264656587732e-02 1.469558904970640067e-02 -1.283144860890389483e+00 -1.076491605055172496e+00 2.423379565484773956e-01 -8.207746285521323737e-02
3.186567240924402522e-02 -5.457871028221693982e-02 -1.336371189882918253e+00 -1.148061738410547372e+00 2.246622112598301024e-01 -9.970422698293217312e-02
-2.026711391400195031e-02 -1.259902335397518058e-01 -1.388853626121298701e+00 -1.219934302801700898e+00 2.061006589116025911e-01 -1.182980396233829917e-01
-4.966481487446439136e-02 -2.017322756952964757e-01 -1.462228261776678639e+00 -1.285931712817000028e+00 1.831881539203878417e-01 -1.385733013824868021e-01
1.627549817980409097e+00 1.814081471750211394e+00 1.745306827200035771e-01 1.338023196947536464e+00 5.551200682378077955e-01 7.432148375864440215e-01
1.637182527766320117e+00 1.792129135662297035e+00 9.420244705452733569e-02 1.260665452084585691e+00 5.401849956073979664e-01 7.230653391373976779e-01
1.647278857557033183e+00 1.776783575274495597e+00 2.365416479276412007e-02 1.188203812291753314e+00 5.226853081802527168e-01 7.044534519133814898e-01
1.723771583090484949e+00 -2.840955992856187273e-01 -2.376417667682189094e+00 -8.130090689153369743e-01 -2.090308598710536869e-01 3.685988456019258664e-03
1.644253641129243437e+00 -3.365516441367557010e-01 -2.427383010829120114e+00 -8.944280838572922221e-01 -2.165929699054152668e-01 -3.075519750969066615e-02
