-4.996003610813204432e-15
-2.564615186884111608e-14
-2.664535259100375697e-15
3.486100297322991537e-14
-5.262457136723242002e-14
1.109112801600531384e-13
9.717782134543995198e-13
1.335714872041648960e-10
-4.390932062392494117e-13
-1.332267629550187849e-15
-3.019806626980425790e-14
1.578737141016972600e-13
-6.405986852087153238e-14
2.431388423929092824e-14
-5.950795411990839057e-14
1.305017205410763381e-11
1.773338231814136634e-08
3.780309398848658020e-14
2.394751064116462658e-13
1.226796442210797977e-14
7.105427357601001859e-15
-1.787459069646502030e-14
-5.595524044110788964e-14
-3.552713678800500929e-14
-4.134470543704082957e-13
-2.843547619590935938e-11
3.351041666377341244e-12
-1.811883976188255474e-13
-4.518607710224387120e-14
2.196021142708559637e-13
-3.907985046680551022e-14
-5.506706202140776441e-14
1.609823385706476984e-14
1.317501663322673267e-12
1.346089906206771047e-12
7.125522394346717192e-12
7.261968804073148931e-13
-7.860379014346108306e-14
5.728195695553495170e-13
-2.653433028854124132e-14
1.998401444325281773e-15
-4.596323321948148077e-14
5.084821452783216955e-14
-1.377786773559819267e-13
3.726463582154337928e-13
1.705798280404735578e-10
-1.031397189876770426e-13
-1.398881011027697241e-13
3.038680418399053451e-13
8.626432901337466319e-14
-3.796962744218035368e-14
-9.137135492665038328e-14
6.711298183859071287e-14
-4.376499163072367082e-13
2.270816312766044121e-10
5.003164549322036692e-12
-7.267519919196274714e-13
4.465872116554692184e-13
1.906808044793706358e-13
-3.985700658404311980e-14
7.288614156664152688e-14
4.618527782440651208e-14
-1.046940312221522618e-13
-6.320499679191016185e-13
2.006173005497657869e-12
1.554539830195267314e-11
3.281264149279650155e-13
7.616129948928573867e-14
1.441624597475765768e-13
1.953437411827962933e-13
-1.632027846198980114e-14
-8.559819519859956927e-14
-7.827072323607353610e-14
-1.254552017826426891e-13
1.271588390139299918e-11
5.880013143055862201e-11
2.079281191669224427e-12
1.156297280147100537e-12
1.013411576877842890e-12
2.720046410331633524e-15
-4.485301019485632423e-14
1.291744489151369635e-13
-1.916244940503020189e-13
2.876587856803780596e-13
1.254163439767808086e-12
1.865896326336269340e-10
4.418687638008123031e-13
-7.016609515630989335e-14
5.541678227416468872e-13
1.939004512507835898e-13
-3.030908857226677355e-14
-3.697042672001771280e-14
-5.118128143521971651e-14
-3.441691376337985275e-14
-4.019007349143066676e-13
6.855516154757879121e-12
-6.795231044520733121e-12
7.865930129469234089e-13
1.258437798412614939e-13
1.446065489574266394e-13
1.137978600240785454e-14
-2.908784324517910136e-14
2.551292510588609730e-13
2.225442052861126285e-13
-2.076117056049042731e-14
-5.929701174522961082e-13
-2.944988697350936491e-11
-4.583000645652646199e-13
-2.272626531407695438e-13
-1.434408147815702250e-13
7.699396675775460608e-14
-2.731148640577885089e-14
-1.221245327087672194e-15
-6.916689443414725247e-14
-4.974909373345326458e-13
1.812784367061226476e-10
3.730904474252838554e-12
8.521516825510389026e-13
-1.976196983832778642e-13
-2.697841949839130393e-14
-2.864375403532903874e-14
3.327893516313906730e-13
2.797762022055394482e-14
3.010369731271111959e-13
1.617594946878853079e-13
3.724471842048160397e-10
-8.671952045347097737e-13
4.041211809635569807e-14
2.597921877622866305e-14
9.825473767932635383e-14
3.558264793923626712e-14
1.225686219186172821e-13
-3.119726699196689879e-14
5.139222380989849626e-13
1.160060936200579818e-11
1.646198177773783300e-10
-4.662936703425657470e-14
-2.345901251032955770e-13
-3.419486915845482145e-14
-1.526556658859590243e-13
7.083222897108498728e-14
-2.442490654175344389e-15
5.226374888422924414e-13
8.254508188088038878e-14
1.342181921160090496e-11
2.007727317732133088e-12
-2.442490654175344389e-15
-9.880984919163893210e-15
-9.325873406851314940e-15
-1.465494392505206633e-14
1.359468093653504184e-13
-1.416644579421699746e-13
7.439604488013173977e-13
-6.963318810448981822e-13
2.838562718210368985e-11
9.453493543531976684e-12
1.518229986174901569e-13
-3.163025397157070984e-13
1.385558334732195362e-13
-9.103828801926283631e-15
-3.808064974464286934e-14
-1.262323578998802986e-13
8.386624728018432506e-13
7.622791287076324807e-13
1.273758876152442099e-12
6.409278663355166827e-11
3.262390357861022494e-13
5.979106099118780548e-13
7.271960811294775340e-14
4.788947016720612737e-13
-2.575717417130363174e-14
-7.172040739078511251e-14
2.325917236589702952e-14
2.317090963543932958e-12
7.730871498523583796e-12
-1.440437769062441475e-10
5.292988269900433806e-13
-2.797762022055394482e-13
6.755707104844077548e-14
-2.076117056049042731e-14
-1.842970220877759857e-14
-6.949996134153479943e-14
-9.026113190202522674e-14
-2.831068712794149178e-13
-3.145261828763068479e-13
5.724309914967307122e-12
1.025296514356455191e-11
4.503120099030866186e-12
2.320366121466577169e-13
-1.163513729807164054e-13
4.585221091701896512e-14
0.000000000000000000e+00
-3.042011087472928921e-14
-4.063416270128072938e-14
7.739586749266891275e-12
1.889433054458322658e-12
1.266335503125048945e-08
2.960409695162979915e-13
1.499911306268586486e-13
1.103561686477405601e-13
1.577626917992347444e-13
-2.653433028854124132e-14
2.225997164373438864e-14
7.632783294297951215e-14
2.490618822292844925e-12
4.823641486240148879e-12
1.845967823044247780e-11
-3.443911822387235588e-13
-1.827427098533007666e-13
-6.861178292183467420e-14
1.321165399303936283e-14
2.380873276308648201e-13
-9.536815781530094682e-14
2.804367849051914163e-12
-4.344302695358237543e-13
2.563227963214842475e-09
1.374678149090868828e-12
-5.118128143521971651e-14
-4.862776847858185647e-14
9.818812429784884444e-13
4.740652315149418428e-14
4.313216450668733160e-13
3.486100297322991537e-14
3.958500194300995645e-13
5.562994509489271877e-12
2.110894792295425759e-11
-9.126033262418786762e-14
-2.833289158843399491e-13
1.615374500829602766e-13
4.929390229335695039e-14
-4.440892098500626162e-15
2.999822612537172972e-13
7.566169912820441823e-14
6.412648190234904177e-13
-5.292988269900433806e-12
1.350031197944190353e-12
-2.465805337692472676e-13
-8.615330671091214754e-14
-7.482903185973555082e-14
-7.494005416219806648e-14
2.409183963436589693e-14
7.494005416219806648e-15
7.841505222927480645e-13
1.399214077935084788e-12
2.638561591439270160e-11
6.001310559611283679e-13
-1.653122083666858089e-13
5.112577028398845869e-14
5.531686220194842463e-13
9.015010959956271108e-14
9.742207041085748642e-14
-7.127631818093504990e-14
-2.986499936241671094e-14
2.695066392277567502e-13
1.297900675822916128e-11
2.948724597828800142e-11
-1.517674874662588991e-13
2.943756349793602567e-13
-3.130828929442941444e-14
-7.016609515630989335e-14
-4.363176486776865204e-14
-5.273559366969493567e-14
-3.663735981263016583e-14
-3.997913111675188702e-13
1.456229581364709702e-11
8.430978137852207510e-12
1.951216965778712620e-12
1.323385845353186596e-13
-4.352074256530613638e-14
2.893796313685470523e-13
-1.698641227676489507e-14
-2.686739719592878828e-14
-2.386979502944086562e-14
3.348432642269472126e-13
-5.760947274779937288e-13
6.225418736072185766e-09
5.253575352526240749e-13
1.676991878696298954e-13
-1.946220962167899415e-13
-5.784261958297065576e-14
-3.552713678800500929e-15
3.291811268013589142e-14
-3.397282455352979014e-14
-1.184607967275042029e-13
-4.551914400963141816e-14
9.221473584730688344e-11
3.701405848488548145e-11
-4.155564781171960931e-13
-3.130828929442941444e-13
1.193489751472043281e-13
-3.008704396734174225e-14
2.259303855112193560e-14
-5.551115123125782702e-16
-1.735278587489119673e-13
9.406364576136638789e-13
5.458189455964657100e-12
5.830336213819009572e-12
5.786537915497547147e-12
4.595213098923522921e-13
3.624878175401136104e-13
-3.741451592986777541e-14
8.815170815523742931e-14
-1.332267629550187849e-13
6.927791673660976812e-14
1.559863349598344939e-13
3.928291636423608679e-09
-1.407984839829623525e-12
2.104427743176984222e-13
1.816324868286756100e-13
5.356826093816380308e-14
1.110223024625156540e-15
-7.882583474838611437e-15
7.305267502033530036e-14
-2.109423746787797427e-15
-9.128253708468037075e-13
2.173006219408080142e-11
5.483891118984729474e-12
-5.007105841059455997e-14
8.756884106730922213e-13
-2.409183963436589693e-14
6.911138328291599464e-14
-1.221245327087672194e-13
-1.045830089196897461e-13
4.712952250685020772e-12
5.050831974884317788e-11
9.064970996064403153e-14
-3.455014052633487154e-13
2.658984143977249914e-13
-9.359180097590069636e-14
-3.719247132494274410e-14
7.366329768387913646e-14
-1.263433802023428143e-13
2.532418719169982069e-13
6.689648834878880734e-13
-4.322164848247211921e-11
1.375449754092983312e-11
2.825517597671023395e-14
6.239453398393379757e-14
1.461608611919018585e-13
-2.464695114667847520e-14
-2.919886554764161701e-14
-4.241051954068097984e-14
-2.242650509742816212e-13
-1.922906278650771128e-13
7.096613630075410128e-09
1.505240376786787238e-11
-1.598721155460225418e-13
3.230749001659205533e-14
3.452793606584236841e-14
-8.237854842718661530e-14
-1.041389197098396835e-13
-7.460698725481051952e-14
-1.718625242119742325e-13
-5.533351554731780197e-13
-5.938027847207649756e-12
4.430011912859299628e-11
3.860800568133981869e-13
-3.519406988061746233e-14
-1.310063169057684718e-14
9.797718192317006469e-14
-1.720845688168992638e-14
6.583622536027178285e-14
-7.438494264988548821e-14
1.887934253375078697e-13
-1.413869021860136854e-12
9.233713793577180695e-11
9.123812816369536449e-13
-3.075317778211683617e-13
1.065814103640150279e-13
-9.670042544485113467e-14
-4.007905118896815111e-14
1.965649865098839655e-13
-6.938893903907228378e-14
1.115219028235969745e-13
2.256805853306786958e-12
2.824231959408507464e-10
-2.139066701545289106e-12
7.110978472724127641e-14
1.538214000618154387e-13
-1.165734175856414367e-14
-2.908784324517910136e-14
2.320366121466577169e-14
3.150257832373881683e-13
-2.010613897596158495e-13
2.065014825802791165e-14
-7.048805983345118875e-13
-3.809264015330882103e-11
4.030331623994243273e-12
1.071309707612044804e-12
-9.880984919163893210e-15
-3.730349362740525976e-14
8.582023980352460057e-14
-5.495603971894524875e-14
-4.329869796038110508e-14
2.430167178602005151e-12
3.522626634833159187e-12
7.236156118750614041e-12
2.671862731062901730e-12
-1.144861982993461424e-12
-1.076916333886401844e-13
-2.797762022055394482e-14
-6.272760089132134453e-14
-5.773159728050814010e-14
2.102762408640046488e-13
6.649902850597300130e-12
-6.961875520516969118e-12
8.191780587196717534e-13
2.610689442406055605e-13
-2.697841949839130393e-14
5.589972928987663181e-14
9.525713551283843117e-14
-4.451994328746877727e-14
-7.405187574249794125e-14
6.721845302593010274e-13
2.693128497988084291e-10
3.652189661806914955e-12
1.573741137406159396e-13
-4.896083538596940343e-14
3.247402347028582881e-14
3.269606807521086012e-14
-6.372680161348398542e-14
1.744160371686120925e-13
-1.754152378907747334e-13
4.859612712238003951e-12
5.681926817935334384e-09
3.856970298699025079e-12
7.938094626069869264e-14
-8.826273045769994496e-14
-2.764455331316639786e-14
3.330113962363157043e-13
-5.551115123125782702e-15
-9.581224702515100944e-14
1.219468970248271944e-12
-1.558975171178644814e-12
6.824387028259160104e-07
1.040667552132390483e-12
1.882938249764265493e-12
-9.203748874142547720e-14
2.453592884421595954e-13
-4.252154184314349550e-14
7.438494264988548821e-15
-7.960299086562372395e-14
-4.940492459581946605e-14
8.565370634983082709e-14
1.343652966667718829e-10
1.586730746794273728e-12
-2.936539900133539049e-13
2.886579864025407005e-14
6.701861288149757456e-13
-8.770761894538736669e-15
-5.173639294753229478e-14
-8.415490526658686576e-14
-7.649436639667328564e-14
2.753408612221619478e-12
3.731531750261751768e-11
9.693912339514554333e-13
-1.276756478318930021e-13
2.159383782895929471e-14
-1.798561299892753595e-14
-2.586819647376614739e-14
-4.374278717023116769e-14
-8.659739592076221015e-14
1.540989558179717278e-13
-1.165734175856414367e-13
-1.709743457922741072e-14
-2.221456352202721973e-11
-7.542855229303313536e-13
-1.885158695813515806e-13
-5.495603971894524875e-14
7.455147610357926169e-14
-2.331468351712828735e-15
-7.660538869913580129e-15
-9.037215420448774239e-14
6.235567617807191709e-13
1.668110094499297702e-13
1.967048746109867352e-11
-2.015054789694659121e-12
3.134159598516816914e-13
6.716849298982197070e-13
5.345723863570128742e-14
2.242650509742816212e-14
-2.653433028854124132e-14
1.493249968120835547e-14
1.445510378061953816e-13
-1.049160758270772931e-13
-8.155698338896399946e-13
7.620977737765599613e-10
1.800226634429691330e-12
-2.122746423083299305e-13
1.388333892293758254e-13
9.880984919163893210e-15
-5.218048215738235740e-14
-4.729550084903166862e-14
-3.730349362740525976e-14
1.093014567743466614e-13
4.862943381311879421e-12
3.834138562197608735e-11
-5.936362512670712022e-13
8.269496198920478491e-13
-8.504308368628699100e-14
3.208544541166702402e-14
-5.595524044110788964e-14
-2.498001805406602216e-14
-2.154942890797428845e-13
2.142917898684260081e-09
1.689093309664713161e-12
7.935874180020618951e-13
3.042566198985241499e-13
-4.907185768843191909e-14
3.053113317719180486e-15
-6.483702463810914196e-14
-1.065814103640150279e-14
4.413136522884997248e-12
1.290356710370588189e-12
-9.695022562539179489e-12
-4.043432255684820120e-13
8.698597397938101494e-14
2.775557561562891351e-16
1.889044476399703854e-13
4.476974346800943749e-13
-1.787459069646502030e-14
1.098010571354279818e-13
4.640732242933154339e-14
2.392530618067212345e-14
4.063044345414823511e-11
-1.665334536937734811e-14
-3.796962744218035368e-14
2.828293155232586287e-13
1.665334536937734811e-15
3.164135620181696140e-15
-1.199040866595169064e-14
5.745404152435185097e-14
-2.073896609999792418e-13
2.134847854051713512e-12
9.342598916717292923e-11
6.383782391594650107e-14
-3.802513859341161151e-13
6.961098364399731508e-14
5.145883719137600565e-14
9.159339953157541458e-15
-2.897682094271658571e-14
-5.684341886080801487e-14
4.316547119742608629e-13
1.210087585690189371e-12
6.046933065384507699e-09
-6.628031457012184546e-14
3.524958103184872016e-14
-1.454392162258955068e-13
-2.253752739989067777e-14
4.501954364855009771e-14
-2.109423746787797427e-14
5.329070518200751394e-15
-9.980904991380157298e-14
4.757860772031108354e-13
6.798261953377959799e-11
4.966582700660637784e-13
2.367550600013146322e-13
2.616795669041493966e-13
0.000000000000000000e+00
1.010302952408892452e-14
-2.120525977034048992e-14
2.392530618067212345e-14
-4.107825191113079200e-15
-1.129096816043784202e-13
-4.640732242933154339e-14
2.291278278221398068e-12
-4.685141163918160601e-13
8.519296379461138713e-13
5.806466418789568706e-14
1.273425809245054552e-13
-4.796163466380676255e-14
-4.496403249731883989e-14
-7.194245199571014382e-14
-1.186828413324292342e-13
-5.095923683029468521e-14
4.613026627353633558e-11
1.815436689867055975e-12
-8.515410598874950665e-14
-3.508304757815494668e-14
-2.162714451969804941e-13
-9.880984919163893210e-15
4.662936703425657470e-15
7.444045380111674604e-14
9.392486788328824332e-14
1.424971252106388420e-13
1.870448240737232481e-12
4.592409230674832088e-10
6.075695502261169167e-13
-1.243449787580175325e-13
7.066569551739121380e-14
1.387778780781445676e-15
1.085798118083403097e-13
1.681987882307112159e-13
6.067368829576480493e-14
-8.426592756904938142e-14
2.218003558596137736e-12
-2.417843703028665914e-12
-5.113909296028396056e-12
2.757738482017657589e-12
4.535261055593764468e-14
-4.429789868254374596e-14
-3.330669073875469621e-16
-1.987299214079030207e-13
9.176548410039231385e-13
-1.927236148446809239e-12
-1.768585278227874369e-13
2.092770401418420079e-13
-5.995204332975845318e-14
-1.221245327087672194e-15
-2.431388423929092824e-14
-8.293365993949919357e-14
-1.129096816043784202e-13
6.927236562148664234e-13
-1.722511022705930372e-12
3.988198660209718582e-12
3.102518242314999952e-13
-2.797762022055394482e-14
3.774758283725532237e-15
1.104671909502030758e-14
1.776356839400250465e-14
1.326161402914749488e-13
-9.381384558082572767e-14
-1.084687895058777940e-13
6.329436974539248695e-12
3.725630914885869061e-12
-4.225508831723345793e-13
4.302114220422481594e-14
1.211808431378358364e-13
3.114175584073564096e-14
-2.819966482547897613e-14
-1.443289932012703503e-14
1.965094753586527077e-14
3.538280779480373894e-13
2.301048240838099446e-12
3.148048488554877622e-11
3.385070002082102292e-13
1.549871342376718530e-13
6.300515664747763367e-14
9.997558336749534647e-14
7.721601136267963739e-14
-7.294165271787278471e-14
5.812017533912694489e-14
-6.350475700855895411e-14
5.007827486025462349e-12
5.090327770407299113e-09
-5.315747841905249516e-13
4.324318680914984725e-14
-5.895284260759581230e-14
5.317968287954499829e-14
1.110223024625156540e-15
-6.339373470609643846e-14
2.300382107023324352e-13
-8.137934770502397441e-14
-2.751132655021137907e-13
-8.122613692762570281e-12
-9.370282327836321201e-14
9.357514763053131901e-13
-1.627586954100479488e-13
4.989897384177766071e-13
-1.665334536937734811e-14
-3.164135620181696140e-14
6.994405055138486205e-15
-7.016609515630989335e-14
2.232103391008877225e-13
1.924643777684309498e-11
3.288541661206068056e-11
-5.619948950652542408e-13
-6.072919944699606276e-14
-8.215650382226158399e-14
7.804867863114850479e-14
-7.660538869913580129e-15
-2.686739719592878828e-14
1.317279618717748235e-13
7.243650124166833848e-12
7.407963131811357016e-13
7.655431844000304409e-11
3.411104732009562213e-12
1.380617842272613416e-12
6.203371150093062170e-13
-8.992806499463767977e-15
-1.498801083243961330e-14
-3.286260152890463360e-14
-7.593925488436070736e-14
-9.769962616701377556e-15
4.413636123246078569e-12
3.292366379525901721e-13
4.022187527485954206e-09
-1.989852727035668067e-12
1.376010416720419016e-12
6.131206653492426994e-13
-3.352873534367972752e-14
-7.771561172376095783e-16
-5.029310301551959128e-14
-4.563016631209393381e-14
-5.795364188543317141e-14
-3.064215547965432052e-14
4.376943252282217145e-12
1.317390641020210751e-12
-4.733990977001667488e-13
8.019696018379818270e-13
-6.106226635438360972e-15
-1.049160758270772931e-13
3.103628465339625109e-13
1.528718109581328477e-04
-2.688960165642129141e-13
-5.029310301551959128e-14
-6.339373470609643846e-14
-6.217248937900876626e-14
-8.060219158778636483e-14
5.767608612927688228e-14
-4.518607710224387120e-14
5.978550987606467970e-14
-8.937295348232510150e-14
1.782715086662278736e-10
-1.418865025470950059e-13
-1.445510378061953816e-13
-1.887379141862766119e-15
-5.873079800267078099e-14
-3.630429290524261887e-14
-2.053912595556539600e-14
6.400435736964027456e-14
-2.853273173286652309e-14
7.312817018600981100e-12
1.081108591538537667e-09
7.717715355681775691e-13
4.174438572590588592e-14
6.272760089132134453e-14
-6.328271240363392280e-15
2.823852263134085661e-13
2.498001805406602216e-14
-4.729550084903166862e-14
1.081357225984902470e-13
-2.001732113399157242e-13
1.646865976923095332e-11
2.434108470339424457e-12
1.096345236817342084e-13
1.442179708988078346e-13
-3.197442310920450836e-14
-5.784261958297065576e-14
-9.547918011776346248e-14
-5.972999872483342187e-14
1.070254995738650905e-13
-5.240252676230738871e-14
-9.037215420448774239e-14
6.349121228765852720e-11
-5.790923296444816515e-13
6.217248937900876626e-14
-8.537615059367453796e-14
1.393885007416884037e-13
9.992007221626408864e-15
2.092770401418420079e-14
-9.292566716112560243e-14
8.323897127127111162e-13
-5.568878691519785207e-13
3.812338406072868224e-08
-5.436762151589391578e-13
4.778399897986673750e-13
1.258437798412614939e-13
9.133249712078850280e-13
1.726396803292118420e-13
-1.509903313490212895e-14
-7.505107646466058213e-14
4.302114220422481594e-14
1.268596339087935121e-12
2.651434627409798850e-12
-3.049560604040379985e-12
3.071431997625495569e-13
-2.378097718747085310e-13
1.940114735532461054e-13
6.550315845288423588e-15
1.382227665658319893e-14
-3.319566843629218056e-14
-1.200151089619794220e-13
7.649436639667328564e-14
-1.023625628704394330e-13
1.354871770331556036e-09
1.475097821668214237e-12
5.048184092970586789e-13
-9.880984919163893210e-14
-1.558753126573719783e-13
4.979350265443827084e-14
6.528111384795920458e-14
-1.176836406102665933e-14
9.253708910250679764e-14
5.062616992290713824e-14
2.291777878582479389e-12
6.558470433404295363e-11
-2.668976151198876323e-13
-4.216627047526344541e-13
-7.693845560652334825e-14
3.330669073875469621e-16
3.780309398848658020e-14
9.436895709313830594e-16
1.981748098955904425e-13
4.504174810904260084e-13
-5.763167720829187601e-13
3.867406395130501551e-12
7.636336007976751716e-12
1.790789738720377500e-13
6.981637490355296904e-13
-5.062616992290713824e-14
-1.038058528024521365e-13
-1.321609488513786346e-12
3.983757768111217956e-12
-1.683098105331737315e-13
5.923039836375210143e-14
-6.894484982922222116e-14
1.108557690088218806e-13
7.926992395823617699e-14
-3.752553823233029107e-14
1.398881011027697241e-13
9.847678228425138514e-14
-1.524669279717727477e-12
9.667822098435863154e-13
1.568190022283033613e-13
-3.863576125695544761e-14
-6.172840016915870365e-14
6.583622536027178285e-14
1.029176743827520113e-13
-3.685940441755519714e-14
-6.339373470609643846e-14
1.718070130607429746e-13
5.125899704694347747e-13
8.282230457012929037e-11
8.668066264760909689e-13
-3.586020369539255626e-14
-6.106226635438360972e-15
2.246536290329004260e-13
2.604583215770617244e-13
-9.003908729710019543e-14
-1.254552017826426891e-14
-1.290079154614431900e-13
-6.021849685566849075e-13
1.306771338915879710e-07
1.929789661403447099e-12
1.835753771217696340e-13
4.563016631209393381e-14
-9.381384558082572767e-14
-9.192646643896296155e-14
4.274358644806852681e-14
2.009503674571533338e-14
4.996003610813204432e-16
4.624078897563776991e-14
-6.903588811724148400e-12
-3.936628800715880061e-12
-1.360023205165816762e-13
3.336220188998595404e-14
-1.152411499560912489e-13
8.315570454442422488e-14
6.761258219967203331e-14
2.275957200481570908e-15
-1.798561299892753595e-14
4.605205106145149330e-13
2.764122264409252239e-12
2.707450097449992654e-09
-4.541922393741515407e-13
4.220512828112532588e-13
-3.486100297322991537e-14
8.171241461241152138e-14
5.458411500569582131e-13
-2.653433028854124132e-14
-8.248957072964913095e-14
-1.953992523340275511e-14
3.871902798380233435e-13
-1.783018177548001404e-12
4.491557126229395180e-11
5.584976925376849977e-13
-3.175237850427947706e-13
1.192379528447418124e-13
-1.281197370417430648e-13
7.049916206369744032e-15
3.220756994437579124e-13
8.443246102274315490e-14
9.361955655151632527e-13
3.980149543281186197e-13
1.969437890547709458e-09
3.207711873898233534e-12
1.113831249455188299e-12
-3.750333377183778794e-13
2.304267887609512400e-13
-8.770761894538736669e-15
-6.672440377997190808e-14
4.285460875053104246e-14
-1.443289932012703503e-14
-1.944000516118649102e-13
3.945732629517806345e-12
1.258382287261383681e-12
-1.619815392928103392e-13
3.176903184964885440e-13
-1.858513343222512049e-13
-3.852473895449293195e-14
5.717648576819556183e-15
-4.940492459581946605e-14
3.597677711297819769e-13
4.793943020331425942e-13
3.342881527146346343e-13
4.674610531996137297e-09
3.691769112634801786e-12
4.596323321948148077e-14
-4.342082249308987230e-13
-6.383782391594650107e-14
5.832556659868259885e-13
8.235598869532623212e-10
-5.795364188543317141e-13
2.256528297550630668e-13
1.757483047981622803e-13
9.575673587391975161e-14
3.486100297322991537e-14
1.454392162258955068e-14
-6.172840016915870365e-14
-3.119726699196689879e-14
1.326716514427062066e-14
1.347866263046171298e-12
4.333755576624298556e-13
1.358357870628879027e-13
5.768718835952313384e-13
8.382183835919931880e-15
-9.436895709313830594e-15
3.724798247617400193e-14
-3.308464613382966490e-14
2.264854970235319342e-14
1.758593271006247960e-13
7.244205235679146426e-14
2.056577130815639975e-12
2.425282197293654463e-13
-1.898481372109017684e-14
7.793765632868598914e-14
9.586775817638226727e-14
1.095790125305029505e-13
-4.618527782440651208e-14
5.828670879282071837e-14
2.533528942194607225e-13
1.640187985429975015e-12
7.505973620425265835e-11
2.233657703243352444e-12
-1.615374500829602766e-13
-2.142730437526552123e-14
-7.205347429817265947e-14
-1.098010571354279818e-13
3.545497229140437412e-13
1.296185381249870261e-13
-1.181277298201166559e-13
-2.131628207280300558e-13
-6.417533171543254866e-12
-6.654676809603188303e-13
-2.581268532253488956e-13
9.475753515175711073e-14
1.751931932858497021e-13
1.146305272925474128e-13
2.790545572395330964e-13
1.030842078364457848e-13
-2.132738430304925714e-13
-5.336842079373127490e-13
-1.567523888468258519e-12
3.218730837417638213e-11
1.228739332503892001e-12
-3.302913498259840708e-13
9.570122472268849378e-14
2.157718448358991736e-13
3.953504190690182440e-13
-2.775557561562891351e-14
-1.054711873393898713e-14
-2.664535259100375697e-14
8.529676964741383927e-12
2.953850331000040796e-09
3.132938353189729241e-12
1.239008895481674699e-12
6.325495682801829389e-13
4.047318036271008168e-13
1.476596622751458199e-14
7.105427357601001859e-14
2.869926518656029657e-14
1.046329689557978782e-12
-8.015810237793630222e-14
4.503619699391947506e-13
-1.294020446351851206e-11
-9.781064846947629121e-13
7.357447984190912393e-13
-3.412825577697731205e-13
-2.414735078559715475e-13
-5.861977570020826533e-14
1.526556658859590243e-14
-4.474198789239380858e-14
7.394085344003542559e-14
-3.810285420513537247e-13
-2.853139946523697290e-11
7.231826248954575931e-12
2.575384350222975627e-12
3.906930334807157124e-12
2.419731082170528680e-13
-1.998401444325281773e-14
1.155187057122475380e-13
-1.842970220877759857e-14
1.245115122117113060e-13
7.465139617579552578e-13
-9.909850717804147280e-13
9.200160078215446902e-10
-2.740252469379811373e-12
-2.673528065599839465e-12
1.036226660033889857e-12
