9.403409242630004883e+00
9.634095668792724609e+00
9.430076599121093750e+00
9.343130350112915039e+00
9.465101003646850586e+00
9.411097526550292969e+00
9.498101234436035156e+00
9.527099370956420898e+00
9.497099876403808594e+00
9.316094875335693359e+00
9.426098346710205078e+00
9.441096544265747070e+00
9.487133264541625977e+00
9.386068344116210938e+00
9.510103702545166016e+00
9.482094287872314453e+00
9.394106149673461914e+00
9.472148656845092773e+00
9.449080705642700195e+00
9.495097398757934570e+00
9.368102312088012695e+00
9.440068244934082031e+00
9.377102136611938477e+00
9.781131744384765625e+00
9.400117635726928711e+00
9.387094497680664062e+00
9.422094821929931641e+00
9.505095481872558594e+00
9.404112339019775391e+00
9.410126686096191406e+00
9.529100894927978516e+00
9.460497617721557617e+00
9.537471532821655273e+00
9.383527040481567383e+00
9.564513921737670898e+00
9.550465106964111328e+00
9.871515989303588867e+00
9.323426723480224609e+00
9.525479316711425781e+00
9.386458635330200195e+00
9.557472944259643555e+00
9.550472021102905273e+00
9.556466579437255859e+00
9.530469655990600586e+00
9.495469331741333008e+00
9.447514772415161133e+00
9.447460889816284180e+00
9.537522554397583008e+00
9.475472688674926758e+00
9.546437740325927734e+00
9.389456033706665039e+00
9.562516689300537109e+00
9.406493663787841797e+00
9.347488641738891602e+00
9.259485721588134766e+00
9.355485916137695312e+00
9.372432947158813477e+00
9.418429374694824219e+00
9.409498214721679688e+00
9.396463155746459961e+00
9.443463563919067383e+00
9.543434858322143555e+00
9.323464870452880859e+00
9.460487604141235352e+00
9.496298551559448242e+00
9.636309385299682617e+00
9.620289564132690430e+00
9.413296461105346680e+00
9.415302515029907227e+00
9.580304384231567383e+00
9.427297115325927734e+00
9.425297021865844727e+00
9.326296806335449219e+00
9.414303302764892578e+00
9.368276596069335938e+00
9.200291633605957031e+00
9.478274345397949219e+00
9.519331455230712891e+00
9.555281162261962891e+00
9.402331829071044922e+00
9.384294033050537109e+00
9.474334955215454102e+00
9.262294054031372070e+00
9.410300493240356445e+00
9.476355552673339844e+00
9.477297544479370117e+00
9.610318183898925781e+00
9.452304124832153320e+00
9.413329839706420898e+00
9.450302839279174805e+00
9.583311557769775391e+00
9.628327608108520508e+00
9.572308778762817383e+00
9.582335710525512695e+00
9.375298023223876953e+00
9.419333457946777344e+00
9.420316696166992188e+00
9.503241062164306641e+00
9.601186513900756836e+00
9.669250965118408203e+00
9.694210767745971680e+00
9.525214195251464844e+00
9.592219829559326172e+00
9.427214145660400391e+00
9.596211910247802734e+00
9.498242139816284180e+00
9.470214366912841797e+00
9.448244571685791016e+00
9.570213556289672852e+00
9.583226203918457031e+00
9.401283979415893555e+00
9.695216178894042969e+00
9.479214906692504883e+00
9.568212985992431641e+00
9.455210447311401367e+00
9.431260824203491211e+00
9.453242301940917969e+00
9.656263828277587891e+00
9.541215419769287109e+00
9.536221027374267578e+00
9.427211761474609375e+00
9.417246818542480469e+00
9.515216827392578125e+00
9.377207279205322266e+00
9.339208126068115234e+00
9.417215108871459961e+00
9.304223299026489258e+00
9.928221940994262695e+00
9.541209936141967773e+00
9.845221996307373047e+00
9.524213552474975586e+00
9.637182950973510742e+00
9.471217155456542969e+00
9.425136566162109375e+00
9.345160245895385742e+00
9.453162908554077148e+00
9.328202009201049805e+00
9.340154170989990234e+00
9.605223894119262695e+00
9.583185911178588867e+00
9.515159130096435547e+00
9.588162422180175781e+00
9.770151376724243164e+00
9.592165946960449219e+00
9.552194356918334961e+00
9.711684942245483398e+00
9.493435621261596680e+00
1.009417963027954102e+01
9.562160253524780273e+00
1.117371249198913574e+01
9.487127542495727539e+00
9.794975519180297852e+00
9.788227558135986328e+00
9.650185823440551758e+00
9.855170488357543945e+00
9.569143533706665039e+00
9.701782464981079102e+00
9.549163341522216797e+00
9.644207715988159180e+00
9.718195199966430664e+00
9.539128780364990234e+00
9.540767669677734375e+00
9.604702949523925781e+00
9.613180637359619141e+00
9.522243261337280273e+00
9.620142698287963867e+00
9.412175178527832031e+00
9.448159217834472656e+00
9.825181961059570312e+00
9.847103595733642578e+00
9.725123405456542969e+00
9.735178470611572266e+00
9.598136186599731445e+00
9.644139051437377930e+00
9.540177345275878906e+00
9.579128980636596680e+00
9.483138799667358398e+00
9.684163570404052734e+00
9.636106491088867188e+00
9.500162839889526367e+00
9.523156642913818359e+00
9.548180580139160156e+00
9.649149179458618164e+00
9.431130886077880859e+00
9.511097192764282227e+00
9.372129201889038086e+00
9.491179227828979492e+00
9.409135341644287109e+00
9.437163114547729492e+00
9.545128822326660156e+00
9.659110307693481445e+00
9.445192098617553711e+00
9.522157907485961914e+00
9.508162260055541992e+00
9.569101333618164062e+00
9.489145755767822266e+00
9.512136220932006836e+00
9.426136493682861328e+00
9.669114589691162109e+00
9.521108150482177734e+00
9.531098604202270508e+00
9.616120576858520508e+00
9.644074916839599609e+00
9.465164184570312500e+00
9.411063671112060547e+00
9.390147924423217773e+00
9.440209865570068359e+00
9.497115612030029297e+00
9.532118320465087891e+00
9.325079917907714844e+00
9.551114559173583984e+00
9.609182834625244141e+00
9.665146350860595703e+00
9.395083665847778320e+00
9.518120050430297852e+00
9.647110223770141602e+00
9.463146448135375977e+00
9.518120765686035156e+00
9.531169891357421875e+00
9.401157379150390625e+00
9.422112941741943359e+00
9.490146636962890625e+00
9.538086652755737305e+00
9.543130159378051758e+00
9.441135644912719727e+00
9.342066287994384766e+00
9.356115341186523438e+00
9.520109653472900391e+00
9.423083066940307617e+00
9.481083154678344727e+00
9.513112783432006836e+00
9.258158683776855469e+00
9.527104139328002930e+00
9.421157121658325195e+00
9.512158870697021484e+00
9.384077310562133789e+00
9.627108812332153320e+00
9.313137769699096680e+00
9.412075757980346680e+00
9.565137624740600586e+00
9.530122756958007812e+00
9.497152090072631836e+00
9.267104625701904297e+00
9.571104764938354492e+00
9.395092964172363281e+00
9.534110307693481445e+00
9.573082208633422852e+00
9.521108627319335938e+00
9.610080003738403320e+00
9.535166263580322266e+00
9.555078744888305664e+00
9.527081727981567383e+00
9.283069610595703125e+00
9.420073509216308594e+00
9.559111833572387695e+00
9.546075582504272461e+00
9.551187515258789062e+00
9.547128438949584961e+00
9.437100410461425781e+00
9.475111722946166992e+00
1.021259593963623047e+01
9.503138780593872070e+00
9.372103691101074219e+00
9.635141611099243164e+00
9.644108295440673828e+00
9.544140577316284180e+00
9.585097551345825195e+00
9.563102006912231445e+00
9.795139551162719727e+00
9.730073213577270508e+00
9.730097293853759766e+00
9.576068401336669922e+00
9.581077575683593750e+00
9.361123800277709961e+00
9.517148256301879883e+00
9.465137243270874023e+00
9.402100563049316406e+00
9.420079469680786133e+00
9.805135726928710938e+00
9.634099006652832031e+00
9.412127971649169922e+00
9.754137516021728516e+00
9.402095317840576172e+00
9.544102907180786133e+00
9.293096780776977539e+00
9.547102451324462891e+00
9.633134841918945312e+00
9.699102878570556641e+00
9.533104419708251953e+00
9.498097181320190430e+00
9.551133155822753906e+00
9.489100933074951172e+00
9.363101720809936523e+00
9.602116346359252930e+00
9.446103334426879883e+00
9.425118923187255859e+00
9.325100660324096680e+00
9.486104488372802734e+00
9.437151670455932617e+00
9.601131200790405273e+00
9.477103471755981445e+00
9.382101774215698242e+00
9.472099542617797852e+00
9.665103673934936523e+00
9.414098024368286133e+00
9.665095567703247070e+00
9.559097528457641602e+00
9.447148084640502930e+00
9.555158853530883789e+00
9.449100732803344727e+00
9.521093606948852539e+00
9.522094488143920898e+00
9.379089117050170898e+00
9.508097410202026367e+00
9.455098867416381836e+00
9.571124792098999023e+00
9.442104578018188477e+00
9.438108921051025391e+00
9.595136642456054688e+00
9.553130149841308594e+00
9.456098556518554688e+00
9.584065675735473633e+00
9.426136016845703125e+00
9.508104324340820312e+00
9.346090555191040039e+00
9.413101434707641602e+00
9.458059310913085938e+00
9.397068977355957031e+00
9.529129266738891602e+00
9.510073661804199219e+00
9.393125295639038086e+00
9.536099672317504883e+00
9.418102741241455078e+00
9.542099475860595703e+00
9.541085958480834961e+00
9.536165952682495117e+00
9.493097066879272461e+00
9.391435146331787109e+00
9.664478302001953125e+00
9.297512054443359375e+00
9.373474359512329102e+00
9.455472946166992188e+00
9.536469936370849609e+00
9.469471931457519531e+00
9.493502855300903320e+00
9.379436016082763672e+00
9.441489934921264648e+00
9.752452850341796875e+00
9.378468036651611328e+00
9.449518918991088867e+00
9.631504535675048828e+00
9.381470203399658203e+00
9.485499143600463867e+00
9.316457033157348633e+00
9.366466522216796875e+00
9.519522666931152344e+00
9.307488441467285156e+00
9.390469551086425781e+00
9.468472003936767578e+00
9.559482574462890625e+00
9.572520256042480469e+00
9.397482872009277344e+00
9.431505680084228516e+00
9.400475502014160156e+00
9.459497928619384766e+00
9.531472921371459961e+00
9.347414255142211914e+00
9.447469949722290039e+00
9.487475156784057617e+00
9.406502962112426758e+00
9.628477573394775391e+00
9.579475879669189453e+00
9.322337150573730469e+00
9.371307134628295898e+00
9.514332294464111328e+00
9.399299144744873047e+00
9.494320392608642578e+00
9.323302030563354492e+00
9.425329446792602539e+00
9.485304594039916992e+00
9.407331705093383789e+00
9.556359052658081055e+00
9.376271963119506836e+00
9.442306756973266602e+00
9.328300237655639648e+00
9.362306356430053711e+00
9.502341747283935547e+00
9.485331058502197266e+00
9.443325042724609375e+00
9.296296119689941406e+00
9.655289173126220703e+00
9.379307031631469727e+00
9.468275070190429688e+00
9.461338520050048828e+00
9.271273374557495117e+00
9.383320331573486328e+00
9.399339914321899414e+00
9.381326913833618164e+00
9.470306396484375000e+00
9.433307409286499023e+00
9.503305196762084961e+00
9.501310348510742188e+00
9.430296897888183594e+00
9.503324508666992188e+00
9.374306201934814453e+00
9.528187751770019531e+00
9.412211894989013672e+00
9.282239675521850586e+00
9.529225826263427734e+00
9.328209638595581055e+00
9.481196880340576172e+00
9.605220079421997070e+00
9.522213697433471680e+00
9.380206823348999023e+00
9.440206766128540039e+00
9.597193717956542969e+00
9.412214994430541992e+00
9.467220544815063477e+00
9.430180788040161133e+00
9.573217391967773438e+00
9.425210952758789062e+00
9.355253934860229492e+00
9.482221841812133789e+00
9.426209211349487305e+00
9.516199111938476562e+00
9.469265460968017578e+00
9.748214483261108398e+00
9.494213819503784180e+00
9.484230995178222656e+00
9.640214443206787109e+00
9.638187885284423828e+00
9.372211456298828125e+00
9.474197864532470703e+00
9.461217164993286133e+00
9.558219194412231445e+00
9.684220314025878906e+00
9.541248321533203125e+00
9.440163850784301758e+00
9.408166646957397461e+00
9.427168369293212891e+00
9.437212228775024414e+00
9.467177152633666992e+00
9.504199981689453125e+00
9.361186742782592773e+00
9.427145481109619141e+00
9.493163585662841797e+00
9.454192161560058594e+00
9.409155607223510742e+00
9.486222982406616211e+00
9.355210542678833008e+00
9.527171373367309570e+00
9.430164098739624023e+00
9.374128103256225586e+00
9.453139781951904297e+00
9.504196882247924805e+00
9.485144615173339844e+00
9.420139789581298828e+00
9.434131383895874023e+00
9.453177928924560547e+00
9.425165891647338867e+00
9.404158830642700195e+00
9.651205301284790039e+00
9.551214933395385742e+00
9.409213542938232422e+00
9.551133871078491211e+00
9.368163585662841797e+00
9.390169620513916016e+00
9.371201753616333008e+00
9.471134185791015625e+00
9.502198696136474609e+00
9.605132102966308594e+00
9.451163768768310547e+00
9.470163822174072266e+00
9.521135568618774414e+00
9.546161651611328125e+00
9.577132940292358398e+00
9.563179731369018555e+00
9.431149244308471680e+00
9.527136087417602539e+00
9.417113304138183594e+00
9.586139678955078125e+00
9.531227350234985352e+00
9.471166133880615234e+00
9.554164886474609375e+00
9.432104587554931641e+00
9.408102273941040039e+00
9.461130380630493164e+00
9.459099769592285156e+00
9.413164854049682617e+00
9.347098827362060547e+00
9.517154693603515625e+00
9.410151481628417969e+00
9.420139312744140625e+00
9.509162664413452148e+00
9.450103282928466797e+00
9.608166694641113281e+00
9.354161739349365234e+00
9.411132812500000000e+00
9.588108539581298828e+00
9.333137035369873047e+00
9.531133890151977539e+00
9.610133409500122070e+00
9.545168161392211914e+00
9.458135366439819336e+00
9.448137521743774414e+00
9.487177610397338867e+00
9.358133077621459961e+00
9.543133020401000977e+00
9.470131874084472656e+00
9.501113414764404297e+00
9.440151453018188477e+00
9.542118787765502930e+00
9.532118082046508789e+00
9.446116209030151367e+00
9.610120296478271484e+00
9.460088491439819336e+00
9.323143482208251953e+00
9.309134960174560547e+00
9.509127855300903320e+00
9.407083749771118164e+00
9.454093456268310547e+00
9.477091073989868164e+00
9.615118980407714844e+00
9.437113523483276367e+00
9.540164709091186523e+00
9.549129247665405273e+00
9.666089057922363281e+00
9.425112247467041016e+00
9.425165891647338867e+00
9.539147377014160156e+00
9.477115154266357422e+00
9.385119199752807617e+00
9.512125968933105469e+00
9.367131710052490234e+00
9.457166194915771484e+00
9.509172201156616211e+00
9.426185369491577148e+00
9.598165273666381836e+00
9.553117513656616211e+00
9.495088577270507812e+00
9.386147975921630859e+00
9.332105875015258789e+00
9.704151153564453125e+00
9.545156955718994141e+00
9.574163198471069336e+00
9.426080703735351562e+00
9.409141540527343750e+00
9.466139078140258789e+00
9.503151655197143555e+00
9.447103261947631836e+00
9.470137357711791992e+00
9.620110511779785156e+00
9.346115827560424805e+00
9.499106884002685547e+00
9.335107326507568359e+00
9.450107336044311523e+00
9.439103126525878906e+00
9.437103748321533203e+00
9.790107250213623047e+00
9.500127077102661133e+00
9.529112339019775391e+00
9.479140996932983398e+00
9.513106584548950195e+00
9.419109821319580078e+00
9.422117710113525391e+00
9.450109481811523438e+00
9.429126262664794922e+00
9.574140787124633789e+00
9.460101604461669922e+00
9.559106826782226562e+00
9.490141630172729492e+00
9.516157150268554688e+00
9.602175235748291016e+00
9.484112977981567383e+00
9.555113315582275391e+00
9.379117965698242188e+00
9.435102224349975586e+00
9.552109956741333008e+00
9.443107128143310547e+00
9.320108890533447266e+00
9.425099134445190430e+00
9.572129011154174805e+00
9.441122293472290039e+00
9.490152597427368164e+00
9.542109012603759766e+00
9.473100900650024414e+00
9.561103343963623047e+00
9.441101074218750000e+00
9.576097249984741211e+00
9.541111469268798828e+00
9.409133434295654297e+00
9.535107135772705078e+00
9.436105489730834961e+00
9.536103487014770508e+00
9.571104764938354492e+00
9.346131563186645508e+00
9.573100805282592773e+00
9.514119863510131836e+00
9.513103723526000977e+00
9.454102516174316406e+00
9.463104963302612305e+00
9.564108848571777344e+00
9.420068502426147461e+00
9.360100746154785156e+00
9.460101127624511719e+00
9.473101139068603516e+00
9.628132820129394531e+00
9.376096248626708984e+00
9.372154235839843750e+00
9.362105131149291992e+00
9.829102039337158203e+00
9.699099302291870117e+00
9.307099580764770508e+00
9.406105279922485352e+00
9.478098154067993164e+00
9.402095794677734375e+00
9.301121473312377930e+00
9.423103332519531250e+00
9.237069368362426758e+00
9.532066345214843750e+00
9.460111141204833984e+00
9.393104076385498047e+00
9.359146118164062500e+00
9.573101997375488281e+00
9.337095737457275391e+00
9.394101381301879883e+00
9.652098178863525391e+00
9.336097955703735352e+00
9.414099216461181641e+00
9.493098258972167969e+00
9.636156797409057617e+00
9.615096092224121094e+00
9.650101184844970703e+00
9.545098304748535156e+00
9.468132019042968750e+00
9.441127538681030273e+00
9.365067720413208008e+00
9.355106115341186523e+00
9.446145772933959961e+00
9.545096874237060547e+00
9.534094333648681641e+00
9.389131069183349609e+00
9.507112979888916016e+00
9.471074342727661133e+00
9.424099206924438477e+00
9.561102867126464844e+00
9.428148746490478516e+00
9.476070404052734375e+00
9.619099855422973633e+00
9.438132524490356445e+00
9.457150220870971680e+00
9.470149278640747070e+00
9.644103765487670898e+00
9.582256555557250977e+00
9.430510282516479492e+00
9.480468034744262695e+00
9.436461448669433594e+00
9.530497074127197266e+00
9.413461446762084961e+00
9.459458589553833008e+00
9.674467086791992188e+00
9.529464483261108398e+00
9.456433773040771484e+00
9.460462808609008789e+00
9.739442825317382812e+00
9.465463399887084961e+00
9.435453414916992188e+00
9.462511539459228516e+00
9.368463516235351562e+00
9.456454992294311523e+00
9.329501628875732422e+00
9.708446264266967773e+00
9.467451333999633789e+00
9.489456892013549805e+00
9.428452968597412109e+00
9.491512060165405273e+00
9.531490087509155273e+00
9.418492555618286133e+00
9.405430316925048828e+00
9.344481706619262695e+00
9.474461078643798828e+00
9.425506830215454102e+00
9.392489433288574219e+00
9.376484394073486328e+00
9.365474700927734375e+00
9.422418832778930664e+00
9.560314655303955078e+00
9.553300857543945312e+00
9.577270269393920898e+00
9.501352787017822266e+00
9.425306320190429688e+00
9.500297069549560547e+00
9.506272792816162109e+00
9.435332059860229492e+00
9.448297262191772461e+00
9.522267103195190430e+00
9.349381208419799805e+00
9.385330915451049805e+00
9.523351192474365234e+00
9.451331853866577148e+00
9.711276531219482422e+00
9.428315401077270508e+00
9.495317220687866211e+00
9.476288557052612305e+00
9.469310045242309570e+00
9.532304048538208008e+00
9.345324277877807617e+00
9.553301572799682617e+00
9.485301971435546875e+00
9.397303342819213867e+00
9.436307191848754883e+00
9.567306756973266602e+00
9.328303098678588867e+00
9.371297597885131836e+00
9.486348867416381836e+00
9.467264890670776367e+00
9.342325925827026367e+00
9.340210676193237305e+00
9.455210208892822266e+00
9.351180315017700195e+00
9.493239641189575195e+00
9.457242965698242188e+00
9.497209072113037109e+00
9.510245084762573242e+00
9.630213260650634766e+00
9.403250455856323242e+00
9.504212617874145508e+00
9.460206270217895508e+00
9.293254137039184570e+00
9.458243370056152344e+00
9.327206134796142578e+00
9.533211946487426758e+00
9.438221931457519531e+00
9.547250509262084961e+00
9.470241785049438477e+00
9.529212951660156250e+00
9.447216749191284180e+00
9.412212133407592773e+00
9.709210872650146484e+00
9.394186973571777344e+00
9.578212976455688477e+00
9.604211807250976562e+00
9.593182086944580078e+00
9.426177740097045898e+00
9.528218984603881836e+00
9.798218965530395508e+00
9.516181468963623047e+00
9.447237491607666016e+00
9.529212951660156250e+00
9.629227638244628906e+00
9.609218358993530273e+00
9.541242361068725586e+00
9.606265306472778320e+00
9.571242332458496094e+00
9.415182352066040039e+00
9.511160135269165039e+00
9.357164382934570312e+00
9.491098642349243164e+00
9.410133838653564453e+00
9.396153688430786133e+00
9.532208442687988281e+00
9.629165649414062500e+00
9.516162157058715820e+00
9.549163103103637695e+00
9.293181657791137695e+00
9.508192300796508789e+00
9.499163866043090820e+00
9.497214317321777344e+00
9.397186994552612305e+00
9.638177156448364258e+00
9.351189374923706055e+00
9.494162321090698242e+00
9.450161218643188477e+00
9.489211320877075195e+00
9.444157600402832031e+00
9.369153976440429688e+00
9.425162076950073242e+00
9.457125425338745117e+00
9.490177392959594727e+00
9.605161905288696289e+00
9.465188980102539062e+00
9.426180124282836914e+00
9.560212373733520508e+00
9.439159870147705078e+00
9.408156633377075195e+00
9.439209222793579102e+00
9.475161552429199219e+00
9.455132007598876953e+00
9.365130901336669922e+00
9.682134151458740234e+00
9.417176246643066406e+00
9.512161731719970703e+00
9.632151126861572266e+00
9.331172227859497070e+00
9.427180767059326172e+00
9.482158184051513672e+00
9.405136346817016602e+00
9.583165884017944336e+00
9.548158407211303711e+00
9.383178949356079102e+00
9.483134031295776367e+00
9.438131332397460938e+00
9.607133626937866211e+00
9.504196405410766602e+00
9.476160049438476562e+00
9.473143339157104492e+00
9.487186193466186523e+00
9.455130577087402344e+00
9.343096256256103516e+00
9.584098339080810547e+00
9.408121824264526367e+00
9.514179944992065430e+00
9.364103555679321289e+00
9.548130750656127930e+00
9.518142700195312500e+00
9.264128446578979492e+00
9.479160308837890625e+00
9.519105434417724609e+00
9.632141113281250000e+00
9.367177724838256836e+00
9.460137844085693359e+00
9.455139160156250000e+00
9.455113887786865234e+00
9.450132846832275391e+00
9.493116617202758789e+00
9.416089057922363281e+00
9.674149513244628906e+00
9.623115539550781250e+00
9.459118127822875977e+00
9.449085712432861328e+00
9.430115461349487305e+00
9.459085941314697266e+00
9.451147794723510742e+00
9.465162515640258789e+00
9.483113765716552734e+00
9.505166292190551758e+00
9.404134273529052734e+00
9.422109603881835938e+00
9.428109169006347656e+00
9.461133003234863281e+00
9.491116285324096680e+00
9.464083433151245117e+00
9.526163578033447266e+00
9.422114372253417969e+00
9.486130952835083008e+00
9.498118162155151367e+00
9.486146211624145508e+00
9.449110984802246094e+00
9.478080272674560547e+00
9.473086357116699219e+00
9.689142465591430664e+00
9.622138023376464844e+00
9.500102281570434570e+00
9.580079078674316406e+00
9.439136028289794922e+00
9.381109237670898438e+00
9.716115474700927734e+00
9.602079868316650391e+00
9.326150894165039062e+00
9.611109495162963867e+00
9.631096363067626953e+00
9.441072702407836914e+00
9.578107595443725586e+00
9.502151489257812500e+00
9.485109806060791016e+00
9.472122907638549805e+00
9.465106964111328125e+00
9.517157077789306641e+00
9.413100719451904297e+00
9.575078487396240234e+00
9.583158493041992188e+00
9.517106771469116211e+00
9.477152347564697266e+00
9.481121063232421875e+00
9.473104715347290039e+00
9.355080604553222656e+00
9.846103906631469727e+00
9.705139398574829102e+00
9.644093751907348633e+00
9.942107915878295898e+00
9.457101821899414062e+00
9.759081363677978516e+00
9.515133619308471680e+00
9.573108434677124023e+00
9.612077236175537109e+00
9.897115468978881836e+00
9.500100851058959961e+00
9.670104265213012695e+00
9.656073808670043945e+00
9.878100156784057617e+00
9.768106222152709961e+00
1.025411272048950195e+01
9.845075607299804688e+00
9.684156417846679688e+00
9.782076835632324219e+00
9.728074073791503906e+00
9.822104930877685547e+00
9.551073789596557617e+00
9.785104274749755859e+00
1.005013895034790039e+01
9.880077123641967773e+00
9.764109134674072266e+00
9.710075378417968750e+00
9.729072093963623047e+00
9.582072496414184570e+00
9.629103899002075195e+00
9.713104486465454102e+00
9.755137443542480469e+00
9.902142524719238281e+00
9.681108474731445312e+00
9.347129106521606445e+00
9.816104650497436523e+00
9.933102607727050781e+00
1.001710724830627441e+01
1.001911258697509766e+01
9.928107738494873047e+00
1.006308507919311523e+01
9.815104246139526367e+00
9.703104972839355469e+00
9.805142879486083984e+00
9.738100528717041016e+00
9.936089277267456055e+00
9.890104532241821289e+00
9.707128524780273438e+00
9.617105007171630859e+00
9.637110233306884766e+00
9.783071279525756836e+00
9.462128639221191406e+00
9.800137758255004883e+00
9.480134010314941406e+00
9.703068494796752930e+00
9.699105024337768555e+00
9.872070789337158203e+00
9.944076299667358398e+00
9.687149763107299805e+00
9.712129592895507812e+00
9.729106664657592773e+00
9.987055778503417969e+00
9.790098190307617188e+00
9.733138322830200195e+00
9.695105314254760742e+00
9.778133392333984375e+00
9.733131170272827148e+00
9.573102235794067383e+00
9.800099372863769531e+00
9.695101737976074219e+00
9.919075012207031250e+00
9.639100074768066406e+00
1.019310450553894043e+01
9.716069221496582031e+00
9.883104562759399414e+00
9.705075263977050781e+00
1.048110842704772949e+01
9.659099817276000977e+00
9.885467052459716797e+00
9.802488088607788086e+00
9.823460817337036133e+00
1.014556670188903809e+01
9.882494211196899414e+00
9.528473377227783203e+00
9.865458488464355469e+00
9.819491147994995117e+00
9.884493112564086914e+00
9.844468832015991211e+00
9.878490924835205078e+00
9.589478015899658203e+00
1.006450486183166504e+01
9.689451217651367188e+00
1.355819821357727051e+01
9.898500204086303711e+00
9.835487127304077148e+00
1.011150479316711426e+01
9.921536445617675781e+00
9.759492158889770508e+00
9.985528945922851562e+00
1.013254785537719727e+01
9.804487943649291992e+00
1.011547565460205078e+01
9.953498840332031250e+00
1.013851141929626465e+01
1.006453585624694824e+01
1.002050185203552246e+01
9.923464298248291016e+00
9.580528497695922852e+00
1.028348660469055176e+01
1.018347859382629395e+01
9.888488292694091797e+00
9.877290248870849609e+00
1.019033026695251465e+01
1.008030486106872559e+01
1.006933093070983887e+01
1.009632635116577148e+01
9.916356563568115234e+00
9.920355319976806641e+00
9.866354942321777344e+00
1.004043722152709961e+01
1.001432299613952637e+01
9.873322486877441406e+00
9.940320014953613281e+00
1.009733390808105469e+01
