2.915367696054479881e-07 -9.272916889088929082e-01 5.446731848321435088e+00
3.858536201443180360e-07 -9.272970075110371635e-01 5.421288476732335937e+00
2.662614902150896787e-07 -9.272938711282565638e-01 5.396128477126199030e+00
-9.899826015688943662e-07 -9.272976420320854229e-01 5.371280997795017775e+00
-1.908477322227213333e-06 -9.273003818138373378e-01 5.346724820056972582e+00
-3.237239924009365310e-06 -9.272979752278495136e-01 5.322464904479264902e+00
1.830390125235615659e-07 -9.272975590666674428e-01 5.298506055655805902e+00
3.618120063731607945e-07 -9.272938673223151129e-01 5.274849581633287876e+00
-1.761650540509620498e-06 -9.272960026959798929e-01 5.251511344640033663e+00
-1.664029407340285029e-06 -9.272976021578515082e-01 5.228469965384223705e+00
-1.542665243992899100e-07 -9.272960116006733200e-01 5.205732679176411359e+00
-2.597945607578954741e-06 -9.272978204641558753e-01 5.183308665728215914e+00
-1.952963435525574420e-06 -9.272966737202434917e-01 5.161176956349728506e+00
-5.313171236383185913e-07 -9.272960523397500987e-01 5.139354343897250210e+00
3.698186068989538281e-07 -9.272966784697768139e-01 5.117830370756279557e+00
-4.462204467451179542e-07 -9.272968208716023675e-01 5.096612831670550570e+00
-2.351662913516295283e-06 -9.272985493319965133e-01 5.075693937545487699e+00
-1.744068900928887041e-06 -9.272979782841587193e-01 5.055069804221235863e+00
-2.509434918839672116e-06 -9.272958574038799862e-01 5.034742285245453530e+00
-1.327800317235856751e-06 -9.272945320335811425e-01 5.014703836833025896e+00
1.257701535187072205e-07 -9.272945223061055398e-01 4.994960222103627778e+00
-7.721978499553480517e-07 -9.272962884358849633e-01 4.975505702002642749e+00
-1.628941357206858124e-06 -9.272966152361333814e-01 4.956337395449219585e+00
-2.659992302878580872e-06 -9.272950480621853231e-01 4.937454566614777995e+00
-2.119546962867099252e-06 -9.272954498093894937e-01 4.918847389079166632e+00
-2.554132886716240368e-06 -9.272954395829368091e-01 4.900517574785387076e+00
-2.615717501032244493e-06 -9.272954220217460852e-01 4.882465276576651192e+00
-1.121314346835024047e-06 -9.272959347443553435e-01 4.864679326857702435e+00
-2.844563693470366030e-06 -9.272974391685665507e-01 4.847163076408592453e+00
-2.493569056991597884e-06 -9.272952655792654486e-01 4.829912278549839399e+00
2.001203157697262186e-06 -9.272928506540978333e-01 5.466294221539111930e+00
-7.077267427634233165e-07 -9.272986205237530033e-01 5.441303847547075634e+00
1.275256475979733864e-06 -9.272916289912497279e-01 5.416565796019233936e+00
-1.791853809003716140e-06 -9.272966541891546344e-01 5.392130763275542193e+00
-1.060471752949409871e-06 -9.272951888157344724e-01 5.367968351248994630e+00
2.074566328609819936e-06 -9.272926071934705083e-01 5.344082043679270200e+00
-7.389168708747072375e-08 -9.272953703534554393e-01 5.320495487763828635e+00
-1.156960224616968023e-06 -9.272969068681348181e-01 5.297193346237291323e+00
-4.485928165297866868e-06 -9.273002332041392348e-01 5.274181785525484223e+00
-2.611843327548340191e-06 -9.272968490263246988e-01 5.251447749742387039e+00
-4.914252601824945306e-07 -9.272969783269716659e-01 5.229005454512388518e+00
-2.469833852640557686e-06 -9.272961097934858676e-01 5.206856309764940072e+00
-1.846605749066074950e-06 -9.272984247418927239e-01 5.184999272140713877e+00
-1.320329101722298544e-06 -9.272955885354509098e-01 5.163420592243459062e+00
-3.490345696971520554e-07 -9.272950909230047722e-01 5.142136335885640896e+00
-2.797863747677441520e-06 -9.272961715977219299e-01 5.121141270513343002e+00
-2.083253138161318137e-07 -9.272952620513835731e-01 5.100425867028797633e+00
-6.289165255913598011e-07 -9.272951032808472993e-01 5.079997082846157141e+00
-2.824705529968728157e-06 -9.272956705559660673e-01 5.059854649381563263e+00
-1.587556721079981377e-06 -9.272970356739899112e-01 5.039991970555327327e+00
-8.726715256448555711e-07 -9.272954043616280506e-01 5.020403746555387237e+00
-8.774906357737067660e-07 -9.272959248503861440e-01 5.001093713486563175e+00
-1.274031576063667635e-06 -9.272961274865190173e-01 4.982059515623693535e+00
-3.120813199166252201e-06 -9.272974431685544472e-01 4.963296774383416654e+00
-3.146302529540053826e-06 -9.272958221698571757e-01 4.944802400740476500e+00
-2.321390684813617924e-06 -9.272960490076841422e-01 4.926571022740594330e+00
-1.546591189326302561e-06 -9.272960171385141726e-01 4.908604504222648046e+00
-2.494152494760403947e-06 -9.272970619434562911e-01 4.890904510400702065e+00
-3.529304122854210018e-06 -9.272971615156954117e-01 4.873463726275794272e+00
-4.627032592824541239e-06 -9.272964960954629410e-01 4.856275947966098627e+00
-1.835986018610276200e-06 -9.273031123591690683e-01 5.485184839009020763e+00
1.045674979601100082e-07 -9.272988866327952495e-01 5.460620116183192430e+00
-9.976695209731736945e-08 -9.272974326229818098e-01 5.436322344666120188e+00
-1.962932302117577862e-06 -9.272976640354894107e-01 5.412285781501243065e+00
-2.531322748702263741e-06 -9.272988011142225817e-01 5.388517535776275125e+00
-3.527332525333274664e-08 -9.272971585855711574e-01 5.365011801893047050e+00
-9.640876314136529156e-07 -9.272957850784743217e-01 5.341779591384803183e+00
-2.435528765907225933e-06 -9.272986939355701841e-01 5.318823302389071195e+00
3.184709220896387192e-09 -9.272972461688785417e-01 5.296130315591166315e+00
-3.147554310361959421e-06 -9.272983063506328172e-01 5.273719964590285691e+00
-4.835097579125248317e-07 -9.272968564015455772e-01 5.251577927713718452e+00
-2.849596094472257097e-06 -9.272967083455994075e-01 5.229710974833051473e+00
-4.076857916201075566e-06 -9.272979695572393100e-01 5.208124421970349083e+00
-5.384782036820796678e-07 -9.272971772781304356e-01 5.186803675583139928e+00
7.068758412733941660e-07 -9.272945488904477118e-01 5.165756087597761059e+00
-5.298432043089962566e-07 -9.272967343073219570e-01 5.144988756711359912e+00
-3.664692356611618402e-06 -9.272979236883795995e-01 5.124495533451978169e+00
-2.092032014495934535e-07 -9.272955160024652921e-01 5.104264562497306201e+00
-2.416553034932746293e-06 -9.272970660334953763e-01 5.084309758825622971e+00
-1.834722734942537049e-06 -9.272957996126118818e-01 5.064618890148279817e+00
-1.240128901535399267e-07 -9.272953713268233811e-01 5.045198559787523074e+00
-2.173861777736697376e-06 -9.272948973030910036e-01 5.026045277580852400e+00
-3.854419776099570048e-06 -9.272989398462169186e-01 5.007157021830398236e+00
-3.094347152258101643e-06 -9.272972895039754970e-01 4.988523277264457434e+00
-1.088835477094641643e-06 -9.272954900323696625e-01 4.970146933491709440e+00
-3.524339772228694381e-06 -9.272959821105203337e-01 4.952034305340095699e+00
-3.469858683832207075e-06 -9.272959056818190771e-01 4.934173046278874430e+00
-3.505281272467554101e-06 -9.272964583592014920e-01 4.916557691318341305e+00
1.136166908679424763e-07 -9.272946490707180134e-01 4.899189313179576288e+00
-2.246039844103033382e-06 -9.272949013931922613e-01 4.882080606890777830e+00
2.964933243640448995e-06 -9.272921798320497011e-01 5.503381118253535931e+00
-1.156572232898933974e-06 -9.272984056444018020e-01 5.479266274593766362e+00
-1.606683780567861514e-06 -9.272998583151658147e-01 5.455384932098300332e+00
-2.249461506624012704e-06 -9.272985314704755844e-01 5.431756119053575027e+00
-1.204971131353769553e-06 -9.272974258218222854e-01 5.408374343062680722e+00
-5.326193968484400213e-07 -9.272978764519075323e-01 5.385243713467162685e+00
-2.784003463555304964e-06 -9.272971123930953130e-01 5.362373561962527901e+00
-1.083185116553648122e-06 -9.272963872597307367e-01 5.339753996615910658e+00
-5.843981364457893969e-07 -9.272976162438766323e-01 5.317394926059376026e+00
-2.772184492345604452e-07 -9.272958799030023291e-01 5.295292981759009976e+00
-5.853957559177494990e-08 -9.272967167828102264e-01 5.273453021993833367e+00
-1.764942682542917059e-06 -9.272965845225665804e-01 5.251873781547318210e+00
-2.885329813286418023e-06 -9.272960724597414384e-01 5.230556184367937789e+00
-8.887693429504029744e-07 -9.272966294509101814e-01 5.209497208725387019e+00
-8.534060169825135020e-08 -9.272955284462179870e-01 5.188697317209140181e+00
-1.588676343892448291e-06 -9.272956978100900249e-01 5.168163473260158014e+00
-2.371347313626031102e-06 -9.272980814883202694e-01 5.147887038582342534e+00
-6.758622473354082288e-07 -9.272968234340781546e-01 5.127865553576385516e+00
-9.488466047051049461e-07 -9.272968712942312175e-01 5.108107304743657373e+00
-2.328928970406473436e-06 -9.272969689276350236e-01 5.088600956278255261e+00
-1.600223752589760795e-06 -9.272968328556648876e-01 5.069349738839526331e+00
-1.233197767881986984e-06 -9.272971171885242558e-01 5.050358566620590572e+00
-2.459395460094816612e-06 -9.272971416149715651e-01 5.031620796309153931e+00
-5.699013030351829986e-07 -9.272969291911579148e-01 5.013121450202261187e+00
-1.648759352112338519e-06 -9.272945330512978312e-01 4.994877501372623207e+00
-1.876039666094251277e-06 -9.272973109334653463e-01 4.976884047936110278e+00
-1.839663047532333988e-06 -9.272959505173922201e-01 4.959132707846087840e+00
-1.516730085644981914e-06 -9.272958579213480546e-01 4.941622168394534498e+00
-1.495799858306122844e-06 -9.272968519102879892e-01 4.924351910536212351e+00
-7.519938620617336995e-07 -9.272948268141807393e-01 4.907313008530360676e+00
2.952728575717510720e-06 -9.272866272249088437e-01 5.520939189420033699e+00
-1.878467276140407335e-06 -9.273033275245512463e-01 5.497256700875706947e+00
-3.418020279838888841e-06 -9.273028657148871812e-01 5.473788413592719060e+00
-1.344756475583267103e-06 -9.272960420051143959e-01 5.450548549016056121e+00
-1.392877356468860113e-06 -9.273000955821393276e-01 5.427553639371045513e+00
-8.318681115082378476e-07 -9.272980242595252331e-01 5.404796167237039484e+00
-2.060379400248775719e-06 -9.272978684896523438e-01 5.382277745197288965e+00
-8.921646909830718739e-07 -9.272965842908874601e-01 5.359998695755032294e+00
5.018183882262562697e-08 -9.272956497771515094e-01 5.337967832342029872e+00
-4.816938188013586015e-06 -9.273007659558508697e-01 5.316193443349857439e+00
-9.352069540908969946e-07 -9.272974696713549569e-01 5.294645209211446435e+00
-2.952043397700043135e-06 -9.272970458741488509e-01 5.273353824315495153e+00
-8.048238591103566924e-08 -9.272964733294246642e-01 5.252306669484668511e+00
-2.485513284461766021e-07 -9.272957971046225101e-01 5.231510530518692192e+00
4.567283707855567823e-07 -9.272959191940728374e-01 5.210961207832234265e+00
-3.564317347807041393e-06 -9.272978815115203721e-01 5.190666140713320331e+00
-1.906189509813633820e-06 -9.272980320794285136e-01 5.170609416410900216e+00
-2.091214471488310327e-06 -9.272959102810360843e-01 5.150801322841417118e+00
-7.513478696570137187e-07 -9.272977125343745408e-01 5.131241686109243361e+00
-4.117251255026971486e-06 -9.272982330049923672e-01 5.111932774304139393e+00
-1.027411831621277423e-06 -9.272962585127790813e-01 5.092859591655639839e+00
-3.093553196334128197e-06 -9.272980924147932180e-01 5.074037354346361717e+00
-3.516639638220582129e-06 -9.272972610538983140e-01 5.055447193840873155e+00
-2.135213173658274767e-06 -9.272978313773393433e-01 5.037104340396579616e+00
-1.932708574766567479e-06 -9.272961053041038904e-01 5.018990324348044929e+00
-1.548725681894310278e-06 -9.272974900557837685e-01 5.001121774216660931e+00
-1.760635161515488678e-06 -9.272962188468093503e-01 4.983484714163161300e+00
-2.872596124829097186e-06 -9.272967890022713044e-01 4.966087015503624968e+00
-1.718622995818561660e-06 -9.272957953156650834e-01 4.948919475079623709e+00
-2.528953020245663371e-07 -9.272948612585264483e-01 4.931972080265168756e+00
2.544286326127520057e-06 -9.272892824277015889e-01 5.537869866079336845e+00
-1.888019535990189769e-06 -9.273038891772714676e-01 5.514605700381413733e+00
-9.932659656672840596e-07 -9.273005472004299810e-01 5.491541300641856971e+00
-2.426732093900177324e-07 -9.272988319128955270e-01 5.468696537257527801e+00
-1.263803737937934595e-06 -9.272992898416442253e-01 5.446081149075381767e+00
-2.686618892212192933e-06 -9.272982016373148006e-01 5.423686194822597173e+00
7.001807957913422108e-08 -9.272970381510556859e-01 5.401517971711790267e+00
-1.602284033230115866e-06 -9.272989145685101020e-01 5.379588330078149738e+00
2.438678477841460957e-07 -9.272960492636168617e-01 5.357876470562542792e+00
-4.254290787017005255e-07 -9.272983269764872860e-01 5.336404647070282614e+00
-2.030193677372160754e-06 -9.272993351663789685e-01 5.315166312359203005e+00
-8.005397300353368583e-07 -9.272970113277529958e-01 5.294160964757735677e+00
-1.934696727423207272e-06 -9.272959733978808350e-01 5.273390739831677720e+00
-1.283833149025007976e-06 -9.272965799085117755e-01 5.252855464372045979e+00
-2.423609263254056318e-06 -9.272977177000470972e-01 5.232563812643237888e+00
-9.371062749273891516e-07 -9.272972756575470488e-01 5.212496550790220340e+00
-1.565336709897713191e-06 -9.272982178742685822e-01 5.192674738629120768e+00
-2.785397998055646661e-07 -9.272969914476587583e-01 5.173081188353359394e+00
-2.596370640739319626e-06 -9.272972760405763237e-01 5.153727236562988701e+00
-1.566727781533644784e-06 -9.272955723552269713e-01 5.134603622744194240e+00
-2.607879775383952049e-06 -9.272989935732658395e-01 5.115726132360923550e+00
-2.465458491216349401e-06 -9.272977281883512113e-01 5.097067088708432614e+00
-9.319576009624845616e-07 -9.272950490885369934e-01 5.078642282581266265e+00
-2.957990563934844069e-06 -9.272965500791164883e-01 5.060449419475946620e+00
-1.773951019613989372e-06 -9.272963313670015140e-01 5.042483125536300292e+00
-2.262443066987956657e-06 -9.272974260794046852e-01 5.024756223722647519e+00
-3.250522117440480554e-06 -9.272965760551266090e-01 5.007240819173405910e+00
-2.882582421959328567e-06 -9.272978680482839575e-01 4.989958446219710630e+00
-1.984357605117694232e-06 -9.272965338092519216e-01 4.972891687066065103e+00
-1.314357336471681410e-06 -9.272971392440482186e-01 4.956052472565626310e+00
3.881771090210754285e-06 -9.272823910766793132e-01 5.554185825798334974e+00
-2.461598032474495073e-06 -9.273028590678707994e-01 5.531336295713618512e+00
-6.816526677596317524e-07 -9.272988227613417900e-01 5.508668326719004860e+00
-1.119035913333082727e-06 -9.272983883655490089e-01 5.486209616727517613e+00
-2.384572278422540297e-06 -9.272994201805154768e-01 5.463967966812148802e+00
1.487527191299300582e-06 -9.272935677827610634e-01 5.441927256887583830e+00
-1.750420154112829079e-06 -9.272978314796693766e-01 5.420116437476918847e+00
-1.355239577699024162e-06 -9.272992471372702994e-01 5.398516813952467075e+00
1.759228555200802776e-07 -9.272945782592373343e-01 5.377129059768230412e+00
-1.159108890110178345e-06 -9.272979389866361499e-01 5.355971510331155372e+00
-2.319071000797644363e-06 -9.272990647198248171e-01 5.335032924803143395e+00
-1.074146736495750740e-06 -9.272974403965017487e-01 5.314313391700264511e+00
-2.448111042736837710e-07 -9.272947362536934079e-01 5.293812369655690020e+00
-1.394016237376180083e-06 -9.272970033147173163e-01 5.273550746818682633e+00
-3.654603610301948493e-07 -9.272979725592691569e-01 5.253502530166189288e+00
-7.885833402061274567e-07 -9.272962133911363258e-01 5.233679960547413579e+00
-8.809867017420620070e-07 -9.272968217941104374e-01 5.214084186681462896e+00
-3.003806878059733299e-06 -9.272967399868873306e-01 5.194714643801213505e+00
-1.598897016889744404e-06 -9.272962155227115755e-01 5.175564205847048349e+00
-1.617055851549823684e-06 -9.272975877920911492e-01 5.156645901383111408e+00
-1.994142391301391507e-06 -9.272963074914928328e-01 5.137941692775488178e+00
-2.153544971535312520e-06 -9.272982476158700971e-01 5.119466603763866530e+00
-1.359120946548479033e-06 -9.272966498386426837e-01 5.101214857306679562e+00
-1.748632650558163941e-06 -9.272983938542401772e-01 5.083180380608007809e+00
-2.330100181527729116e-06 -9.272981876031960446e-01 5.065365731260285997e+00
-2.021417742870917602e-06 -9.272979732885586746e-01 5.047773499336551062e+00
-2.498137146078744125e-06 -9.272968765024293125e-01 5.030390446919374980e+00
-2.489393169268273056e-06 -9.272961729647040130e-01 5.013225435032327759e+00
-2.577129057613424771e-06 -9.272960272334931364e-01 4.996280830697267028e+00
-1.625410530466911253e-06 -9.272951946334792028e-01 4.979540214557907518e+00
1.338825750372248554e-06 -9.272905042792138897e-01 5.569927093676461105e+00
-6.966370564899005477e-07 -9.272999420565900541e-01 5.547466937402652398e+00
-2.717324931633493959e-06 -9.273003896758905684e-01 5.525195033727105631e+00
-3.153245778985146732e-06 -9.273063450239874550e-01 5.503125604116284819e+00
-1.816681515244596727e-06 -9.272984526963978791e-01 5.481234656916491588e+00
-8.455923651739980834e-07 -9.272981077550471740e-01 5.459558310974851558e+00
-4.508832195029985532e-07 -9.272979546339266133e-01 5.438082681926544204e+00
-1.378029088211966646e-06 -9.272971494597093134e-01 5.416811360639727901e+00
-4.721516559031250282e-07 -9.272982352788053939e-01 5.395751871035661118e+00
-1.907089850108466749e-06 -9.272970062511411982e-01 5.374896495331710433e+00
-4.202190724368155879e-07 -9.272963534673952513e-01 5.354253317723931538e+00
-1.528180321341431480e-06 -9.272986478259285237e-01 5.333826511357749212e+00
-4.194390269727117417e-07 -9.272963830158390541e-01 5.313601636621970492e+00
-2.030278950371843171e-06 -9.272966944201036510e-01 5.293594358688458179e+00
-1.509851119801015943e-06 -9.272975142771595625e-01 5.273805611427929918e+00
-6.900581257797475096e-07 -9.272972843289933875e-01 5.254222194280585789e+00
-2.884776663311764922e-06 -9.272986314611219028e-01 5.234865939245643141e+00
-1.789881738463486094e-06 -9.272986803527033528e-01 5.215713483640515236e+00
-1.397223663301410017e-06 -9.272976509667746337e-01 5.196774231087522899e+00
-2.714375696648908277e-06 -9.272966549136050229e-01 5.178050684464458264e+00
-7.105933387480361809e-07 -9.272970652771549416e-01 5.159541737962690888e+00
-1.931050628043660391e-06 -9.272957523878716524e-01 5.141244877817127801e+00
-2.980761496230319685e-06 -9.272967827722208289e-01 5.123166293810537120e+00
-4.424247348812785231e-07 -9.272966816177956595e-01 5.105291256056520233e+00
-2.976599527003747688e-07 -9.272950901835892434e-01 5.087628738116614535e+00
-1.561152614572324313e-06 -9.272955979214106970e-01 5.070181471632423609e+00
-5.185697681090769023e-07 -9.272958242015731933e-01 5.052939779149677513e+00
-2.395686471030503712e-06 -9.272969001966173686e-01 5.035905869433246806e+00
-3.846173414283631979e-07 -9.272962056271381037e-01 5.019078341692011946e+00
-2.272140008654789600e-06 -9.272966695723615649e-01 5.002461299854171983e+00
1.932109346055767290e-06 -9.272905157276492005e-01 5.585095190617921368e+00
-1.628902252071760523e-06 -9.272995583220117188e-01 5.563025771926705332e+00
-2.209061431860103207e-06 -9.272995865448756536e-01 5.541136921516424785e+00
-1.646881552064284142e-06 -9.272971269956460372e-01 5.519427437920719548e+00
-4.377982838663333580e-06 -9.273049313989207842e-01 5.497918368172016734e+00
-3.383479827912183407e-07 -9.272991909128075472e-01 5.476581566504438392e+00
-2.706402814568903199e-06 -9.273005668585997396e-01 5.455444890358297272e+00
-2.012962148856140620e-06 -9.272983017415872276e-01 5.434501345504379799e+00
-3.070137318007695824e-06 -9.273021951638588112e-01 5.413757996755716562e+00
-7.706021244468500678e-07 -9.272990262760975044e-01 5.393208484623030152e+00
-2.425828288965895222e-06 -9.272997186962536054e-01 5.372858709649707798e+00
-2.723346160989529708e-06 -9.273004296787016321e-01 5.352716981855649259e+00
-1.121326402270449594e-06 -9.272974137089804447e-01 5.332764105804717047e+00
-5.493271395277312326e-07 -9.272963110289100808e-01 5.313017327491409425e+00
-6.673542571032048640e-07 -9.272979795871462150e-01 5.293477952941717746e+00
-1.208233041982798386e-08 -9.272966310934896983e-01 5.274139064545537714e+00
-5.897540518867280092e-09 -9.272964977869179171e-01 5.255008416509678426e+00
-1.449803069688816604e-06 -9.272956619403087686e-01 5.236078417018823039e+00
-3.140420724571695397e-07 -9.272970384853471693e-01 5.217357422069901496e+00
-1.535726153961600793e-06 -9.272969902816672327e-01 5.198836934505615126e+00
-3.703845854119813351e-06 -9.272985059749536685e-01 5.180527758402211802e+00
-1.591919239098657285e-06 -9.272958867375395986e-01 5.162411359823609658e+00
-1.684190581117891248e-06 -9.272975883318476109e-01 5.144509444882677585e+00
-1.035536761708531755e-06 -9.272969512180327945e-01 5.126805388246714834e+00
-1.471019672067806021e-06 -9.272968377752245361e-01 5.109298360840476505e+00
-3.424327200398037689e-06 -9.272972853495831114e-01 5.092001011859608184e+00
-7.502620332294365149e-07 -9.272969695576557259e-01 5.074901763149025413e+00
-2.228298814783192763e-07 -9.272968370566041507e-01 5.057996120438960297e+00
-1.458966015807264318e-07 -9.272969088343336885e-01 5.041295230653965120e+00
-3.791319581278452135e-07 -9.272958804967634805e-01 5.024791261637638229e+00
2.066152439159722212e-06 -9.272829521346459547e-01 5.599714770669988795e+00
-1.273083931288667539e-06 -9.272987266964617392e-01 5.578038027057327319e+00
-5.325584196770764559e-07 -9.273024646150178629e-01 5.556522637459099911e+00
-1.961369032474810965e-06 -9.272986034819212797e-01 5.535175937988705996e+00
-3.454029398122681294e-06 -9.273063697267367456e-01 5.514014711262886337e+00
-2.137946502027105709e-06 -9.272976567092098277e-01 5.493022829509520477e+00
-3.579992742705839078e-06 -9.273048606891752810e-01 5.472222936670200433e+00
-2.055142810031472033e-06 -9.272989282775349063e-01 5.451598038794855050e+00
-1.019321563413969251e-06 -9.272979866518852310e-01 5.431164396894389235e+00
-3.945438762152619409e-06 -9.273011096936354392e-01 5.410920955236082186e+00
-2.046644072264168204e-06 -9.273000434477325360e-01 5.390863529726086512e+00
-3.906838756111160365e-06 -9.273002712305523643e-01 5.370996181501462630e+00
-1.928343173299348686e-06 -9.272972946005267891e-01 5.351315741833897022e+00
-3.395390931228115668e-06 -9.272989840390467586e-01 5.331838078534161696e+00
-2.561621619599902543e-06 -9.272978142711950644e-01 5.312544202943712435e+00
-7.844137176204143160e-07 -9.272985027232878430e-01 5.293453485171763617e+00
-1.262346963362882010e-06 -9.272979981287693407e-01 5.274553205511478104e+00
-2.724248137733699222e-06 -9.272972549085227723e-01 5.255848209870417342e+00
-1.197697239188143621e-06 -9.272950588643213976e-01 5.237333295732317318e+00
-3.110662925654610149e-06 -9.272970390107455607e-01 5.219023595327886511e+00
1.415349213871232608e-07 -9.272958463141856011e-01 5.200902041293937295e+00
-3.064788965168152518e-06 -9.272981727104094851e-01 5.182982489650612479e+00
-2.175647270721970783e-06 -9.272964304562750781e-01 5.165250724948331040e+00
-2.004005105447337357e-07 -9.272955354691579943e-01 5.147715931856525984e+00
-4.571580207105963267e-06 -9.272981826990288612e-01 5.130384336941014922e+00
-1.258401325460869496e-06 -9.272958167192837386e-01 5.113231588189222521e+00
-1.607572206376017245e-06 -9.272959023213684926e-01 5.096274129757613736e+00
-1.282432721726447008e-06 -9.272959834604577178e-01 5.079509960050601514e+00
-3.741839073772559349e-06 -9.272985346358126879e-01 5.062952547486312405e+00
-1.398864805804848146e-06 -9.272953508680579215e-01 5.046558595012358595e+00
2.199882875744276551e-06 -9.272881236378384129e-01 5.613824933149318852e+00
-5.209518229482528630e-07 -9.273007994574298252e-01 5.592519188040614431e+00
-3.703569746354602874e-07 -9.273004583017826485e-01 5.571365509827828966e+00
-3.012397053947744694e-06 -9.273021137827704985e-01 5.550378426744798865e+00
-3.578014106029887995e-07 -9.273019974712420899e-01 5.529558085842572801e+00
-5.343938388268166934e-06 -9.273074335650545175e-01 5.508915225842111241e+00
-4.190344155481882243e-07 -9.272999681336713262e-01 5.488427987733906832e+00
-9.570595764295306381e-08 -9.272969862056761325e-01 5.468121580163447959e+00
-1.652384074462057623e-06 -9.272980940727100219e-01 5.447995611999605359e+00
-1.916967374137157976e-06 -9.272998825963089109e-01 5.428052183263646135e+00
-2.570171628416635993e-06 -9.272999949058045033e-01 5.408280815446812717e+00
-3.407941703927392438e-06 -9.272997255029038488e-01 5.388696471739448768e+00
-2.300263202027699195e-06 -9.272990916367073178e-01 5.369284741706763953e+00
-2.387284349701571847e-06 -9.272986953780029129e-01 5.350060557568648179e+00
3.875553841423492289e-08 -9.272972834706192380e-01 5.331021566125935252e+00
-9.015708366186535493e-07 -9.272975821686383346e-01 5.312170214195222506e+00
-2.034107632249901699e-07 -9.272975346002094721e-01 5.293503138436406630e+00
-3.619624065212151245e-06 -9.273010884648572594e-01 5.275027778589114646e+00
-2.874900902229987535e-06 -9.272971162084665542e-01 5.256726980717139952e+00
-3.054206005391592216e-06 -9.272982824211323249e-01 5.238618906680545528e+00
-3.133169940319573393e-06 -9.272970046281115986e-01 5.220697935638105136e+00
-2.537831943198399695e-06 -9.272966660824416563e-01 5.202961238142397526e+00
-1.597081083592019083e-06 -9.272980474652570138e-01 5.185417151660267621e+00
-3.128358121952713015e-06 -9.272971111657031251e-01 5.168054204590639245e+00
-3.050231667161614127e-06 -9.272971466617583314e-01 5.150881755156026642e+00
-8.909947451033251223e-07 -9.272981996652965853e-01 5.133888394115357023e+00
-1.005120590430425999e-06 -9.272974971803960020e-01 5.117081420353847498e+00
-6.244827950076667782e-07 -9.272965986257289961e-01 5.100457809635348561e+00
-7.424410031830008942e-07 -9.272956527162236062e-01 5.084022088400745432e+00
-3.990838500915046389e-07 -9.272972625510340627e-01 5.067766665431306272e+00
5.165365913134923072e-07 -9.272861139041885803e-01 5.627431507436035041e+00
-1.859322910484825377e-06 -9.273061555034840531e-01 5.606493322708074878e+00
-5.628891585601398137e-07 -9.272998010462052410e-01 5.585694511017261554e+00
-1.031910055744924576e-06 -9.273016367608145627e-01 5.565056682362243379e+00
-3.260337043676395358e-06 -9.273040023887023642e-01 5.544575352390060274e+00
-4.908046754066765509e-07 -9.273001405938374742e-01 5.524252677738172856e+00
-2.170151219979958849e-06 -9.273003385793303632e-01 5.504095579732836363e+00
-2.496525603220688889e-06 -9.273003210579963129e-01 5.484101765872334333e+00
-2.018499935639307969e-06 -9.272986602248389776e-01 5.464275373124555912e+00
-1.699182014085182238e-06 -9.272986674529067885e-01 5.444623330417976526e+00
-9.647908631052915481e-07 -9.272992764611986960e-01 5.425138796126740992e+00
-4.136402462827833826e-06 -9.273024026539842257e-01 5.405828359652709025e+00
-3.283895746450442637e-07 -9.272972502862182331e-01 5.386682035064922935e+00
-2.780314366164646372e-06 -9.272974867050768344e-01 5.367718887555702700e+00
-3.450199448031549146e-06 -9.272979938671629396e-01 5.348929681490329102e+00
-1.937696352538761231e-06 -9.272975232442738358e-01 5.330314362577370346e+00
-1.618819260180061895e-06 -9.272963276486622108e-01 5.311877660304881843e+00
-2.456736274863551570e-06 -9.273007601147197354e-01 5.293625011134091451e+00
-1.110789991890338383e-06 -9.272981853854247447e-01 5.275541139192033491e+00
-2.665160944781534543e-06 -9.272981560404555124e-01 5.257640239104138580e+00
-3.469174426448453067e-06 -9.272973841841573028e-01 5.239918298701740973e+00
-1.885916948703544595e-06 -9.272966488252425421e-01 5.222369865481419460e+00
-3.370434750324394148e-06 -9.272979645616128419e-01 5.205008966547641336e+00
-1.516284210999329148e-06 -9.272978132478865154e-01 5.187820874813066752e+00
-3.100030636277080495e-07 -9.272969803494833796e-01 5.170807007185921123e+00
-1.499998505807044325e-06 -9.272965264196407764e-01 5.153976741759793256e+00
-3.318950541830996874e-06 -9.272970416170867036e-01 5.137327034598730968e+00
-6.584308494646134631e-07 -9.272970446559821722e-01 5.120848030699479914e+00
-3.661378325558169135e-06 -9.272976275473213681e-01 5.104552614033634583e+00
4.841149108354099962e-07 -9.272959119185202326e-01 5.088419777445914782e+00
3.764590190867462658e-06 -9.272787033710471194e-01 5.640557418678315393e+00
-8.080280669991753001e-07 -9.273074527651904431e-01 5.619978632628773063e+00
-9.179392421419960501e-07 -9.273009905732654268e-01 5.599529023441980335e+00
-8.208745384415720547e-07 -9.273040109407445497e-01 5.579228228956806035e+00
-2.889311746336413597e-06 -9.273023021170170299e-01 5.559076923676354198e+00
-2.242018835229822185e-06 -9.272998631407350922e-01 5.539078317983568311e+00
-3.406472594040064469e-06 -9.273031186908499146e-01 5.519238678329592140e+00
-2.182448868648587403e-06 -9.273041826937481469e-01 5.499554313097083202e+00
-1.414258090418323069e-06 -9.272972269419769153e-01 5.480020105942898567e+00
-1.290000254021788869e-06 -9.272987034813243712e-01 5.460656038314567695e+00
-2.029799425176428026e-06 -9.272984200699909696e-01 5.441449049234664770e+00
-3.789173588208146046e-06 -9.273009271604880643e-01 5.422410624315127770e+00
2.176254352563249626e-07 -9.272979853321826615e-01 5.403530159015072165e+00
-5.162894328443238484e-07 -9.272980964790783487e-01 5.384820952185529919e+00
-1.106001396319933833e-07 -9.272963001875579314e-01 5.366278115000106652e+00
-1.863641605037002505e-06 -9.273016312362316604e-01 5.347909520042689380e+00
-3.158524442916687705e-06 -9.272992499259096189e-01 5.329700545293108327e+00
-1.312686240855629699e-06 -9.272968390631057822e-01 5.311660395410142677e+00
-1.252746895193746350e-06 -9.272972376078363332e-01 5.293794289913440032e+00
-1.352811476038540538e-06 -9.272990099452641521e-01 5.276106081769874834e+00
-2.247972713681716600e-06 -9.272985891777070222e-01 5.258583400135289132e+00
-1.316089717432934905e-06 -9.272972008278124179e-01 5.241226404744272038e+00
-2.449633832507441904e-06 -9.272972008736402039e-01 5.224042287764826931e+00
-1.987501388438848175e-06 -9.272966737005686744e-01 5.207032947350041852e+00
-1.963140337549880654e-06 -9.272953419359952765e-01 5.190189134730998965e+00
-5.039430917482027186e-07 -9.272975104460799978e-01 5.173521998079163353e+00
-1.944540181524558758e-06 -9.272965804889194974e-01 5.157020483483725215e+00
-1.083458032015717646e-06 -9.272977096329828584e-01 5.140694133470383065e+00
-1.393717799388775390e-06 -9.272959508542716334e-01 5.124530775473377098e+00
-1.552771434563706687e-07 -9.272954424991077804e-01 5.108539628604171767e+00
1.652714489144416588e-06 -9.272787275995773015e-01 5.653228415107842686e+00
-7.308696270888047369e-07 -9.273017545407400419e-01 5.632995010774436651e+00
-2.824603453646897438e-06 -9.273048245899282449e-01 5.612887084569611496e+00
-2.221372815946994468e-06 -9.273024734996326846e-01 5.592917494850428994e+00
-6.972228867207224206e-07 -9.273013911598313452e-01 5.573090821423721586e+00
-2.718226191304719582e-06 -9.273020466557261310e-01 5.553410443752842873e+00
-1.645559386096472204e-06 -9.272996122985596168e-01 5.533870413709308878e+00
-1.748657726051193665e-06 -9.272974248786762796e-01 5.514484669027253538e+00
-2.333209003453140289e-06 -9.273026723911136360e-01 5.495257771490060783e+00
-4.739727441615774139e-08 -9.272994124304529961e-01 5.476166150845811487e+00
-3.235635268606122822e-06 -9.272993498938142398e-01 5.457241785721610228e+00
-1.523772412568617247e-06 -9.273019532173374380e-01 5.438468510431755831e+00
-2.645644794625542082e-06 -9.273034800139006162e-01 5.419858063484740640e+00
-2.534718639146243218e-06 -9.272981648870006754e-01 5.401394171074741735e+00
-1.645786667741995781e-06 -9.273005284408190052e-01 5.383098209760659003e+00
-3.127719984493861924e-07 -9.272975102810416814e-01 5.364956888511635213e+00
-3.259626330613838531e-07 -9.272972322807476742e-01 5.346980859157191901e+00
-1.820597898803978457e-06 -9.272960302149685363e-01 5.329163860371247452e+00
-5.637229504677138343e-07 -9.272981244198199580e-01 5.311513179090817438e+00
-1.853990859503515916e-06 -9.272966750402423797e-01 5.294022899226754397e+00
-1.931933097453100132e-06 -9.272971126801468067e-01 5.276700757439386713e+00
-1.829820927940819225e-06 -9.272985068956877130e-01 5.259540710853799261e+00
-3.780436281135533793e-06 -9.272981990166327959e-01 5.242541966134696807e+00
-1.790289122762814331e-06 -9.272965064331502028e-01 5.225702224602144952e+00
-2.181934342330248913e-07 -9.272951210911763997e-01 5.209031199974878845e+00
-1.385245708602509876e-06 -9.272977672289374196e-01 5.192527780105093527e+00
-2.670763427278160020e-06 -9.272986271021477211e-01 5.176186593158654148e+00
-8.148574875667375377e-07 -9.272979397149753167e-01 5.160002389952343727e+00
-2.113481518446465823e-06 -9.272972391616072230e-01 5.143986700427960912e+00
-3.405091628048085566e-06 -9.272978853818798495e-01 5.128135138293522743e+00
1.117885286223612158e-06 -9.272794642984996116e-01 5.665461491480719758e+00
-1.094319534063334743e-06 -9.273081348024394543e-01 5.645568346497657153e+00
-1.539570897317186984e-06 -9.273009837555198365e-01 5.625787494681331324e+00
-2.512600016795347359e-06 -9.273111236789923773e-01 5.606149927390653431e+00
-2.297811997006680600e-06 -9.273018233217305006e-01 5.586633477464434172e+00
-1.736118526877427094e-07 -9.273009705104712230e-01 5.567260202123520685e+00
-6.105900055691400539e-07 -9.272999850284214807e-01 5.548027385804204847e+00
-4.682102015860991873e-06 -9.273080816318676201e-01 5.528942274892740372e+00
-4.603631788635312792e-06 -9.273036688500545521e-01 5.509993530361061431e+00
-1.579048922922622434e-06 -9.272988780344653126e-01 5.491181061862964619e+00
-7.158849434356202695e-07 -9.272984371776965551e-01 5.472526595214558753e+00
-1.297582017475453107e-06 -9.273010152949358043e-01 5.454018642362235880e+00
-3.248960516810295503e-07 -9.272976416480076534e-01 5.435654142084432650e+00
-1.628334347326525182e-06 -9.272992620984754630e-01 5.417453196429613982e+00
-2.070809898547934443e-06 -9.272987343219378786e-01 5.399392662625974282e+00
-2.036238190656655860e-06 -9.272983901066204071e-01 5.381491674235009626e+00
-4.432929736099426235e-06 -9.273003577069844905e-01 5.363745524475185711e+00
-4.429387885303282996e-06 -9.272996036590821500e-01 5.346151747512232433e+00
-1.903683488946722277e-06 -9.272971840214417893e-01 5.328702845160339763e+00
2.039835159637629564e-06 -9.272935345933086548e-01 5.311411767762196590e+00
-2.031711079763479099e-06 -9.272969540499139685e-01 5.294292159286544397e+00
-1.849454888693855804e-07 -9.272965670134154514e-01 5.277318740476043324e+00
-9.210620151733546306e-07 -9.272978479237342642e-01 5.260506397580805071e+00
-4.496610266735750646e-06 -9.272991792356420904e-01 5.243858341427607428e+00
-1.260718537010287284e-06 -9.272973289634836025e-01 5.227354027504014233e+00
-1.813815998849040111e-06 -9.272986413429337160e-01 5.211010007978400083e+00
-1.266496766467464341e-06 -9.272958566783459089e-01 5.194820042996038723e+00
-7.309909796130955372e-07 -9.272979812430198754e-01 5.178796506111497777e+00
-8.963575320292127981e-07 -9.272972667450095630e-01 5.162927162294232097e+00
-1.210025788010588981e-06 -9.272982234532789469e-01 5.147210445865831652e+00
2.242915724603720638e-06 -9.272808756986432588e-01 5.677279076051588547e+00
-1.302998946587486643e-06 -9.273060701799086258e-01 5.657712373166972952e+00
-1.673524306613892657e-06 -9.273003828655720371e-01 5.638254995430291849e+00
-3.541191874426911841e-06 -9.273058846309826242e-01 5.618929142162591539e+00
-1.382174834744559385e-06 -9.273065045064076140e-01 5.599729344673662013e+00
-7.895821404598002292e-07 -9.273002684817968078e-01 5.580656914435310867e+00
-2.132181478344709838e-06 -9.273066328857222373e-01 5.561725288036560855e+00
-8.978607096786582544e-07 -9.273038202642981398e-01 5.542916639414455560e+00
-1.347606211454457742e-06 -9.273037043716693129e-01 5.524250973984508484e+00
-2.300245985822054648e-06 -9.272995444385785380e-01 5.505718832710017274e+00
-1.394568280358123288e-06 -9.273000481924627003e-01 5.487329065330702527e+00
-9.545817992957994460e-07 -9.272986407140799692e-01 5.469080644965609750e+00
7.793848230595779752e-08 -9.272977939341647824e-01 5.450971657099024981e+00
-2.005786416286340956e-06 -9.272971973682800906e-01 5.433009004417794330e+00
-2.055039487581917990e-06 -9.272969932751413680e-01 5.415190864368763179e+00
-2.703837721855179910e-06 -9.273001342616665754e-01 5.397522007290906032e+00
-4.217916370308320602e-06 -9.273000284828302187e-01 5.380002251700060967e+00
1.587158229391474290e-07 -9.272980151110533642e-01 5.362617635359365309e+00
-3.194050601030089046e-06 -9.273013064829020990e-01 5.345393200281878698e+00
-1.376774806101311469e-06 -9.272987915826303995e-01 5.328312705009087935e+00
-4.629746061210156518e-07 -9.272961456670195668e-01 5.311377652146521910e+00
-2.233736648749176772e-06 -9.272987168183769446e-01 5.294601829109251590e+00
-3.329236440862494980e-06 -9.272985538596867361e-01 5.277971008401909359e+00
-1.569602571875789592e-06 -9.272981180502742893e-01 5.261494720320785135e+00
-1.586811069618560229e-06 -9.272975753248504649e-01 5.245164808751589192e+00
-1.957215366719397070e-06 -9.272968988326896200e-01 5.228982918927389534e+00
-2.008704625021037416e-06 -9.272963745503540745e-01 5.212955362284652949e+00
-1.828681105358089451e-06 -9.272988459335895772e-01 5.197086130292767336e+00
-3.050085344733082467e-06 -9.272966344637001423e-01 5.181359358105494195e+00
-9.141075456558695878e-07 -9.272971630145757649e-01 5.165782105657735102e+00
1.425323581647328016e-06 -9.272777621071731646e-01 5.688687822501662161e+00
-3.805842489521680307e-06 -9.273124124107631205e-01 5.669448732215866649e+00
-1.855333505917539904e-06 -9.273042645904470138e-01 5.650304341146024534e+00
-4.503967744969108479e-06 -9.273134679940201464e-01 5.631291121636417429e+00
-4.172976179493038177e-06 -9.273107703071468144e-01 5.612392861068496330e+00
-2.015826583869944141e-06 -9.273014965820393085e-01 5.593610618259225120e+00
-1.415277726352841859e-06 -9.273070470895573569e-01 5.574968069750262600e+00
-3.082098043872408670e-06 -9.273031331853299752e-01 5.556443902500373788e+00
-1.452352930429026839e-06 -9.273006145604777428e-01 5.538054085508357538e+00
-1.080181520065522588e-06 -9.272996516159324187e-01 5.519793132716706019e+00
-2.014645931170081265e-06 -9.272978075751129312e-01 5.501663833395009640e+00
-3.404707765499244069e-06 -9.273019375771905937e-01 5.483674765179049615e+00
-2.370731455838659482e-06 -9.273031095010355607e-01 5.465817588961504825e+00
-1.321124950056357784e-06 -9.273017754509143007e-01 5.448096047333097047e+00
-1.194705980644014672e-06 -9.272970687011276025e-01 5.430509400713663837e+00
-1.176121217072631004e-06 -9.273001068782611434e-01 5.413070206264134931e+00
-1.713503030708796499e-06 -9.272996022129165183e-01 5.395768443929544134e+00
-1.026352841835887011e-06 -9.272976351444290888e-01 5.378602138350528250e+00
-2.499865306525757291e-06 -9.272971245752799074e-01 5.361581181454851297e+00
-2.695582495122938149e-06 -9.272988308359334519e-01 5.344706198321232726e+00
-7.577820313364500717e-07 -9.272981969841190830e-01 5.327972909959997061e+00
-2.924068696941472501e-06 -9.272976160906483134e-01 5.311384367040448140e+00
-4.426555300961468109e-06 -9.272992667905936015e-01 5.294941988312149128e+00
-1.646045214547905488e-06 -9.272965230687942872e-01 5.278631612884752577e+00
-2.742270554690446733e-06 -9.272963407246385126e-01 5.262477185816585745e+00
-2.685533457014127537e-07 -9.272975054469464462e-01 5.246465025487222711e+00
-3.426324845441119450e-06 -9.272992945335910564e-01 5.230602287746354051e+00
-1.661073222890563160e-06 -9.272960673218234584e-01 5.214876474974758480e+00
-1.912188647551094129e-06 -9.272967416782669225e-01 5.199298244158647719e+00
-6.859376793854752292e-07 -9.272967364024763404e-01 5.183866100441997027e+00
2.471872228863227000e-06 -9.272786454754951002e-01 5.699718716554224685e+00
-3.001994246484521375e-06 -9.273194959647497182e-01 5.680791642610025782e+00
-1.992734040247936941e-06 -9.273066630392604592e-01 5.661956394888584931e+00
-4.732683337395231959e-06 -9.273179321215556659e-01 5.643243081138194839e+00
-1.197805243921395934e-06 -9.273029822229390540e-01 5.624634753806362575e+00
-1.924268010841818764e-06 -9.273082127791167917e-01 5.606152587750903749e+00
-2.603605357207208185e-06 -9.273122466568627376e-01 5.587789056725620540e+00
-8.515786701764531085e-07 -9.273039339096796896e-01 5.569539536230561083e+00
-3.734955828917543876e-06 -9.273050777955292867e-01 5.551419370112506968e+00
-2.526433382740044465e-06 -9.273055188730474629e-01 5.533426174855703650e+00
-3.906102531889880678e-06 -9.273045894687462765e-01 5.515552460704499893e+00
-3.460232650580773209e-06 -9.273037157107393291e-01 5.497810290732750182e+00
-5.112024570879304809e-07 -9.273003372729818894e-01 5.480196560001878936e+00
-3.191133875582330905e-06 -9.273011113942626338e-01 5.462714494081596150e+00
-5.003754860021014044e-07 -9.272972429563425267e-01 5.445362027861096799e+00
-3.354840330740405921e-06 -9.273010048814598338e-01 5.428148974485716316e+00
-3.302992782914520554e-06 -9.272986538702382431e-01 5.411064776936439280e+00
-3.845247032649726342e-06 -9.273000667731410296e-01 5.394120784974622218e+00
-1.456304972073240366e-06 -9.272985588512597799e-01 5.377304277168271973e+00
-2.253096581560742439e-06 -9.272973025393881352e-01 5.360628056319058032e+00
-8.728431228354941038e-07 -9.272970509597654454e-01 5.344090228373207019e+00
-4.165949324835255789e-06 -9.272998132243627234e-01 5.327692879737972120e+00
-7.496194658392859607e-07 -9.272975580362649017e-01 5.311424814706180442e+00
-2.050661752506487450e-06 -9.273002584507616941e-01 5.295307196671924288e+00
-3.730363316762762716e-06 -9.272982230018796956e-01 5.279319524400340136e+00
-1.989490615775824492e-07 -9.272978283940732647e-01 5.263468912193260962e+00
-3.670931898098290722e-06 -9.272987123643077201e-01 5.247764345302097233e+00
-9.042356428031719630e-07 -9.272964788672898306e-01 5.232189725876367881e+00
-2.441174270931143814e-06 -9.272969492904301614e-01 5.216763644959070412e+00
-5.647823406675357308e-07 -9.272967991736821292e-01 5.201471989440081600e+00
3.178549153223199152e-06 -9.272623733699033588e-01 5.710372668697070608e+00
-1.871508998144418296e-06 -9.273148167149545262e-01 5.691758346459439899e+00
-1.448867144870907887e-06 -9.273124148212213980e-01 5.673225795576558816e+00
-3.564396252909740998e-06 -9.273092673690896959e-01 5.654799523133457129e+00
-4.421899876632346455e-06 -9.273140665526703463e-01 5.636488745737210593e+00
-4.196342243312849910e-07 -9.273005137549228394e-01 5.618277891787690770e+00
-1.476557958999179903e-06 -9.273029173944682402e-01 5.600190747791816470e+00
-5.595375138560896594e-07 -9.273019138465427025e-01 5.582214871165556147e+00
-3.593655417404334094e-06 -9.273047357088947118e-01 5.564360673439863625e+00
-1.716093907308014420e-07 -9.273021943525153743e-01 5.546619782192430570e+00
-2.739904806277918796e-06 -9.272987575899499513e-01 5.529002908026645180e+00
-3.460681929723821575e-07 -9.272995547705495945e-01 5.511507880765334377e+00
1.612176507790226904e-06 -9.272900192139528208e-01 5.494124441791687019e+00
-1.106505470889601493e-06 -9.273024361938119187e-01 5.476893796467768638e+00
-1.504322505786245781e-07 -9.272992594001007172e-01 5.459769243770823621e+00
-1.330439516852557917e-06 -9.273014964284082007e-01 5.442778853491771152e+00
-1.630292485502944060e-06 -9.272985363218476662e-01 5.425908665459516556e+00
-1.098192791750479372e-06 -9.272980663047731831e-01 5.409175886808202272e+00
-2.271998820258426758e-06 -9.272978606362158871e-01 5.392567567700768727e+00
-2.250898399664625389e-08 -9.272968920065143283e-01 5.376087773885191545e+00
-4.759223111820035656e-07 -9.272976351223534142e-01 5.359743615498377522e+00
-8.738188644400725075e-07 -9.272973156283418339e-01 5.343527700097459920e+00
-1.816226794784231035e-06 -9.272976017421225015e-01 5.327448369052245170e+00
-7.215668712870840303e-07 -9.272982998080431249e-01 5.311504192077241449e+00
-5.216524095210510133e-07 -9.272978406230866222e-01 5.295687095356450769e+00
-1.938708707288413126e-06 -9.272961686489585853e-01 5.280003448101072472e+00
-3.743545662359794682e-07 -9.272978279215661201e-01 5.264457243404552678e+00
-1.100608535365469345e-06 -9.272973781949396255e-01 5.249048201537239500e+00
-1.250793725833322824e-06 -9.272959297574961957e-01 5.233762445515122153e+00
-1.087173828770998270e-06 -9.272954624800365808e-01 5.218615938007083344e+00
3.628554897541986789e-06 -9.272559021035854387e-01 5.720684549051832768e+00
-1.998927492340203823e-06 -9.273116404442472982e-01 5.702365963211458499e+00
-3.393154582704430045e-06 -9.273107689929670494e-01 5.684125196960183146e+00
-2.749858166939046347e-06 -9.273128118255737906e-01 5.665986421119081129e+00
-4.160530638449114429e-06 -9.273161688993817320e-01 5.647955561268547697e+00
-1.567691431656315625e-06 -9.273126958042784418e-01 5.630026690944291090e+00
-2.269792732702074437e-06 -9.273035722185298813e-01 5.612203610198809756e+00
-3.761609125265375714e-07 -9.273010863335782172e-01 5.594492575242712817e+00
-2.939047769316435948e-06 -9.273033315089792561e-01 5.576899148759216551e+00
-6.604405073394985768e-07 -9.272986284947239977e-01 5.559411851420537509e+00
-1.600171852154151429e-06 -9.272985668894663247e-01 5.542041251277640690e+00
-3.078211508809599436e-06 -9.273017493269535283e-01 5.524792360318168782e+00
-1.585673907309657691e-06 -9.272977141635578846e-01 5.507653849350414355e+00
-1.213904788333434667e-06 -9.272978704998916522e-01 5.490637279743453725e+00
-1.283138859883715063e-06 -9.273010308619066278e-01 5.473746570912577880e+00
-2.995905277588559107e-06 -9.273004486241013256e-01 5.456970961663723863e+00
-8.616641158567100862e-07 -9.272978945594466671e-01 5.440319301492809956e+00
-2.087455706517924986e-07 -9.272953269374915042e-01 5.423788756924278864e+00
-1.264503627530892354e-06 -9.272983171451605333e-01 5.407388320808449222e+00
-9.682727808145367932e-08 -9.272952155539387897e-01 5.391105318149871373e+00
-1.443704156573580303e-06 -9.272993369539995756e-01 5.374957704325900920e+00
-1.840432523072849615e-06 -9.272991467701749979e-01 5.358927282660332914e+00
-1.705053356624698428e-07 -9.272970175947229388e-01 5.343026762494439197e+00
-2.085210543164439357e-06 -9.272982642143431375e-01 5.327256383120735350e+00
-3.140416490538657400e-06 -9.272984506882149258e-01 5.311612878973775764e+00
-8.094010412386560850e-07 -9.272990247072000480e-01 5.296094199379904666e+00
-2.226863299015872312e-07 -9.272979552217401888e-01 5.280704382028434729e+00
-3.762149243506513800e-06 -9.272988691424257635e-01 5.265451134666842670e+00
-7.446265588356948018e-07 -9.272962681846527166e-01 5.250314846970719707e+00
-2.281016833299223097e-06 -9.272975194227693896e-01 5.235314655455840516e+00
1.825807566620771215e-05 -9.271302348479126820e-01 5.730618168860311279e+00
-1.857563783156043616e-06 -9.273034121213794556e-01 5.712625956565855923e+00
-4.569919848154092306e-06 -9.273265318874347463e-01 5.694678993219055130e+00
-1.134434750343410609e-06 -9.273018017971383919e-01 5.676809566782071492e+00
-1.022408101796633429e-06 -9.273095481087524350e-01 5.659054888129824157e+00
-1.833281745289948953e-06 -9.273006423852635516e-01 5.641394446372345328e+00
-4.083453557859309141e-07 -9.273010196868243238e-01 5.623839537863580595e+00
-9.188576812514935209e-07 -9.273062784586492135e-01 5.606389366518914841e+00
-2.178566441639656742e-06 -9.273013223687800455e-01 5.589046234328579388e+00
-1.329506332747127774e-06 -9.273039491796962741e-01 5.571810981864970813e+00
-1.704319462608474176e-06 -9.272986887966179204e-01 5.554681195505656532e+00
-3.361277571253983640e-06 -9.273048527396996477e-01 5.537673232619559904e+00
-9.344408124235007265e-07 -9.272958722633668494e-01 5.520762606165686037e+00
-3.011574088387410973e-06 -9.273012831312718030e-01 5.503981111239739654e+00
-3.082211244365554038e-06 -9.273033252966701445e-01 5.487313234148243346e+00
-6.532400330263077900e-07 -9.272956561494765104e-01 5.470742249830496284e+00
1.899642766312635742e-07 -9.272982758342926957e-01 5.454305354995991451e+00
-2.365845330525693396e-06 -9.272986015060648013e-01 5.437983205158889888e+00
-2.073860729616495051e-06 -9.272979260591526218e-01 5.421779995418424924e+00
-2.338212572856856608e-06 -9.272987580511405925e-01 5.405695093765293002e+00
4.562341940776364160e-07 -9.272973133122401901e-01 5.389729662138888600e+00
-1.782082016417307975e-06 -9.273015028766141699e-01 5.373896847001248922e+00
-3.543370917478631308e-06 -9.272982698759196785e-01 5.358174839471532280e+00
2.473024023087265444e-07 -9.272956976867937628e-01 5.342570493435282231e+00
-1.408892751961939569e-06 -9.272961059332128775e-01 5.327094523173104612e+00
-6.119790143241798656e-07 -9.272974338477040224e-01 5.311744969891203816e+00
-1.269696181582129015e-06 -9.272985800053626937e-01 5.296518689847657946e+00
-3.453356794994112190e-06 -9.272989182071423864e-01 5.281415167356069418e+00
2.403405223504063942e-07 -9.272968655176456743e-01 5.266426787292520117e+00
-2.012362342297034100e-06 -9.272968287777549889e-01 5.251570668936625275e+00
3.890457219579762912e-06 -9.272458470397191288e-01 5.740310158416701114e+00
-5.255429144445556227e-07 -9.273075352134046989e-01 5.722559649124716152e+00
-2.234133419789060447e-06 -9.273103214690365803e-01 5.704883937005805095e+00
-2.249516584312952243e-06 -9.273077284875261839e-01 5.687298725687661261e+00
-3.189565769899721094e-06 -9.273088313108918124e-01 5.669808464765963230e+00
-1.303857029183501852e-06 -9.273112893057787742e-01 5.652415228796190405e+00
-2.056215317234475109e-06 -9.273040522037786504e-01 5.635116710481182345e+00
-3.984272948618660829e-06 -9.273095485069156041e-01 5.617921495687065558e+00
-1.202314730487793969e-06 -9.273038904175748831e-01 5.600824944606637601e+00
-1.177067522550316514e-07 -9.273018730522879505e-01 5.583828409959259886e+00
-8.840722690860094459e-07 -9.273015138058442464e-01 5.566944467610412062e+00
-2.876059070181756596e-06 -9.273043853338769349e-01 5.550163055548962276e+00
-1.405643919091705830e-06 -9.272977141040109617e-01 5.533484037058701510e+00
-1.633922757403071644e-06 -9.272978861595252420e-01 5.516919398784303930e+00
-1.076794356787041066e-06 -9.272988403407214086e-01 5.500462710572818992e+00
-3.046151182940577885e-06 -9.273020398456515156e-01 5.484125457547827764e+00
-2.471231195137012583e-06 -9.272990095804182209e-01 5.467888467025609600e+00
-1.167214705358252693e-06 -9.273009833072914931e-01 5.451771160540865857e+00
-2.002075912836146601e-06 -9.272989956005150969e-01 5.435762579443094822e+00
-2.889091225475887080e-06 -9.273039582436061190e-01 5.419879574289622859e+00
-4.039649409262743074e-06 -9.273006526685941830e-01 5.404100181067951425e+00
-1.936546947684550167e-06 -9.273012852621530522e-01 5.388441219952706973e+00
-2.227179755390051446e-06 -9.272981841187146745e-01 5.372894451551518458e+00
-1.919303466728403509e-06 -9.272976025782110332e-01 5.357468920877838769e+00
-2.247696591577322528e-06 -9.272973033597715631e-01 5.342161746579943582e+00
-1.107693084663650001e-06 -9.272975006275457899e-01 5.326970552703479633e+00
-5.201621776147515550e-07 -9.272986874375849231e-01 5.311899965465730844e+00
-9.807591862629587984e-07 -9.272955384582383109e-01 5.296945410729399839e+00
-1.627010155544479067e-06 -9.272968689758770422e-01 5.282119562701854676e+00
-3.713834672098952411e-06 -9.272991667963994544e-01 5.267408134365543226e+00
1.176989347941385132e-06 -9.272768775333463109e-01 5.749667033629976665e+00
-4.064671099132763630e-06 -9.273192343153046080e-01 5.732188207533414293e+00
-4.113951599744420616e-07 -9.273084762561457639e-01 5.714775068509209355e+00
-6.696126865544123672e-07 -9.273128057734089102e-01 5.697457558410869538e+00
-1.003365131189119624e-06 -9.273088501245264625e-01 5.680226669439349507e+00
-2.708943087652735167e-06 -9.273106774916616279e-01 5.663090150502295472e+00
-3.766820697478139607e-06 -9.273091948799749851e-01 5.646045077347278784e+00
-2.910844710296190822e-06 -9.273095982534433901e-01 5.629094971114564139e+00
9.307700973515403754e-07 -9.272975642799221596e-01 5.612236562279862007e+00
-3.074444575346162215e-06 -9.273044916470878363e-01 5.595488112087937616e+00
-2.128064264086800517e-06 -9.273008429437790134e-01 5.578833041799105885e+00
-1.445733978818130059e-06 -9.273040625102837442e-01 5.562282751159870919e+00
-1.214054855914938074e-06 -9.273045051845698605e-01 5.545833163850560688e+00
-1.297972349934036432e-06 -9.272997679391604686e-01 5.529482244880008501e+00
-4.982949004565760478e-07 -9.272987740248610500e-01 5.513240196787013048e+00
-3.716214524731376370e-07 -9.272992445167488329e-01 5.497106767870429955e+00
4.631273861357482389e-07 -9.272972735994692295e-01 5.481075846670804275e+00
-4.658251421464877733e-07 -9.272983036422505210e-01 5.465158370364059159e+00
-2.086872316065455565e-06 -9.272988625817257802e-01 5.449347626043192783e+00
-2.786761452561094186e-06 -9.273009963900173958e-01 5.433654743498045114e+00
-1.158849897457728215e-06 -9.272964335080157161e-01 5.418054826388547518e+00
-1.275213691830926712e-06 -9.272965230476672982e-01 5.402579509685582870e+00
-7.474834691867727810e-07 -9.272978490335785917e-01 5.387213167826598870e+00
-1.235513209352958865e-06 -9.272979481332906948e-01 5.371961547660771608e+00
-2.707003275690793699e-06 -9.272993873913112362e-01 5.356820358704208473e+00
-3.764242471079527824e-06 -9.272991469381525187e-01 5.341794870229517933e+00
3.029994890802354599e-07 -9.272959749372979843e-01 5.326875428180332328e+00
-4.415331643008758965e-08 -9.272949691859553312e-01 5.312077214559240090e+00
-1.387877695036642606e-06 -9.272959185953577599e-01 5.297394835254674916e+00
-3.587886448982383685e-07 -9.272952340593351162e-01 5.282826964808705839e+00
2.716973095313195591e-05 -9.270214174697936071e-01 5.758641577722895200e+00
-4.761542913382649872e-06 -9.273331473264262437e-01 5.741509619626026684e+00
-2.434736060437909367e-06 -9.273108517348356283e-01 5.724358860592545284e+00
-1.527979730669889957e-06 -9.273149395305052556e-01 5.707301256193538563e+00
-8.005373353657327474e-07 -9.273083365936305444e-01 5.690321625821169071e+00
-4.203401918324458335e-06 -9.273184800718481391e-01 5.673440038549748543e+00
-5.831708598594549429e-07 -9.273089919613473064e-01 5.656638154494873838e+00
-3.161177154075320963e-06 -9.273074339492388685e-01 5.639930280738078672e+00
-2.484390525049551559e-06 -9.273048984800242867e-01 5.623315072284451155e+00
-2.514614054657932820e-06 -9.273040033370785196e-01 5.606793575942131014e+00
-2.569555956643941376e-06 -9.273056378057892291e-01 5.590369656985111568e+00
-2.099904363722423655e-06 -9.273009772852851551e-01 5.574041689598586480e+00
-3.742812459185134259e-06 -9.273056947871385347e-01 5.557812719879785313e+00
-1.911425611527858940e-06 -9.273064169666109802e-01 5.541683326889400796e+00
-2.466999766777204027e-06 -9.273025969395144452e-01 5.525647548002788234e+00
-2.312703597600083590e-06 -9.273000305084154737e-01 5.509719188868819728e+00
-3.226418712506661064e-06 -9.272990942032427464e-01 5.493893792219171068e+00
-2.606580659711099399e-06 -9.273004950609984309e-01 5.478170434565361013e+00
-2.382549722233456052e-06 -9.273000687274743914e-01 5.462552725787880092e+00
-1.341598894507798589e-06 -9.273004099268786771e-01 5.447043412707231802e+00
5.009189643618013508e-08 -9.272967713257395106e-01 5.431629846718620591e+00
-2.418464917816938198e-06 -9.272978744677597973e-01 5.416332871279543326e+00
-2.366548284363423610e-07 -9.272957013605754861e-01 5.401135448033910436e+00
-8.907209960041328171e-07 -9.272974805324535330e-01 5.386053331686159851e+00
-2.086993514139645734e-07 -9.272967381246601803e-01 5.371079896439895585e+00
-3.455806671927974748e-06 -9.273005840840594649e-01 5.356219775987530518e+00
-1.372077362305560572e-07 -9.272968022871033167e-01 5.341457773030746203e+00
-2.261972640841580986e-06 -9.272970479503158669e-01 5.326811355232933032e+00
-1.691804566543107667e-07 -9.272967073310138808e-01 5.312274756760706929e+00
-2.106329388713118248e-06 -9.272961985143608477e-01 5.297850352116080686e+00
8.012440245132994591e-05 -9.263509641992150323e-01 5.767236585714096364e+00
-2.672685584566711266e-06 -9.273398130875117884e-01 5.750541192757343545e+00
-2.029295128631515051e-06 -9.273087725037749696e-01 5.733645418494027979e+00
-3.540454943560585839e-06 -9.273175389926415768e-01 5.716841472228171739e+00
-2.343236282524522582e-06 -9.273251482451159156e-01 5.700117447167485807e+00
-1.053050215977868894e-06 -9.273083313834014074e-01 5.683470687122416543e+00
-1.975709470107565810e-06 -9.273031313735268233e-01 5.666909353377483249e+00
-2.728208413528903793e-06 -9.273188288285418857e-01 5.650448094827518197e+00
-4.529812163724426192e-06 -9.273163738390040045e-01 5.634066296400815688e+00
-2.541084354464386983e-06 -9.273134000271116006e-01 5.617770884196380266e+00
-1.700908023401327682e-06 -9.273010924027419444e-01 5.601561743986951392e+00
-1.269546946430639725e-06 -9.273037051083939941e-01 5.585457247383636137e+00
-1.496296582392576756e-06 -9.273030439223146626e-01 5.569442675991336245e+00
-8.714617671522222500e-07 -9.273013176585751527e-01 5.553520536969139165e+00
-4.729704558334785985e-06 -9.273095210474382455e-01 5.537702548901563659e+00
-3.632829123355337575e-06 -9.273062286422313338e-01 5.521974866330296550e+00
-1.658750589115007506e-07 -9.272994975121252592e-01 5.506342161767698862e+00
5.387473334412371344e-08 -9.272964874128702961e-01 5.490811106873830560e+00
-3.211730974741335954e-06 -9.272997396125411962e-01 5.475385459000017718e+00
-2.158547410035936634e-06 -9.272982804625328201e-01 5.460057306265174049e+00
-2.630162016453953434e-06 -9.272977211891332283e-01 5.444831823023670303e+00
-1.980413800615187963e-06 -9.272981776389215280e-01 5.429709974921118842e+00
-2.362760476358237175e-06 -9.272982574891254215e-01 5.414691494516503667e+00
-1.437397575559520092e-06 -9.273012180907302948e-01 5.399776996287746655e+00
-3.604626792771702669e-07 -9.272966276698170196e-01 5.384961940938693736e+00
-1.774455165619238477e-06 -9.273000164750601071e-01 5.370260405141205062e+00
-1.201053803590946991e-06 -9.272982901383446386e-01 5.355652098292768670e+00
-3.210349461317939906e-06 -9.272996053234104918e-01 5.341161310389113126e+00
-2.763942460018354558e-06 -9.272984006520659239e-01 5.326772132279398164e+00
-7.893643882536747257e-07 -9.272950979873759714e-01 5.312485236116691212e+00
8.708515495930581438e-05 -9.259847081076563180e-01 5.775643616886827481e+00
-2.162589318367709554e-06 -9.273320849351451844e-01 5.759292069135463876e+00
-4.004278027890470441e-06 -9.273278736835229852e-01 5.742654709661302093e+00
-3.659905223977305228e-06 -9.273424232970736147e-01 5.726097764263779588e+00
-2.522653287254508055e-06 -9.273104800936524672e-01 5.709606236251288713e+00
-4.402394929087851831e-06 -9.273214193828773766e-01 5.693206531092314115e+00
2.065297887899060897e-07 -9.273058303882563136e-01 5.676876938089009172e+00
-3.306833238030030618e-06 -9.273142886998035905e-01 5.660641853629406306e+00
-7.102244475130822150e-07 -9.273028469470581125e-01 5.644485217409717315e+00
-2.051904737296140852e-06 -9.273000251685225015e-01 5.628413482584129213e+00
-3.461851406924565219e-06 -9.273070112120600506e-01 5.612435058515379716e+00
-4.437594258461393042e-06 -9.273091175071741521e-01 5.596544567927344893e+00
-1.345616105278180609e-06 -9.272971110851644383e-01 5.580731847948285917e+00
-2.294747797279980686e-06 -9.273020461388611357e-01 5.565023150712716138e+00
-5.040519574853194606e-06 -9.273087036846742182e-01 5.549409989109316044e+00
-1.866889776935342317e-06 -9.273001284917387066e-01 5.533873815755969261e+00
6.160023545757712543e-08 -9.272983097664238006e-01 5.518440121861138081e+00
-3.842136319589558814e-06 -9.273024522979941286e-01 5.503108292810807711e+00
-1.189492593738178548e-06 -9.273024049157227999e-01 5.487864682310762632e+00
-3.410472881845425478e-07 -9.273006729331726428e-01 5.472717751492007565e+00
-3.172360380415552843e-06 -9.272993756872910387e-01 5.457672756366872768e+00
-9.480552079530229323e-07 -9.272976316642141947e-01 5.442718304707625521e+00
-3.175637454226857289e-06 -9.272989225248432499e-01 5.427873986489038849e+00
-3.290219908741272487e-06 -9.272999789865942200e-01 5.413124742524748179e+00
-1.558902921657171277e-06 -9.272978384930522511e-01 5.398471810824041484e+00
-1.372396919313072828e-06 -9.272993771857405143e-01 5.383925440649686145e+00
-1.596873023180329065e-06 -9.272976448928292870e-01 5.369476825999313085e+00
-7.233005644311114535e-07 -9.272982727991311291e-01 5.355132839512538823e+00
-4.327223717845726825e-07 -9.272978605655768369e-01 5.340890330610559289e+00
-2.178101501120855714e-07 -9.272962914096383180e-01 5.326748722605830544e+00
1.391529205906923529e-04 -9.254923575380474832e-01 5.783791229586614513e+00
-3.664927740879958061e-06 -9.273544961469386561e-01 5.767786151738631517e+00
7.838757101742059884e-07 -9.272779577761249836e-01 5.751373817905806263e+00
-2.455919212195193963e-06 -9.273313783134143895e-01 5.735067988993931110e+00
-8.958807029247982526e-07 -9.273118553507599948e-01 5.718814529430311211e+00
-1.382752205468730108e-06 -9.273111239795918115e-01 5.702646525831681856e+00
-6.656276667076914903e-07 -9.273094862991729803e-01 5.686550726124780297e+00
-1.030289861718088137e-06 -9.273124031922604926e-01 5.670541182061831442e+00
-1.337035272180115960e-06 -9.273065808885019301e-01 5.654607022729580379e+00
-2.399178199631203181e-07 -9.273020092458493790e-01 5.638752784142115893e+00
-9.263008981440283223e-07 -9.273047791628327152e-01 5.622987598689185518e+00
-4.326978899129812075e-06 -9.273079694991044342e-01 5.607309378733874361e+00
-1.198370880646435924e-06 -9.273056586675227919e-01 5.591711220227169932e+00
-3.392196514942564031e-06 -9.273041840116731382e-01 5.576202365057475241e+00
-2.040182467737068163e-06 -9.272989457992844020e-01 5.560776570929649942e+00
-4.353698041170581969e-07 -9.272990170255223097e-01 5.545445703788856484e+00
-2.752109016539958062e-07 -9.273002041823144026e-01 5.530205825486864235e+00
-9.970553679942175592e-07 -9.273033519873121744e-01 5.515058253495159768e+00
-2.728776460109150972e-06 -9.273024116806662942e-01 5.500001522818746658e+00
-9.643872460466365065e-07 -9.272948124354070121e-01 5.485027667771331217e+00
-1.548253294291277102e-06 -9.272958771744139739e-01 5.470157913909805103e+00
-9.704483724584404709e-07 -9.273004744145147971e-01 5.455384066590783121e+00
-4.077094508422659577e-07 -9.272968959244931586e-01 5.440700726813447297e+00
-1.709202657047779099e-06 -9.273002852351414083e-01 5.426120100440965821e+00
-4.526029911653194042e-07 -9.272967739730000325e-01 5.411627770519678471e+00
-9.074706365666078570e-07 -9.272980463060149781e-01 5.397238734223738454e+00
-2.762770375647744987e-07 -9.272982267396068234e-01 5.382942624946865706e+00
-3.112015069156233053e-06 -9.272986262269972135e-01 5.368749309714583973e+00
2.019451738064411084e-07 -9.272971527054340024e-01 5.354647136643940541e+00
-1.767502414515509427e-06 -9.272992084471642915e-01 5.340655418506076835e+00
3.003466548390167426e-02 -7.062148575050845034e-01 5.720059850051747219e+00
5.660240974554478156e-06 -9.272361728790333713e-01 5.775990778555141425e+00
3.295615435960910628e-06 -9.272767143644935484e-01 5.759843917060556429e+00
-2.178501118232001912e-06 -9.273346984929633496e-01 5.743774180928296502e+00
-2.996644977843214126e-07 -9.273069963249954695e-01 5.727751184644849225e+00
-3.252150627330233701e-06 -9.273162746507557230e-01 5.711812858988102093e+00
-2.935232592116568607e-06 -9.273123390086781548e-01 5.695942355690618797e+00
-2.357155810235297772e-06 -9.273059390574189820e-01 5.680147628966183859e+00
-2.116456717803683061e-06 -9.273052320436760976e-01 5.664433599526372376e+00
-2.016320255945603830e-06 -9.273044502835753322e-01 5.648796540504009478e+00
-2.107991022749769656e-06 -9.273069499447901265e-01 5.633242183985879059e+00
-2.787884052362838615e-06 -9.273126993896271264e-01 5.617768754798668773e+00
-9.567655874352956214e-07 -9.273043968058970465e-01 5.602371541409096878e+00
-3.050693388019563090e-06 -9.273034250816633017e-01 5.587065458689393083e+00
-3.442869926927204683e-06 -9.273048994030232972e-01 5.571836571306314490e+00
-3.409590121897758775e-06 -9.273073645446628932e-01 5.556697551720394479e+00
-1.313195110718484292e-06 -9.273039608041249160e-01 5.541642373911184194e+00
1.567265871254304472e-07 -9.272989023370592498e-01 5.526676150715844393e+00
-9.828838814309009270e-07 -9.273003014157327195e-01 5.511799857499528166e+00
-3.266127076795984302e-06 -9.273008655259681321e-01 5.497013718248504155e+00
1.891924561496791697e-07 -9.272971428757114110e-01 5.482312373804832717e+00
-3.258437530515206506e-06 -9.273034626755726206e-01 5.467710396634452685e+00
-3.404887489432066889e-06 -9.273017162077812348e-01 5.453195030057718107e+00
-2.561696209670235660e-06 -9.272971327226939842e-01 5.438770805013113829e+00
-6.265726960094777866e-07 -9.272991629756237586e-01 5.424439435741753357e+00
-3.161993077004829515e-06 -9.272988896614851040e-01 5.410204348418076847e+00
-3.661373712043295812e-06 -9.272997445122820315e-01 5.396062090978274384e+00
-2.818489464065645579e-06 -9.272969152478842680e-01 5.382011766602992076e+00
-1.109561512412619259e-07 -9.272952639150755516e-01 5.368053993737185614e+00
-2.337114436477992861e-06 -9.272972326025371581e-01 5.354197731156178364e+00
1.823470995094637198e-02 -7.598865797021726598e-01 5.752386018974147142e+00
1.196458122416682425e-06 -9.272610858669848577e-01 5.783987422350939767e+00
9.940836543762803431e-07 -9.272728378064857280e-01 5.768065390006850812e+00
-1.800090899397778583e-06 -9.273089319281127008e-01 5.752217656912585575e+00
-4.296282996939319301e-06 -9.273318113448040245e-01 5.736434763840486895e+00
-2.791631799347432935e-06 -9.273251592831547319e-01 5.720715585081936005e+00
4.278809735479436599e-06 -9.272620301862422032e-01 5.705044400540897342e+00
-2.768977595917168355e-06 -9.273070866714532290e-01 5.689484569421218829e+00
-2.660355446502309521e-06 -9.273180268990314223e-01 5.673986697339390872e+00
-2.757085692951697437e-06 -9.273055405538939144e-01 5.658551626455995631e+00
-1.273947145553267325e-06 -9.273089971145108690e-01 5.643203349410761405e+00
-8.814019186541573120e-08 -9.273034941073990955e-01 5.627927850925454223e+00
-2.718691390297153783e-06 -9.273058648115263258e-01 5.612735050243732537e+00
-2.035794678474158478e-06 -9.273027858049055494e-01 5.597618623899292878e+00
-2.405696459340747029e-06 -9.273047204650171071e-01 5.582588635698234825e+00
-3.698077625832533277e-06 -9.273080712305309392e-01 5.567638302593765687e+00
-5.613392366688131426e-07 -9.273014685744483954e-01 5.552766062755930321e+00
-2.631659826275167440e-06 -9.273011802325830111e-01 5.537981586451680371e+00
-3.203056935261197051e-06 -9.273030136551033698e-01 5.523285385196926356e+00
-1.444961483473314463e-06 -9.273030055359308133e-01 5.508671613341973305e+00
-1.503481439272747354e-06 -9.272977101524350063e-01 5.494140379346883485e+00
-3.102490350282332475e-06 -9.273041231785340566e-01 5.479709392220120101e+00
-3.450304599983086429e-06 -9.273004446300830983e-01 5.465353038177550360e+00
6.540431877231723440e-07 -9.272915338472694780e-01 5.451078661345023058e+00
-4.348083181500779861e-07 -9.272975221001410473e-01 5.436914362933603861e+00
-1.956401321471087164e-06 -9.272982843957617849e-01 5.422831106035770787e+00
-1.955049491528954268e-06 -9.272997706966461529e-01 5.408842557032482290e+00
-2.439957120825343214e-06 -9.273000217686275803e-01 5.394941429247047893e+00
-2.186920236205611220e-06 -9.272977317472306247e-01 5.381126628432964409e+00
-2.338620177943256068e-06 -9.272982166066152665e-01 5.367406854092888757e+00
7.671797413568211689e-05 -9.262192143987327819e-01 5.807271515079972524e+00
-1.949751095538468692e-06 -9.273355401668305076e-01 5.791763691748923470e+00
-1.701722734763789764e-06 -9.273253346645800033e-01 5.776064113256146548e+00
-3.260280207977273823e-06 -9.273250397482174501e-01 5.760427052862517883e+00
-6.135961062635081364e-06 -9.273506539716592778e-01 5.744867398835326711e+00
-3.751359049528101525e-06 -9.273405902882418950e-01 5.729363318962948703e+00
-6.763579071417695793e-07 -9.273122279490628728e-01 5.713918838351544238e+00
-1.803042117360179936e-06 -9.273062205498925348e-01 5.698552565353121935e+00
-4.235475025397623389e-06 -9.273368873176032201e-01 5.683269567367826625e+00
-4.029566625092123181e-06 -9.273190755604127089e-01 5.668038770204281818e+00
-3.644501857155358830e-06 -9.273165001018279785e-01 5.652890607927697708e+00
-2.875777495225405478e-06 -9.273125186226535144e-01 5.637812002283081547e+00
-7.167699839542500832e-07 -9.273007620076703095e-01 5.622808563190702991e+00
-3.597433119416663585e-06 -9.273081026505423097e-01 5.607889950320538830e+00
-1.800312574767515425e-06 -9.273026526318681739e-01 5.593040237456087027e+00
-4.735285035639769314e-06 -9.273097564262161585e-01 5.578281283968627768e+00
-2.343034158713410409e-06 -9.273009577326233321e-01 5.563588845502576596e+00
4.143330391999304186e-08 -9.272967255155761812e-01 5.548979632061977085e+00
-1.754535879824412634e-07 -9.272979077527062630e-01 5.534455943238681286e+00
-1.865564172425581570e-06 -9.273008583184751963e-01 5.520018269688024226e+00
-3.895072861074410897e-06 -9.273038269436683079e-01 5.505665532489493863e+00
-5.310564339249314141e-07 -9.272989379951538380e-01 5.491382591928426926e+00
-5.376007227752137862e-07 -9.272979240158770731e-01 5.477191689869863822e+00
-3.685559721737610924e-06 -9.273022515535160881e-01 5.463091319176240468e+00
-1.208777845979070739e-06 -9.273008166084820703e-01 5.449069647482179590e+00
-2.306259326222700099e-06 -9.273008092001776559e-01 5.435142427089532546e+00
-2.614775344815588401e-06 -9.273024628806446623e-01 5.421297137676054589e+00
-3.244155339159639122e-06 -9.272997867182806164e-01 5.407536604259397528e+00
-1.395332781675776879e-06 -9.273007301481948073e-01 5.393867645440668213e+00
-1.200186460230720312e-06 -9.272986123296829142e-01 5.380285241860840451e+00
