5.668390059471130371e+01
5.009448146820068359e+01
8.392588162422180176e+01
7.339679431915283203e+01
1.079811391830444336e+02
1.181772522926330566e+02
1.478575696945190430e+02
1.338634202480316162e+02
1.231593050956726074e+02
5.847161984443664551e+01
6.319966387748718262e+01
1.448405344486236572e+02
5.805461311340332031e+01
7.799582695960998535e+01
1.039600999355316162e+02
1.568916919231414795e+02
1.272703442573547363e+02
1.296893732547760010e+02
1.028670911788940430e+02
6.891972851753234863e+01
8.398988771438598633e+01
1.275343487262725830e+02
8.371088504791259766e+01
9.933305501937866211e+01
1.286183178424835205e+02
2.136932651996612549e+02
1.315233950614929199e+02
9.192596340179443359e+01
7.545478010177612305e+01
1.484415283203125000e+02
9.231131124496459961e+01
4.459115767478942871e+01
7.056251811981201172e+01
1.507113335132598877e+02
1.250811440944671631e+02
1.866351666450500488e+02
6.888938236236572266e+01
1.254871609210968018e+02
4.932344031333923340e+01
1.596458466053009033e+02
5.530671262741088867e+01
5.807184815406799316e+01
1.599858567714691162e+02
1.179187872409820557e+02
1.985477476119995117e+02
1.215899798870086670e+02
1.024430284500122070e+02
6.888042831420898438e+01
8.775830388069152832e+01
6.754131484031677246e+01
6.445616412162780762e+01
6.552921581268310547e+01
8.569522857666015625e+01
1.047401452064514160e+02
1.957296092510223389e+02
8.151699328422546387e+01
1.025850822925567627e+02
5.380767154693603516e+01
5.234953665733337402e+01
4.478019714355468750e+01
4.758433961868286133e+01
8.089297509193420410e+01
1.049281461238861084e+02
1.020759456157684326e+02
1.953532671928405762e+02
1.227049105167388916e+02
1.033583147525787354e+02
6.616310954093933105e+01
6.736814379692077637e+01
4.310534405708312988e+01
1.217538836002349854e+02
4.794253063201904297e+01
1.093704969882965088e+02
1.340542771816253662e+02
1.775996561050415039e+02
1.258210132122039795e+02
9.280995512008666992e+01
1.172827470302581787e+02
7.570440602302551270e+01
5.408972978591918945e+01
1.292451236248016357e+02
5.567274379730224609e+01
8.068757510185241699e+01
8.603877425193786621e+01
2.045715136528015137e+02
2.351235013008117676e+02
6.751610326766967773e+01
8.128461098670959473e+01
4.767049074172973633e+01
7.765947532653808594e+01
5.707281756401062012e+01
5.861891484260559082e+01
6.728714323043823242e+01
8.414565324783325195e+01
9.189892745018005371e+01
1.615481534004211426e+02
1.129888777732849121e+02
6.476444721221923828e+01
1.012832646369934082e+02
4.929107213020324707e+01
3.415076851844787598e+01
5.069812917709350586e+01
6.494147396087646484e+01
4.814803862571716309e+01
9.869321370124816895e+01
1.566614756584167480e+02
1.990314571857452393e+02
1.326229336261749268e+02
8.863496065139770508e+01
1.383101160526275635e+02
6.032935047149658203e+01
8.025776648521423340e+01
5.602228903770446777e+01
1.109964854717254639e+02
9.192105674743652344e+01
1.812640607357025146e+02
9.901325225830078125e+01
6.435941863059997559e+01
5.240717363357543945e+01
8.185787558555603027e+01
6.151537847518920898e+01
7.555265641212463379e+01
1.020803363323211670e+02
1.058363723754882812e+02
9.914424967765808105e+01
1.449093317985534668e+02
1.463492584228515625e+02
5.315519118309020996e+01
7.207261419296264648e+01
5.309019017219543457e+01
7.954378890991210938e+01
4.022890424728393555e+01
9.047877097129821777e+01
1.231050660610198975e+02
1.734039480686187744e+02
7.522727108001708984e+01
9.413154911994934082e+01
7.603058648109436035e+01
6.191575002670288086e+01
6.840114474296569824e+01
5.887202525138854980e+01
5.328889751434326172e+01
1.543355984687805176e+02
7.778834152221679688e+01
2.232981748580932617e+02
7.194900226593017578e+01
8.652146172523498535e+01
1.107050082683563232e+02
5.621842646598815918e+01
6.846831369400024414e+01
1.010231292247772217e+02
9.225676345825195312e+01
1.210481643676757812e+02
1.366355400085449219e+02
1.779643094539642334e+02
8.227933335304260254e+01
8.128016519546508789e+01
4.251277089118957520e+01
1.007197823524475098e+02
4.576711344718933105e+01
5.064522433280944824e+01
9.979566836357116699e+01
1.373245303630828857e+02
1.904398305416107178e+02
1.481374247074127197e+02
8.381616306304931641e+01
9.441131472587585449e+01
5.758377480506896973e+01
7.497499108314514160e+01
5.157971525192260742e+01
5.435275554656982422e+01
9.860332393646240234e+01
6.865797114372253418e+01
1.162618498802185059e+02
1.128765158653259277e+02
1.712673847675323486e+02
9.600632023811340332e+01
7.461103606224060059e+01
1.025224227905273438e+02
5.122475647926330566e+01
5.157572054862976074e+01
5.276577186584472656e+01
9.912836384773254395e+01
1.530601255893707275e+02
1.191076886653900146e+02
1.940666935443878174e+02
1.521370618343353271e+02
1.204366691112518311e+02
1.100425217151641846e+02
6.454793763160705566e+01
5.868684530258178711e+01
9.868336868286132812e+01
6.154888272285461426e+01
7.550404286384582520e+01
1.566971781253814697e+02
1.422010281085968018e+02
3.112692670822143555e+02
7.648093914985656738e+01
9.802423381805419922e+01
7.770194101333618164e+01
5.544666576385498047e+01
6.059574413299560547e+01
4.627356791496276855e+01
9.492111253738403320e+01
8.114399790763854980e+01
1.495488333702087402e+02
1.324345598220825195e+02
1.333466784954071045e+02
4.968060946464538574e+01
1.184054896831512451e+02
6.117178177833557129e+01
5.717963624000549316e+01
1.238845810890197754e+02
7.838395881652832031e+01
1.217314968109130859e+02
2.320188291072845459e+02
8.930009675025939941e+01
5.417467570304870605e+01
5.556266188621520996e+01
6.769878888130187988e+01
8.657806277275085449e+01
6.468879294395446777e+01
8.204701137542724609e+01
6.652782249450683594e+01
1.420567631721496582e+02
1.102213578224182129e+02
9.454709601402282715e+01
1.203825299739837646e+02
6.684881615638732910e+01
7.378895735740661621e+01
8.541505289077758789e+01
6.734682750701904297e+01
1.431646668910980225e+02
1.267523860931396484e+02
1.589877436161041260e+02
8.436094546318054199e+01
8.864196133613586426e+01
8.843096804618835449e+01
9.782010626792907715e+01
4.646749305725097656e+01
6.321969532966613770e+01
6.882877612113952637e+01
7.993090152740478516e+01
1.300434656143188477e+02
1.707789113521575928e+02
1.177323796749114990e+02
6.933277511596679688e+01
5.404660916328430176e+01
4.979156780242919922e+01
6.621874475479125977e+01
1.157663118839263916e+02
5.657463216781616211e+01
8.916200876235961914e+01
1.026371805667877197e+02
1.819460196495056152e+02
7.241686844825744629e+01
6.267062783241271973e+01
9.209901404380798340e+01
7.807787775993347168e+01
9.248504114151000977e+01
1.043308620452880859e+02
5.198958921432495117e+01
8.669598197937011719e+01
1.163152778148651123e+02
1.386989054679870605e+02
2.577478208541870117e+02
1.039801235198974609e+02
6.546770834922790527e+01
7.425581574440002441e+01
1.176282730102539062e+02
7.739883327484130859e+01
5.659361433982849121e+01
7.334584856033325195e+01
1.691268029212951660e+02
1.282213840484619141e+02
2.064332442283630371e+02
1.296804029941558838e+02
6.641871023178100586e+01
8.471491503715515137e+01
5.112854814529418945e+01
1.189182853698730469e+02
7.355679368972778320e+01
6.128868865966796875e+01
9.740101385116577148e+01
1.165062544345855713e+02
1.329564323425292969e+02
1.220733060836791992e+02
8.848495435714721680e+01
1.196922919750213623e+02
9.499801898002624512e+01
7.023374223709106445e+01
8.586992859840393066e+01
8.083583784103393555e+01
4.968553853034973145e+01
9.029297208786010742e+01
9.363601183891296387e+01
1.743598821163177490e+02
6.752672934532165527e+01
1.331493883132934570e+02
7.362576293945312500e+01
6.771969890594482422e+01
7.089375162124633789e+01
7.988782596588134766e+01
1.572156324386596680e+02
9.028194046020507812e+01
1.954930343627929688e+02
1.409014687538146973e+02
7.547973275184631348e+01
7.225974392890930176e+01
6.991472101211547852e+01
7.636684489250183105e+01
4.444545006752014160e+01
9.736301612854003906e+01
1.204092514514923096e+02
1.359234125614166260e+02
9.902504944801330566e+01
1.048530843257904053e+02
5.755561900138854980e+01
4.172744917869567871e+01
3.889437723159790039e+01
5.695758771896362305e+01
8.311391234397888184e+01
6.150560402870178223e+01
7.498177528381347656e+01
1.823388972282409668e+02
1.126391749382019043e+02
1.214782609939575195e+02
4.987655234336853027e+01
7.755477571487426758e+01
1.300903494358062744e+02
4.519143724441528320e+01
1.037820811271667480e+02
1.115701382160186768e+02
9.966703677177429199e+01
2.330434598922729492e+02
6.501859903335571289e+01
1.006500670909881592e+02
7.653680849075317383e+01
7.088153028488159180e+01
5.567572069168090820e+01
1.055122630596160889e+02
5.989698290824890137e+01
1.415290503501892090e+02
1.217010591030120850e+02
1.838571250438690186e+02
8.739935398101806641e+01
6.810635304450988770e+01
6.164306783676147461e+01
8.567230582237243652e+01
7.108154368400573730e+01
5.056948947906494141e+01
1.223270921707153320e+02
8.875646662712097168e+01
1.513695688247680664e+02
1.755037343502044678e+02
7.209257292747497559e+01
6.849635910987854004e+01
9.196557998657226562e+01
7.090352869033813477e+01
9.820587658882141113e+01
6.821934723854064941e+01
8.835139942169189453e+01
6.152803897857666016e+01
8.730739212036132812e+01
1.573218336105346680e+02
1.642341761589050293e+02
6.147808837890625000e+01
5.244864082336425781e+01
7.208758354187011719e+01
8.131501579284667969e+01
5.355066704750061035e+01
7.029638791084289551e+01
6.763119220733642578e+01
1.159717586040496826e+02
1.058314037322998047e+02
1.960783548355102539e+02
1.081184971332550049e+02
9.742515778541564941e+01
5.838791465759277344e+01
7.385238981246948242e+01
7.405938243865966797e+01
4.617344951629638672e+01
1.197628784179687500e+02
8.231571984291076660e+01
8.790880322456359863e+01
1.891951277256011963e+02
1.336852993965148926e+02
9.626309418678283691e+01
8.565775823593139648e+01
8.497075390815734863e+01
1.101435506343841553e+02
4.420038962364196777e+01
8.035360479354858398e+01
9.179399013519287109e+01
1.189578528404235840e+02
9.967522978782653809e+01
1.581041169166564941e+02
9.473501706123352051e+01
9.824723887443542480e+01
6.797519731521606445e+01
4.615252518653869629e+01
1.405485513210296631e+02
1.137766668796539307e+02
1.259370453357696533e+02
1.205413923263549805e+02
1.109895684719085693e+02
9.836025834083557129e+01
5.999635934829711914e+01
8.257886695861816406e+01
6.316849493980407715e+01
4.478106522560119629e+01
7.661671757698059082e+01
5.847431898117065430e+01
1.316219921112060547e+02
1.535895197391510010e+02
8.136083841323852539e+01
1.146625995635986328e+02
8.799199008941650391e+01
7.805382299423217773e+01
7.503469872474670410e+01
1.277838993072509766e+02
8.421589303016662598e+01
1.023392875194549561e+02
1.167666244506835938e+02
2.322022712230682373e+02
1.075173859596252441e+02
8.058682870864868164e+01
7.022659087181091309e+01
9.561118650436401367e+01
1.264998784065246582e+02
5.972335696220397949e+01
7.216763830184936523e+01
8.394790720939636230e+01
1.357360758781433105e+02
3.337825770378112793e+02
8.399293255805969238e+01
4.343284654617309570e+01
6.070804286003112793e+01
4.346274614334106445e+01
4.360973572731018066e+01
8.116434311866760254e+01
1.090668771266937256e+02
1.698179044723510742e+02
1.087958374023437500e+02
1.811971108913421631e+02
7.676131868362426758e+01
6.225307393074035645e+01
4.815982770919799805e+01
9.661161923408508301e+01
5.538190484046936035e+01
6.293607974052429199e+01
4.796782636642456055e+01
9.398656201362609863e+01
9.745667362213134766e+01
1.462805168628692627e+02
1.002757194042205811e+02
8.359143209457397461e+01
8.327347898483276367e+01
8.004131984710693359e+01
1.239401254653930664e+02
5.864300489425659180e+01
8.006737685203552246e+01
5.089682054519653320e+01
9.989172124862670898e+01
1.251141543388366699e+02
1.371143574714660645e+02
1.047277948856353760e+02
7.191723585128784180e+01
5.120587682723999023e+01
7.731533098220825195e+01
4.796082305908203125e+01
6.675414752960205078e+01
5.557901954650878906e+01
8.265145301818847656e+01
1.008005218505859375e+02
1.817535562515258789e+02
7.516802334785461426e+01
6.761494994163513184e+01
4.899569129943847656e+01
7.068596506118774414e+01
3.579249882698059082e+01
8.578911757469177246e+01
8.481315088272094727e+01
8.269416618347167969e+01
1.098885455131530762e+02
1.586132361888885498e+02
2.179660806655883789e+02
1.053684871196746826e+02
6.017286801338195801e+01
7.197301602363586426e+01
5.858182525634765625e+01
6.287783360481262207e+01
6.550991916656494141e+01
8.532016968727111816e+01
9.507536816596984863e+01
8.893421697616577148e+01
1.345208735466003418e+02
1.371959097385406494e+02
8.758326220512390137e+01
9.937442898750305176e+01
6.662893652915954590e+01
4.778467893600463867e+01
1.103055207729339600e+02
1.225807094573974609e+02
1.762814812660217285e+02
9.663234233856201172e+01
1.445960583686828613e+02
4.486463379859924316e+01
4.047360467910766602e+01
5.643469810485839844e+01
6.121873879432678223e+01
4.496255993843078613e+01
7.518490910530090332e+01
1.327046971321105957e+02
1.777922022342681885e+02
7.663795018196105957e+01
4.958261299133300781e+01
5.547566723823547363e+01
5.548168206214904785e+01
4.397954583168029785e+01
7.363195180892944336e+01
1.368856823444366455e+02
2.022615048885345459e+02
1.583849635124206543e+02
1.081692996025085449e+02
9.676324892044067383e+01
5.255961918830871582e+01
1.060323138236999512e+02
6.481075644493103027e+01
6.184473466873168945e+01
9.311015486717224121e+01
4.465055203437805176e+01
9.636418652534484863e+01
1.263465595245361328e+02
1.944103591442108154e+02
9.559512805938720703e+01
1.032282273769378662e+02
8.013698410987854004e+01
1.078883378505706787e+02
9.690219974517822266e+01
4.174555230140686035e+01
9.053812313079833984e+01
6.783684587478637695e+01
1.286095554828643799e+02
2.038883297443389893e+02
6.150770401954650879e+01
5.068059873580932617e+01
6.906079316139221191e+01
1.026771354675292969e+02
7.668588161468505859e+01
8.092991042137145996e+01
8.398596358299255371e+01
1.031851463317871094e+02
1.354225549697875977e+02
1.745120275020599365e+02
9.604310584068298340e+01
6.144170165061950684e+01
7.201184010505676270e+01
6.609776020050048828e+01
5.775458693504333496e+01
8.412896490097045898e+01
1.170393459796905518e+02
4.775954318046569824e+01
9.320406889915466309e+01
1.178463492393493652e+02
1.130243022441864014e+02
9.008904457092285156e+01
6.539975261688232422e+01
6.715777206420898438e+01
8.020592403411865234e+01
7.196985149383544922e+01
5.516462683677673340e+01
1.557987701892852783e+02
1.071501760482788086e+02
1.065272228717803955e+02
1.552908008098602295e+02
8.400196242332458496e+01
6.724477314949035645e+01
7.506785416603088379e+01
6.150863885879516602e+01
5.255457043647766113e+01
5.993164992332458496e+01
4.776946878433227539e+01
5.936264443397521973e+01
7.964487195014953613e+01
1.538986775875091553e+02
1.636717813014984131e+02
9.980208587646484375e+01
7.689584159851074219e+01
7.050476932525634766e+01
5.537162256240844727e+01
1.113382098674774170e+02
8.289490342140197754e+01
4.328650236129760742e+01
1.102942025661468506e+02
6.905272459983825684e+01
1.790739169120788574e+02
1.780999433994293213e+02
6.255570578575134277e+01
5.682561945915222168e+01
5.872069096565246582e+01
1.188202903270721436e+02
1.167972750663757324e+02
1.915270895957946777e+02
1.073541722297668457e+02
7.773284935951232910e+01
1.039301052093505859e+02
8.409391689300537109e+01
4.606349730491638184e+01
8.432891774177551270e+01
7.624683237075805664e+01
1.250213625431060791e+02
8.889598083496093750e+01
2.591498205661773682e+02
2.174793119430541992e+02
8.795093464851379395e+01
1.076591658592224121e+02
5.575863480567932129e+01
4.187146639823913574e+01
8.427989339828491211e+01
4.510647964477539062e+01
4.930251622200012207e+01
9.457102799415588379e+01
1.354264292716979980e+02
9.232601070404052734e+01
7.371278262138366699e+01
4.478547120094299316e+01
9.203297543525695801e+01
1.071641011238098145e+02
5.416657543182373047e+01
5.076648640632629395e+01
7.221070194244384766e+01
1.400214860439300537e+02
1.316393952369689941e+02
1.223852648735046387e+02
1.296643707752227783e+02
7.239876914024353027e+01
9.373398542404174805e+01
7.950380110740661621e+01
1.314213922023773193e+02
5.459756708145141602e+01
6.773770046234130859e+01
8.435588097572326660e+01
1.098061964511871338e+02
1.083731508255004883e+02
8.041385221481323242e+01
4.482042717933654785e+01
1.100321657657623291e+02
9.317798733711242676e+01
6.049260091781616211e+01
1.067361340522766113e+02
4.807149338722229004e+01
9.057795071601867676e+01
9.474960684776306152e+01
1.950235369205474854e+02
8.563018846511840820e+01
1.211269092559814453e+02
7.291355705261230469e+01
1.102103784084320068e+02
5.165055656433105469e+01
6.845935010910034180e+01
6.758329701423645020e+01
9.719777512550354004e+01
1.434960083961486816e+02
1.359226326942443848e+02
1.140696122646331787e+02
2.058150470256805420e+02
1.338945281505584717e+02
9.392858505249023438e+01
6.461118388175964355e+01
4.305810284614562988e+01
1.043570909500122070e+02
8.440222263336181641e+01
9.630470085144042969e+01
8.411115765571594238e+01
2.175265796184539795e+02
1.157156200408935547e+02
5.697780036926269531e+01
5.991490983963012695e+01
8.872530508041381836e+01
6.273803973197937012e+01
7.951487779617309570e+01
9.999088072776794434e+01
1.040130465030670166e+02
1.237260243892669678e+02
1.306904079914093018e+02
1.657292680740356445e+02
1.294231121540069580e+02
1.110465295314788818e+02
6.409001851081848145e+01
5.328568911552429199e+01
7.242233657836914062e+01
1.944321842193603516e+02
4.349738097190856934e+01
9.981522464752197266e+01
8.134761857986450195e+01
1.675692460536956787e+02
1.319531588554382324e+02
1.188007550239562988e+02
5.815488123893737793e+01
7.794353079795837402e+01
4.224032735824584961e+01
9.474499249458312988e+01
1.583360290527343750e+02
6.435500073432922363e+01
1.286150908470153809e+02
8.240758895874023438e+01
8.232361626625061035e+01
5.761581301689147949e+01
7.930250740051269531e+01
7.655543208122253418e+01
8.395669603347778320e+01
1.355663044452667236e+02
2.542570855617523193e+02
1.117274940013885498e+02
1.290501031875610352e+02
8.559925603866577148e+01
8.420990490913391113e+01
9.360706281661987305e+01
9.742015767097473145e+01
1.051543347835540771e+02
6.431738996505737305e+01
9.439209461212158203e+01
2.142997884750366211e+02
7.695668601989746094e+01
4.782606148719787598e+01
4.508004927635192871e+01
7.739271545410156250e+01
3.728580784797668457e+01
3.598279643058776855e+01
4.481999564170837402e+01
4.959210419654846191e+01
1.046023061275482178e+02
1.415211410522460938e+02
8.139980554580688477e+01
6.318540763854980469e+01
8.225581669807434082e+01
8.226987028121948242e+01
7.979277038574218750e+01
4.211095690727233887e+01
6.709849071502685547e+01
1.000542442798614502e+02
9.766217350959777832e+01
1.251577787399291992e+02
9.935320067405700684e+01
1.072163820266723633e+02
7.171959233283996582e+01
1.233357625007629395e+02
4.049589991569519043e+01
5.403016066551208496e+01
6.320340466499328613e+01
9.911018085479736328e+01
1.057013385295867920e+02
2.311179471015930176e+02
2.267058069705963135e+02
1.157739543914794922e+02
8.470043706893920898e+01
8.567144846916198730e+01
6.711313247680664062e+01
1.192770030498504639e+02
5.436189031600952148e+01
8.890054488182067871e+01
7.047318911552429199e+01
8.246339488029479980e+01
1.407743589878082275e+02
1.129318764209747314e+02
9.504457235336303711e+01
8.260944581031799316e+01
8.149940395355224609e+01
4.949583816528320312e+01
5.887199091911315918e+01
5.248993849754333496e+01
4.354873394966125488e+01
1.085057835578918457e+02
1.405644383430480957e+02
2.674735169410705566e+02
7.684929776191711426e+01
5.997901487350463867e+01
1.185889880657196045e+02
1.402313747406005859e+02
6.327004361152648926e+01
1.181909492015838623e+02
6.339407324790954590e+01
9.386658835411071777e+01
7.344929385185241699e+01
1.801990327835083008e+02
1.193657867908477783e+02
1.004003958702087402e+02
6.624691891670227051e+01
9.601933479309082031e+01
6.543685817718505859e+01
6.279784369468688965e+01
5.586777567863464355e+01
4.362963080406188965e+01
1.246057264804840088e+02
1.571041784286499023e+02
1.995097985267639160e+02
7.828515148162841797e+01
6.756691217422485352e+01
1.562351226806640625e+02
6.207483553886413574e+01
9.670934462547302246e+01
1.420920145511627197e+02
1.242207148075103760e+02
5.554577088356018066e+01
7.559303140640258789e+01
1.168436172008514404e+02
1.082895529270172119e+02
1.066484849452972412e+02
7.393201303482055664e+01
5.696479225158691406e+01
7.834804415702819824e+01
1.523831138610839844e+02
1.065174784660339355e+02
5.245971965789794922e+01
5.397574853897094727e+01
7.168904471397399902e+01
1.370318982601165771e+02
8.566818690299987793e+01
5.568574070930480957e+01
7.351901578903198242e+01
6.198879671096801758e+01
1.146173996925354004e+02
1.025342075824737549e+02
8.844807863235473633e+01
1.324065501689910889e+02
1.264755432605743408e+02
8.402802395820617676e+01
1.126954247951507568e+02
7.365589952468872070e+01
7.344489264488220215e+01
1.090243294239044189e+02
1.184444136619567871e+02
6.588800361156463623e+02
6.322470593452453613e+01
4.617451405525207520e+01
8.652704715728759766e+01
6.004973149299621582e+01
9.796918845176696777e+01
4.938057947158813477e+01
5.270464706420898438e+01
1.182784409523010254e+02
1.633159534931182861e+02
2.293748347759246826e+02
1.074763133525848389e+02
9.809419274330139160e+01
1.151713221073150635e+02
6.957084894180297852e+01
5.570067358016967773e+01
1.071952955722808838e+02
8.580295586585998535e+01
7.343480157852172852e+01
9.262909817695617676e+01
2.115653884410858154e+02
1.310364823341369629e+02
1.436896233558654785e+02
6.491272735595703125e+01
7.568390488624572754e+01
1.008011205196380615e+02
4.199347281455993652e+01
7.042277646064758301e+01
7.457684373855590820e+01
9.401906228065490723e+01
1.224753415584564209e+02
2.225835499763488770e+02
6.360065579414367676e+01
9.514307308197021484e+01
7.891985988616943359e+01
6.496073269844055176e+01
5.434061408042907715e+01
5.745965385437011719e+01
8.065791177749633789e+01
6.894277954101562500e+01
1.025401413440704346e+02
1.394016184806823730e+02
1.145132892131805420e+02
9.919112110137939453e+01
5.713661217689514160e+01
1.014611465930938721e+02
8.208192968368530273e+01
4.325049400329589844e+01
5.758264541625976562e+01
4.649855804443359375e+01
7.530386805534362793e+01
1.029041643142700195e+02
1.975161535739898682e+02
1.057331738471984863e+02
1.146992745399475098e+02
1.052621352672576904e+02
5.039154577255249023e+01
3.697440123558044434e+01
7.494180727005004883e+01
7.004475760459899902e+01
7.183678150177001953e+01
1.176842713356018066e+02
1.093651831150054932e+02
3.318296163082122803e+02
1.212653083801269531e+02
9.200399565696716309e+01
1.140202276706695557e+02
5.839963293075561523e+01
1.261463272571563721e+02
1.040261209011077881e+02
5.095059466361999512e+01
7.768584084510803223e+01
8.523392128944396973e+01
5.040854358673095703e+01
1.049711034297943115e+02
8.993496274948120117e+01
3.982942390441894531e+01
6.171369290351867676e+01
1.105921971797943115e+02
2.394515857696533203e+02
1.180902793407440186e+02
1.259283277988433838e+02
5.514161205291748047e+01
4.974953389167785645e+01
6.572370553016662598e+01
6.515668559074401855e+01
1.001590688228607178e+02
8.289686846733093262e+01
9.861803650856018066e+01
1.656007385253906250e+02
1.364634978771209717e+02
4.849550390243530273e+01
1.055301051139831543e+02
6.272765874862670898e+01
9.414698100090026855e+01
6.619169092178344727e+01
8.419186401367187500e+01
6.703270673751831055e+01
8.189185881614685059e+01
1.900400249958038330e+02
8.549194717407226562e+01
1.108721690177917480e+02
1.165871908664703369e+02
9.398801445960998535e+01
5.857461667060852051e+01
1.110271637439727783e+02
9.711498069763183594e+01
5.752663064002990723e+01
1.328243911266326904e+02
1.044360606670379639e+02
2.506376326084136963e+02
1.000380413532257080e+02
6.548568272590637207e+01
8.530689716339111328e+01
6.113774108886718750e+01
9.730202364921569824e+01
4.991951775550842285e+01
1.029130847454071045e+02
7.657379627227783203e+01
1.552415962219238281e+02
1.791716156005859375e+02
1.488384430408477783e+02
1.053132653236389160e+02
8.655332732200622559e+01
4.599524736404418945e+01
5.112455463409423828e+01
6.936046695709228516e+01
5.503375101089477539e+01
6.718435907363891602e+01
1.153307735919952393e+02
1.380158913135528564e+02
2.070393493175506592e+02
9.140356993675231934e+01
7.440071797370910645e+01
9.624681210517883301e+01
1.102935111522674561e+02
1.099314908981323242e+02
1.073473680019378662e+02
5.848392486572265625e+01
6.391118860244750977e+01
1.025471227169036865e+02
1.907135045528411865e+02
1.539806995391845703e+02
9.218961143493652344e+01
9.034551286697387695e+01
1.001830058097839355e+02
8.566927886009216309e+01
5.593376398086547852e+01
4.969650483131408691e+01
6.548127508163452148e+01
1.282483630180358887e+02
1.198865418434143066e+02
2.040832009315490723e+02
9.170712852478027344e+01
1.145647232532501221e+02
1.245870888233184814e+02
6.673416876792907715e+01
6.978026652336120605e+01
5.067364645004272461e+01
6.812517952919006348e+01
1.475017600059509277e+02
7.771852517127990723e+01
1.473377840518951416e+02
2.167040927410125732e+02
9.391105103492736816e+01
1.077725009918212891e+02
7.896755909919738770e+01
