2.000000000000000000e+00 2.000000000000000000e+00
2.222222222222222321e+00 2.000000000000000000e+00
2.444444444444444642e+00 2.000000000000000000e+00
2.666666666666666519e+00 2.000000000000000000e+00
2.888888888888888840e+00 2.000000000000000000e+00
3.111111111111111160e+00 2.000000000000000000e+00
3.333333333333333037e+00 2.000000000000000000e+00
3.555555555555555358e+00 2.000000000000000000e+00
3.777777777777777679e+00 2.000000000000000000e+00
4.000000000000000000e+00 2.000000000000000000e+00
2.000000000000000000e+00 2.222222222222222321e+00
2.222222222222222321e+00 2.222222222222222321e+00
2.444444444444444642e+00 2.222222222222222321e+00
2.666666666666666519e+00 2.222222222222222321e+00
2.888888888888888840e+00 2.222222222222222321e+00
3.111111111111111160e+00 2.222222222222222321e+00
3.333333333333333037e+00 2.222222222222222321e+00
3.555555555555555358e+00 2.222222222222222321e+00
3.777777777777777679e+00 2.222222222222222321e+00
4.000000000000000000e+00 2.222222222222222321e+00
2.000000000000000000e+00 2.444444444444444642e+00
2.222222222222222321e+00 2.444444444444444642e+00
2.444444444444444642e+00 2.444444444444444642e+00
2.666666666666666519e+00 2.444444444444444642e+00
2.888888888888888840e+00 2.444444444444444642e+00
3.111111111111111160e+00 2.444444444444444642e+00
3.333333333333333037e+00 2.444444444444444642e+00
3.555555555555555358e+00 2.444444444444444642e+00
3.777777777777777679e+00 2.444444444444444642e+00
4.000000000000000000e+00 2.444444444444444642e+00
2.000000000000000000e+00 2.666666666666666519e+00
2.222222222222222321e+00 2.666666666666666519e+00
2.444444444444444642e+00 2.666666666666666519e+00
2.666666666666666519e+00 2.666666666666666519e+00
2.888888888888888840e+00 2.666666666666666519e+00
3.111111111111111160e+00 2.666666666666666519e+00
3.333333333333333037e+00 2.666666666666666519e+00
3.555555555555555358e+00 2.666666666666666519e+00
3.777777777777777679e+00 2.666666666666666519e+00
4.000000000000000000e+00 2.666666666666666519e+00
2.000000000000000000e+00 2.888888888888888840e+00
2.222222222222222321e+00 2.888888888888888840e+00
2.444444444444444642e+00 2.888888888888888840e+00
2.666666666666666519e+00 2.888888888888888840e+00
2.888888888888888840e+00 2.888888888888888840e+00
3.111111111111111160e+00 2.888888888888888840e+00
3.333333333333333037e+00 2.888888888888888840e+00
3.555555555555555358e+00 2.888888888888888840e+00
3.777777777777777679e+00 2.888888888888888840e+00
4.000000000000000000e+00 2.888888888888888840e+00
2.000000000000000000e+00 3.111111111111111160e+00
2.222222222222222321e+00 3.111111111111111160e+00
2.444444444444444642e+00 3.111111111111111160e+00
2.666666666666666519e+00 3.111111111111111160e+00
2.888888888888888840e+00 3.111111111111111160e+00
3.111111111111111160e+00 3.111111111111111160e+00
3.333333333333333037e+00 3.111111111111111160e+00
3.555555555555555358e+00 3.111111111111111160e+00
3.777777777777777679e+00 3.111111111111111160e+00
4.000000000000000000e+00 3.111111111111111160e+00
2.000000000000000000e+00 3.333333333333333037e+00
2.222222222222222321e+00 3.333333333333333037e+00
2.444444444444444642e+00 3.333333333333333037e+00
2.666666666666666519e+00 3.333333333333333037e+00
2.888888888888888840e+00 3.333333333333333037e+00
3.111111111111111160e+00 3.333333333333333037e+00
3.333333333333333037e+00 3.333333333333333037e+00
3.555555555555555358e+00 3.333333333333333037e+00
3.777777777777777679e+00 3.333333333333333037e+00
4.000000000000000000e+00 3.333333333333333037e+00
2.000000000000000000e+00 3.555555555555555358e+00
2.222222222222222321e+00 3.555555555555555358e+00
2.444444444444444642e+00 3.555555555555555358e+00
2.666666666666666519e+00 3.555555555555555358e+00
2.888888888888888840e+00 3.555555555555555358e+00
3.111111111111111160e+00 3.555555555555555358e+00
3.333333333333333037e+00 3.555555555555555358e+00
3.555555555555555358e+00 3.555555555555555358e+00
3.777777777777777679e+00 3.555555555555555358e+00
4.000000000000000000e+00 3.555555555555555358e+00
2.000000000000000000e+00 3.777777777777777679e+00
2.222222222222222321e+00 3.777777777777777679e+00
2.444444444444444642e+00 3.777777777777777679e+00
2.666666666666666519e+00 3.777777777777777679e+00
2.888888888888888840e+00 3.777777777777777679e+00
3.111111111111111160e+00 3.777777777777777679e+00
3.333333333333333037e+00 3.777777777777777679e+00
3.555555555555555358e+00 3.777777777777777679e+00
3.777777777777777679e+00 3.777777777777777679e+00
4.000000000000000000e+00 3.777777777777777679e+00
2.000000000000000000e+00 4.000000000000000000e+00
2.222222222222222321e+00 4.000000000000000000e+00
2.444444444444444642e+00 4.000000000000000000e+00
2.666666666666666519e+00 4.000000000000000000e+00
2.888888888888888840e+00 4.000000000000000000e+00
3.111111111111111160e+00 4.000000000000000000e+00
3.333333333333333037e+00 4.000000000000000000e+00
3.555555555555555358e+00 4.000000000000000000e+00
3.777777777777777679e+00 4.000000000000000000e+00
4.000000000000000000e+00 4.000000000000000000e+00
