8.198997036856781051e-14
6.427081089555031213e-13
2.181033131876120024e-13
2.325362125077390374e-13
3.961830863374871115e-13
1.732280985322631750e-12
1.222788537091901162e-11
2.481470584569933635e-11
1.866451437848581918e-12
8.363310044501304219e-13
8.137934770502397441e-14
1.844635555414697592e-13
1.961208973000339029e-13
5.244693568329239497e-13
1.069533350772644553e-12
4.353684079916320115e-12
2.240141960818675670e-10
2.783384633886498705e-12
9.419687252432140667e-13
6.528666496308233036e-13
1.650901637617607776e-13
1.754152378907747334e-13
4.121147867408581078e-13
9.356959651540819323e-13
3.290090422325420150e-12
6.038836097843613970e-11
7.552070080407702335e-12
2.950140132185197217e-12
1.499689261663661455e-12
6.439293542825907934e-13
1.899036483621330262e-13
2.270406085358445125e-13
3.959055305813308223e-13
1.193101173413424476e-12
5.002553926658492855e-12
1.357198242679658051e-10
2.439992652369937787e-12
1.337596700068388600e-12
7.981948435542562947e-13
3.019251515468113212e-13
3.587685704076193360e-13
3.370081991249662678e-13
1.781907954523376247e-12
2.077449323678592918e-12
2.840616630805925524e-11
1.873901034343816718e-11
4.191647029472278518e-12
1.637912028229493444e-12
1.095179502641485669e-12
3.587130592563880782e-13
2.757238881656576268e-13
3.501643419667743728e-13
7.022160630754115118e-13
2.419953126775453711e-12
4.330835690069534394e-11
9.418854585163671800e-12
2.229494366901008107e-12
5.984102102729593753e-13
5.771494393513876275e-13
3.280709037767337577e-13
2.572386748056487704e-13
6.122324869295425742e-13
5.646594303243546165e-13
2.306710378263687744e-12
4.789812990679820359e-11
2.035716040182933284e-11
1.905031687954306108e-12
7.774891841449971253e-13
6.467049118441536848e-13
2.516320485312917299e-13
2.028932577502473578e-13
3.858580122084731556e-13
6.055156376305603771e-13
1.611488720243414718e-12
9.379608201243172516e-12
3.138450610506993144e-11
2.988886915744615180e-12
1.070976640704657257e-12
3.377853552422038774e-13
3.791411629094909586e-13
1.201816424156731955e-13
2.359223927328457648e-13
4.805600362089990085e-13
7.585598815751382062e-13
2.635613949308890369e-12
4.123469898864584593e-10
7.124634215927017067e-12
1.405819904931604469e-12
7.936429291532931529e-13
3.986255769916624558e-13
9.570122472268849378e-14
1.884048472788890649e-13
2.201017146319372841e-13
4.732880753977042332e-13
1.028954699222595082e-12
8.848421995111266369e-12
4.350098059546780860e-11
2.062294779392459532e-12
1.156907902810644373e-12
2.776667784587516508e-13
9.819922652809509600e-14
1.729172360853681312e-13
3.327893516313906730e-13
2.476352456426411663e-13
9.618417173840043688e-13
3.396949388445591467e-12
1.887938139155664885e-10
1.287292494822622757e-11
9.533485112456219213e-13
2.386757458339161531e-12
1.103006574965093023e-13
1.474376176702207886e-13
2.891575867636220210e-13
4.705680289873725997e-13
1.629973933603423575e-12
1.306232899622727928e-11
1.450595199514737033e-11
1.983913033853923480e-12
8.005818230572003813e-13
5.958566973163215152e-13
3.652078639504452440e-13
2.171041124654493615e-13
3.659295089164515957e-13
9.086065233532281127e-13
6.700029420159125948e-12
7.347901731513672985e-10
4.421907284779535985e-12
8.159584119482587994e-13
6.290523657526136958e-13
3.063660436453119473e-13
1.469935284603707260e-13
2.612909888455305918e-13
5.981881656680343440e-13
1.289246487345963033e-12
1.183964037920759438e-11
3.376410262490026071e-11
2.024214129647816662e-12
9.255374244787617499e-13
7.256972800462335726e-13
3.326783293289281573e-13
2.535749388243857538e-13
8.702483178524289542e-13
8.891221092710566154e-13
1.743716282476270862e-12
3.375605350797172832e-11
1.143640737666373752e-11
1.725675158326112069e-12
7.835398996292042284e-13
4.555800181549329864e-13
4.357070260141426843e-13
1.544875338765905326e-13
4.070077608275823877e-13
6.855072065548029059e-13
2.133682119875857097e-12
4.095329630970923063e-11
8.685219210491368358e-12
1.585176434559798508e-12
5.643818745681983273e-13
4.677369602745784505e-13
2.734479309651760559e-13
1.926236947724646598e-13
3.265721026934897964e-13
5.974665207020279922e-13
1.765088075700305126e-12
1.505301439053141621e-11
2.055466907791014819e-11
3.128164394183841068e-12
1.349809153339265322e-12
3.228528555609955220e-13
3.723132913080462458e-13
1.735833699001432251e-13
7.804312751602537901e-13
1.059874410458405691e-12
1.411815109264580315e-12
4.304279155320500649e-12
3.347617183457884948e-10
4.032107980833643524e-12
1.005084904193154216e-12
7.754907827006718435e-13
3.660405312189141114e-13
1.320055176279311127e-13
1.979527652906654112e-13
2.390865283530274610e-13
5.027089855502708815e-13
1.841526930945747154e-12
2.354194617026905689e-11
1.113720227152725784e-11
1.922018100231071003e-12
7.385758671318853885e-13
1.683209127634199831e-12
1.157407503171725693e-13
2.383648833870211092e-13
4.179434576201401796e-13
4.145572773950334522e-13
1.274702565723373482e-12
3.890110455984086002e-12
4.017641719311626503e-09
4.258760011310869231e-12
3.673950033089568024e-12
7.823186543021165562e-13
1.176836406102665933e-13
1.284528039491306117e-13
1.700306562213427242e-13
3.372302437298912992e-13
1.944389094177267907e-12
5.460298879711444897e-12
3.090699918217865161e-11
4.963141009284299798e-12
8.776313009661862452e-13
4.051203816857196216e-13
1.911248936892206984e-13
3.724798247617400193e-13
6.917799666439350403e-13
7.225331444260518765e-13
4.020006549865229317e-12
8.725107303320100982e-10
3.735511899805032954e-12
1.367128632523417764e-12
4.861666624833560491e-13
2.920441666276474280e-13
3.027023076640489307e-13
1.936784066458585585e-13
3.511635426889370137e-13
1.579847364041597757e-12
9.962697333776304731e-12
2.143102362239801550e-11
2.917999175622298935e-12
7.704947790898586391e-13
4.100608741453015682e-13
3.031463968738989934e-13
1.826316875508382509e-13
3.382294444520539400e-13
5.574984918155223568e-13
1.943889493816186587e-12
9.660855448956340297e-11
9.667655564982169381e-12
1.804945082284348246e-12
8.077982727172638988e-13
3.209099652679014980e-13
3.465561171367426141e-13
1.786903958134189452e-13
2.563504963859486452e-13
6.632472349110685172e-13
2.289501921381997818e-12
5.125638802283560835e-11
7.309430838375874373e-12
1.322775222689642760e-12
6.316058787092515558e-13
3.199107645457388571e-13
4.340416914772049495e-13
1.716959907582804590e-13
7.489564524121306022e-13
5.652700529878984526e-13
2.476630012182567953e-12
3.772610002172882560e-11
8.129885653573865056e-12
1.911748537253288305e-12
6.833422716567838506e-13
2.483013794574162603e-13
1.465494392505206633e-13
1.718625242119742325e-13
1.845190666927010170e-13
3.691491556878645497e-13
1.590561016229230518e-12
9.312328685950888030e-12
3.953254390509641780e-11
6.206868352620631413e-12
7.407963131811357016e-13
3.638200851696637983e-13
4.172218126541338279e-13
2.867706072606779344e-13
1.935118731921647850e-13
4.337641357210486603e-13
3.181177543609692293e-12
3.864186748359088597e-12
5.304034988995454114e-10
1.387928660889770072e-11
1.993571974168162342e-12
6.922240558537851030e-13
4.883315973813751043e-13
1.426636586643326154e-13
4.479749904362506641e-13
3.145261828763068479e-13
4.337641357210486603e-13
1.445510378061953816e-12
1.079947242743628522e-11
8.221501257565932974e-11
1.895317236488835988e-12
1.235567204105336714e-12
3.469446951953614189e-13
1.084687895058777940e-13
1.707523011873490759e-13
4.959366251000574266e-13
2.158273559871304315e-13
8.049116928532384918e-13
1.480093825279027442e-12
3.854305763439924704e-11
2.679068078492718996e-11
3.216815702700159818e-12
7.068234886276059115e-13
1.182387521225791716e-13
1.262878690511115565e-13
2.187694470023870963e-13
1.524891324322652508e-12
1.742106459090564385e-12
1.837495156031820898e-10
3.580080676357511038e-12
1.608657651530620569e-12
4.571343303894082055e-13
4.399813846589495370e-13
1.809663530139005161e-13
2.321476344491202326e-13
3.283484595328900468e-13
7.490674747145931178e-13
8.763156866820054347e-12
2.227801276788454743e-11
1.537159288744760488e-12
6.934453011808727751e-13
3.700928452587959328e-13
2.132183318792613136e-13
1.558753126573719783e-13
2.881028748902281222e-13
6.571965194268614141e-13
9.929834732247400098e-13
2.254191278083794714e-11
7.020772851973333673e-12
1.273647853849979583e-12
6.013523012882160401e-13
2.744471316873386968e-13
2.996491943463297503e-13
1.787459069646502030e-13
2.113309527373985475e-13
6.312728118018640089e-13
2.532529741472444584e-12
9.412925994212173464e-11
6.945999331264829380e-12
1.507793889743425098e-12
5.046518758433649054e-13
4.686806498455098335e-13
1.730282583878306468e-13
2.104982854689296801e-13
3.755329380794591998e-13
6.635803018184560642e-13
1.514621761344869810e-12
6.222744541872771151e-11
9.482803431382080817e-12
1.134814464620603758e-12
6.186162693211372243e-13
5.173084183240916900e-13
2.828293155232586287e-13
1.768585278227874369e-13
4.300448885885543859e-13
7.784328737159285083e-13
1.635136470667930553e-12
1.554578688001129194e-11
1.198474652852610234e-11
1.310507258267534780e-12
1.262823179359884307e-12
4.124478536482456548e-13
3.211875210240577871e-13
2.613464999967618496e-13
2.378097718747085310e-13
3.380073998471289087e-13
9.992562333138721442e-13
1.108202418720338756e-11
6.167677479851363387e-11
4.352407323438001185e-12
8.607003998406526080e-13
4.892197758010752295e-13
6.425970866530406056e-13
1.262323578998802986e-13
2.395306175628775236e-13
3.337330412023220561e-13
6.905587213168473681e-13
1.592947995732174604e-12
6.220696180392337737e-11
8.243628002446712344e-12
1.630917623174354958e-12
6.503131366741854436e-13
2.526312492534543708e-13
1.084687895058777940e-13
1.793565296281940391e-13
4.024003352753879881e-13
9.876544027065392584e-13
1.240785252321074950e-12
3.334610365612888927e-12
2.914998797898249450e-10
5.123623747493866176e-12
1.208866340363101699e-12
1.175060049263265682e-12
1.044719866172272305e-13
1.236233337920111808e-13
1.724731468755180686e-13
2.706168622523819067e-13
5.902500710419644747e-13
1.504130153762162081e-12
1.836736318594489603e-11
4.063838154877430497e-11
3.171796159051609720e-12
8.497091918968635582e-13
8.559819519859956927e-14
1.901256929670580575e-13
2.917110997202598810e-13
1.043165553937797085e-12
7.377987110146477789e-12
2.423100609050266030e-11
4.617417559416026052e-12
8.006928453596628970e-13
4.805045250577677507e-13
2.849387392700464261e-13
1.799116411405066174e-13
2.359223927328457648e-13
6.741274205523950513e-13
9.413025914284389728e-13
3.639544221556434422e-11
4.861222535623710428e-12
9.472422846101835603e-13
3.626543509938073839e-13
3.541611448554249364e-13
2.340350135909829987e-13
1.421640583032512950e-13
3.354538868904910487e-13
9.314216065092750796e-13
1.790623205266683726e-12
7.849727534647854554e-10
6.381895012452787341e-12
1.342648214830433062e-12
1.527222792674365337e-12
2.415845301584340632e-13
1.787459069646502030e-13
5.782041512247815263e-13
3.469446951953614189e-13
7.337463969747659576e-13
2.979894109245151412e-12
4.654336804854608545e-09
5.193734331498944812e-12
8.073541835074138362e-13
5.290212712338870915e-13
2.399191956214963284e-13
2.138289545428051497e-13
1.342259636771814257e-13
2.215450045639499876e-13
6.463163337855348800e-13
2.583988578663820590e-12
1.274072514156898706e-10
4.820754906376123472e-12
1.191546861178949257e-12
2.832178935818774335e-13
3.771982726163969346e-13
2.577382751667300909e-13
1.716959907582804590e-13
3.220201882925266545e-13
4.554134847012392129e-13
1.711741859367066354e-12
1.667821436512895161e-11
1.141159389206336527e-11
1.652344927549620479e-12
6.706302180248258082e-13
4.164446565368962183e-13
1.972311203246590594e-13
8.387734951043057663e-14
2.778333119124454242e-13
5.489497745259086514e-13
8.197886813832155894e-13
4.883204951511288527e-12
1.134804472613382131e-10
2.588540493064783732e-12
1.020905582294062697e-12
4.264921749097538850e-13
4.501399253342697193e-13
1.186273301811979763e-13
1.857958231710199470e-13
3.115840918610501831e-13
5.322964291565313033e-13
2.233269125184733639e-12
2.762384765375713869e-11
7.453593298123450950e-12
1.976196983832778642e-12
7.656653089327392081e-13
5.567213356982847472e-13
2.948752353404415771e-13
2.247091401841316838e-13
3.348987753781784704e-13
3.872457909892546013e-13
1.272704164279048200e-12
2.630673456849308423e-12
1.434170504577281235e-09
4.146294418916340874e-12
1.089128787157278566e-12
1.268762872541628894e-12
9.925393840148899471e-14
1.225131107673860242e-13
2.067790383364354057e-13
4.383715612732430600e-13
5.994649221463532740e-13
1.416256001363080941e-12
1.089389689568065478e-11
1.093900525717117489e-10
4.307665335545607377e-12
1.017852468976343516e-12
1.501576640805524221e-13
2.559619183273298404e-13
5.005440506522518262e-13
1.625144463446304144e-12
3.084540400877244792e-10
3.175959495393954057e-12
1.482258760177046497e-12
3.854694341498543508e-13
2.349787031619143818e-13
1.923461390163083706e-13
1.651456749129920354e-13
2.166600232555992989e-13
7.918665723138929025e-13
3.316735774916423907e-12
7.582401373440461612e-11
2.111699703988278998e-12
5.353495424742504838e-13
2.655098363391061866e-13
2.861599845971340983e-13
2.290390099801697943e-13
1.599831378484850575e-13
5.644373857194295852e-13
8.260614414723477239e-13
3.828548589268621072e-12
1.026751461630226459e-10
1.501576640805524221e-12
9.328093852900565253e-13
2.741695759311824077e-13
2.710054403110007115e-13
3.284039706841213047e-13
1.791344850232690078e-13
2.555178291174797778e-13
5.681011217006926017e-13
3.266942272261985636e-12
6.532635543621267971e-11
2.194966430835165738e-12
6.735723090400824731e-13
3.900768597020487505e-13
3.346767307732534391e-13
1.999511667349906929e-13
1.632582957711292693e-13
3.283484595328900468e-13
5.798139746104880032e-13
2.012889854796640066e-12
7.965313630897696839e-09
2.903344231697246869e-12
9.976464099281656672e-13
4.456990332357690932e-13
2.121636200058674149e-13
2.740030424774886342e-13
2.186029135486933228e-13
2.233768725545814959e-13
3.831379657981415221e-13
1.043498620845184632e-12
2.164912693558562751e-11
8.921641203585295443e-12
2.923161712686805913e-12
6.414868636284154491e-13
4.734546088513980067e-13
3.087530231482560339e-13
1.059707877004711918e-13
1.903477375719830889e-13
4.126698982531706861e-13
8.500422588042511052e-13
3.849864871341424077e-12
1.062537835494481442e-10
2.465472270785085129e-12
7.374656441072602320e-13
5.948019854429276165e-13
3.366196210663474631e-13
9.803269307440132252e-14
2.544631172440858791e-13
2.695066392277567502e-13
6.211142711265438265e-13
2.122413356175911758e-12
2.578470770231433562e-11
7.175537941606080494e-12
2.217948047444906479e-12
7.223110998211268452e-13
5.641043188120420382e-13
1.046940312221522618e-13
2.726707748479384463e-13
2.798872245080019638e-13
4.406475184737246309e-13
3.671507542435392679e-12
8.038569809798445931e-12
8.697292885884166935e-10
3.335332010578895279e-12
1.655453552018570917e-12
8.023026687453693739e-13
1.861288900784074940e-13
2.111089081324735162e-13
2.103317520152359066e-13
3.059219544354618847e-13
5.826450433232821524e-13
1.262046023242646697e-12
9.386769139752004776e-12
5.908312727953557442e-11
4.254374630363599863e-12
1.105560087921730883e-12
7.316369732279781601e-14
4.438671652451375849e-13
6.443179323412095982e-13
7.759626274861375350e-12
9.820200208565665889e-12
9.574563364367350005e-13
3.991806885039750341e-13
4.063971381640385516e-13
3.542166560066561942e-13
2.515765373800604721e-13
9.964251646010779950e-14
2.457478665007784002e-13
7.859268791321483150e-13
6.666500684815446220e-12
7.907563492892677459e-12
8.402167850363184698e-13
4.549693954913891503e-13
2.275402088969258330e-13
3.134159598516816914e-13
2.008948563059220760e-13
1.225686219186172821e-13
2.152722444748178532e-13
9.675038548095926672e-13
1.312672193165553836e-11
7.440881244491492907e-12
1.026234652812263448e-12
6.680211939169566904e-13
3.720357355518899567e-13
1.963984530561901920e-13
1.291189377639057057e-13
1.064703880615525122e-13
5.728195695553495170e-13
6.308287225920139463e-13
5.064726416037501622e-12
1.364536261760918023e-11
1.097566482144429756e-12
5.025979632478083658e-13
3.531619441332622955e-13
2.775002450050578773e-13
3.176903184964885440e-13
8.665290707199346798e-14
3.778088952799407707e-13
6.942779684493416426e-13
2.939037901938945652e-12
2.210643890165897574e-10
2.778832719485535563e-12
6.556977183436174528e-13
4.011235787970690581e-13
2.954858580039854132e-13
3.275713034156524373e-13
1.861844012296387518e-13
1.595945597898662527e-13
3.707589790735710267e-13
9.024447855665584939e-13
3.732691933322485056e-11
5.917766277008240650e-12
8.447131882860503538e-13
4.806155473602302663e-13
3.766986722553156142e-13
4.996003610813204432e-13
2.488564909697288385e-13
2.546296506977796525e-13
7.213118990989642043e-13
7.515099653687684622e-13
4.890365890020120787e-12
4.103439810165809831e-11
5.573486117071979606e-12
7.930323064897493168e-13
3.972377982108810102e-13
4.204414594255467819e-13
2.718936187307008367e-13
1.395550341953821771e-13
2.797206910543081904e-13
1.190769705061711647e-12
1.493083434667141773e-12
5.352313037221279046e-11
7.281508729306551686e-12
2.246258734572847970e-12
8.087419622881952819e-13
4.790057239745237894e-13
9.220402219511925068e-14
1.336153410136375896e-13
1.825761763996069931e-13
5.620504062164854986e-13
8.402722961875497276e-13
6.729450330311692596e-12
1.773387547920890484e-10
3.591016373150068830e-12
1.386613046605589261e-12
6.826206266907774989e-13
6.372680161348398542e-14
3.485545185810678959e-13
1.293964935200619948e-13
1.696420781627239194e-13
5.030420524576584285e-13
2.215672090244424908e-12
2.248812247529485830e-11
2.196104409435406524e-11
2.409572541495208498e-12
1.429856233414739108e-12
1.647015857031419728e-13
5.767608612927688228e-13
9.267586698058494221e-13
2.262163356636648359e-08
1.551148098855037460e-12
5.045963646921336476e-13
2.026157019940910686e-13
3.623767952376510948e-13
1.010858063921205030e-13
1.986744102566717629e-13
2.420841305195153836e-13
2.984279490192420781e-13
1.574518293523397006e-12
4.802235720191561086e-09
1.411593064659655283e-12
8.134604101428521972e-13
3.085309785433310026e-13
1.893485368498204480e-13
3.144151605738443322e-13
1.409983241273948806e-13
1.686428774405612785e-13
3.913536161803676805e-13
1.103617197628636859e-12
1.872201838004627916e-10
6.815159547812754681e-12
8.308909116294671549e-13
4.518052598712074541e-13
8.773537452100299561e-13
2.163824674994430097e-13
2.716160629745445476e-13
1.083577672034152783e-13
3.109734691975063470e-13
1.003808147714835286e-12
1.848032837870050571e-11
5.346334486233672578e-12
1.240230140808762371e-12
6.853961842523403902e-13
2.907118989980972401e-13
2.089439732344544609e-13
3.834710327055290691e-13
1.398881011027697241e-13
2.317590563905014278e-13
8.431033649003438768e-13
7.601363982701059285e-12
1.595046317248716150e-11
2.641165064432016152e-12
1.860511744666837330e-12
5.692113447253177583e-13
6.912248551316224621e-13
3.068101328551620099e-13
9.242606680004428199e-14
3.107514245925813157e-13
7.819855873947290092e-13
1.957045636657994692e-12
1.323924858631642110e-09
3.241074075788219488e-12
1.177336006463747253e-12
7.876477248203173076e-13
5.664912983149861248e-13
3.468336728928989032e-13
2.942091015256664832e-13
1.772471058814062417e-13
4.393707619954057009e-13
1.514899317101026099e-12
9.385991983634767166e-12
9.068912287801822458e-12
4.661604435796107282e-12
9.341971640708379709e-13
7.697731341238522873e-13
5.012101844670269202e-13
2.850497615725089418e-13
1.611488720243414718e-13
2.016165012719284277e-13
6.256106743762757105e-13
3.942790538502549680e-12
1.078600153636699588e-09
4.744760140340531507e-12
1.614763878166058930e-12
6.828426712957025302e-13
5.409006575973762665e-13
8.881784197001252323e-14
4.549693954913891503e-13
5.223044219349048944e-13
3.698708006538709014e-13
1.394218074324271583e-12
1.177180575240299731e-11
3.959504946138281412e-11
5.000888592121555121e-12
1.313893438492641508e-12
9.611200724179980170e-13
9.847678228425138514e-14
1.267874694121928769e-13
1.750266598321559286e-13
3.617661725741072587e-13
7.341349750333847624e-13
3.765154854562524633e-12
6.593098289542353996e-11
1.332106647211617201e-11
2.164213253053048902e-12
1.562083795647595252e-12
2.922662112325724593e-13
3.981259766305811354e-13
3.722522290416918622e-12
3.605282739016502092e-12
4.031774913926255977e-13
4.460321001431566401e-13
2.238764729156628164e-13
1.768585278227874369e-13
2.131073095767987979e-13
1.768585278227874369e-13
1.765254609153998899e-13
6.870060076380468672e-13
6.415035169737848264e-12
6.921851980479232225e-12
1.072864019846520023e-12
4.397593400540245057e-13
2.390865283530274610e-13
3.655964420090640488e-13
1.811883976188255474e-13
1.918465386552270502e-13
2.299826995511011773e-13
5.300759831072809902e-13
3.750333377183778794e-12
1.861344411935306198e-11
1.191102771969099194e-12
5.266898028821742628e-13
3.636535517159700248e-13
2.752797989558075642e-13
2.630118345336995844e-13
2.354783035229957022e-13
1.804112415015879378e-13
3.209099652679014980e-13
1.432132190615220679e-12
3.709397950468762417e-07
3.397726544562829076e-12
7.622236175564012228e-13
5.708766792622554931e-13
3.463340725318175828e-13
3.078648447285559087e-13
2.393085729579524923e-13
1.469380173091394681e-13
7.123746037507316942e-13
9.744982598647311534e-13
1.293987139661112451e-11
6.781797345922768727e-12
1.402988836218810320e-12
5.661027202563673200e-13
3.870237463843295700e-13
3.907429935168238444e-13
2.789435349370705808e-13
2.602362769721366931e-13
2.869371407143717079e-13
6.161737786669618799e-13
3.401778858602710898e-12
1.031024154940496373e-10
4.567402012156662749e-12
9.176548410039231385e-13
6.702416399662070035e-13
3.743116927523715276e-13
4.114486529260830139e-13
2.351452366156081553e-13
2.423616862756716728e-13
4.032885136950881133e-13
1.644406832923550610e-12
3.478289878344753561e-11
9.765632746905339445e-12
2.082389816138174865e-12
7.089329123743937089e-13
7.603362384145384567e-13
5.476730180475897214e-13
8.038014698286133353e-14
2.512989816239041829e-13
2.416400413096653210e-13
1.102617996906474218e-12
3.809841331303687184e-12
1.725928844287238917e-10
3.686884131326451097e-12
7.067735285914977794e-12
9.253708910250679764e-13
7.214784325526579778e-13
1.127986593019159045e-13
1.361133428190441919e-13
2.437494650564531185e-13
1.329603094291087473e-12
1.499855795117355228e-12
2.681915800550882523e-11
1.246691638812080782e-11
4.339695269806043143e-12
4.446665258228676976e-12
1.179722985966691340e-12
6.861178292183467420e-14
4.080069615497450286e-13
1.927902282261584332e-13
3.526623437721809751e-13
1.031286167574307910e-12
3.931466263651373083e-12
5.393473112569324712e-09
8.675671292479592012e-12
2.497002604684439575e-12
3.320288488595224408e-12
4.905520434306254174e-13
1.294464535561701268e-12
5.610034659042639760e-11
9.078848783872217609e-13
3.582134588953067578e-13
3.118616476172064722e-13
2.048916591945726395e-13
1.965094753586527077e-13
1.966760088123464811e-13
4.702904732312163105e-13
2.645106356169435458e-13
1.288302797775031650e-12
4.982509960171910279e-10
1.423805517930532005e-12
8.847922394750185049e-13
3.757549826843842311e-13
4.730105196415479440e-13
2.972067036921544059e-13
3.354538868904910487e-13
3.042566198985241499e-13
1.919575609576895658e-13
2.143951682853639795e-12
1.470867871944392391e-11
4.987843471582209531e-12
6.553091402849986480e-13
6.581402089977927972e-13
3.022582184541988681e-13
6.428746424091968947e-13
3.777533841287095129e-13
2.486344463648038072e-13
3.536060333431123581e-13
6.616929226765932981e-13
3.348488153420703384e-12
2.219702199823814226e-11
1.619482326020715846e-12
7.541189894766375801e-13
5.684896997593114065e-13
7.306932836570467771e-13
3.615996391204134852e-13
3.085864896945622604e-13
3.015365734881925164e-13
1.006750238730091951e-12
2.342404048505386527e-12
2.165180257307497413e-10
3.253397551361558726e-12
1.247335568166363373e-12
5.128120150743598060e-13
5.747624598484435410e-13
5.270783809407930676e-13
4.273248421782227524e-13
1.550981565401343687e-13
4.898859096158503235e-13
7.757683384568281326e-13
9.368339437543227177e-12
3.083833188810558568e-11
2.200628568260754037e-12
1.400657367867097491e-12
1.009747840896579874e-12
8.705813847598165012e-13
6.438738431313595356e-13
1.562638907159907831e-13
4.130029651605582330e-13
5.931921620572211395e-13
3.045563801151729422e-12
3.135766091233449515e-10
8.971878795449583777e-12
3.286315664041694617e-12
1.809885574743930192e-12
2.408240273865658310e-12
3.798183989545123040e-12
1.692535001041051146e-13
1.767475055203249212e-13
4.312106227644108003e-13
1.928623927227590684e-12
1.157596241085911970e-11
6.144135200614186942e-11
4.613975868039688066e-12
2.131850251885225589e-12
2.359890061143232742e-12
1.668165605650528960e-12
1.076916333886401844e-13
1.654232306691483245e-13
6.968869925572107604e-13
1.297961738089270511e-12
3.601563491884007817e-12
7.568606852359494042e-11
1.519334658084403600e-11
3.913314117198751774e-12
3.879563337250147015e-12
1.681543793097262096e-12
1.361133428190441919e-13
2.032263246576349047e-13
7.607803276243885193e-13
5.682676551543863752e-13
1.757871626040241608e-12
7.803702128938994065e-12
1.128443116726884909e-09
1.693362117194396887e-11
3.811839732748012466e-12
3.072098131440270663e-12
