-5.688468675100653016e-01 -4.467356803132034315e-01 -7.864829046184820260e-01
-7.253677359532750835e-01 -4.449106977006859198e-01 -9.318530512871945337e-01
-8.907735888418424341e-01 -4.172669247902680012e-01 -1.078611412784216128e+00
-1.056742818165346209e+00 -3.627027620384868367e-01 -1.218270850413978312e+00
-1.215774429081049490e+00 -2.832554784982045937e-01 -1.343096258256950337e+00
-1.362983052080237956e+00 -1.838857944288183610e-01 -1.447995497383658847e+00
-1.496419209095547265e+00 -7.147475344249715201e-02 -1.530969345454620711e+00
4.666946068042006068e+00 4.643732836663236330e-02 -1.592455803497871525e+00
4.559630878925374553e+00 1.627543920284506840e-01 -1.634403028316869122e+00
4.463687189514549125e+00 2.715533694582260016e-01 -1.659582894681993270e+00
5.587905662233217718e+00 -4.471294412809494467e-01 -9.044089778082979869e-01
5.427593801792122363e+00 -4.253380290214043291e-01 -1.047988775187132404e+00
5.264468411378537382e+00 -3.776672154859284647e-01 -1.187025962356738518e+00
5.105815865693164035e+00 -3.050130659615832296e-01 -1.313907410108744900e+00
4.956920222249825869e+00 -2.110861223827815158e-01 -1.422983271584763898e+00
4.820355050211228232e+00 -1.017445257452461033e-01 -1.511372647079616494e+00
1.097962574342331443e+01 1.607449046499188211e-02 -1.578642347918371769e+00
1.086741804571422776e+01 1.354131469430469581e-01 -1.626007400262535985e+00
1.076564719234040446e+01 2.501077058844000667e-01 -1.655636171645136656e+00
1.067337418061040744e+01 3.552781876883384093e-01 -1.670252710471119117e+00
8.617084840791649825e+00 3.576009688421496246e+00 -4.147367224834664690e+00
8.458370936092958203e+00 3.537422952450980151e+00 -4.284878458749849628e+00
8.301128700907291602e+00 3.474256860087662879e+00 -4.413605944981848772e+00
8.151052630658575993e+00 3.388792856285727684e+00 -4.527398382424409284e+00
8.011533490657262391e+00 3.285616405941382379e+00 -4.622393222726103978e+00
7.883655391680349567e+00 3.170816954645543362e+00 -4.697120014186499937e+00
7.766909910285721530e+00 3.051013383445039473e+00 -4.751927682927385099e+00
7.660087760168577731e+00 2.932499114467929324e+00 -4.788300306844216259e+00
7.562002788700692868e+00 2.820627443664390110e+00 -4.808389965985164771e+00
7.471969271677843416e+00 2.719464198388580556e+00 -4.814806181377290883e+00
5.387151948760115161e+00 -4.159577346304549894e-01 -7.366346379248013498e+00
5.232515099098249856e+00 -3.651935362812333552e-01 -7.496499064525028011e+00
5.081711711343940507e+00 -2.915540434697201921e-01 -7.615490816621852233e+00
4.939096178301174866e+00 -1.980845871419327497e-01 -7.718415253119547792e+00
4.806831467891705678e+00 -8.971360478169297659e-02 -7.802560758100386629e+00
1.096838690526701576e+01 2.754956069225260318e-02 -7.867199464158132649e+00
1.085653733336357263e+01 1.474648575066053457e-01 -7.912999370054784265e+00
1.075322461425002984e+01 2.642944300504774247e-01 -7.941487601360962323e+00
1.065740580561878481e+01 3.732894730951124562e-01 -7.954733710152824600e+00
1.056862853457923634e+01 4.709350574963592218e-01 -7.955241999477354220e+00
8.471297440814858248e+00 3.541486731202606375e+00 -1.055712642736354390e+01
8.320463775010837892e+00 3.483431814827467221e+00 -1.068143040272400413e+01
8.174482586325098055e+00 3.403843207817726757e+00 -1.079351909387204778e+01
8.036893614243794559e+00 3.306108461808319188e+00 -1.088924268792690064e+01
7.909221073883095698e+00 3.195248780950517897e+00 -1.096648121718248703e+01
1.407457170587674966e+01 3.077139917124446900e+00 -1.102483601469313257e+01
1.396559603611697575e+01 2.957728967979108781e+00 -1.106508212073551967e+01
1.386427749481807936e+01 2.842402586714885881e+00 -1.108871952348930456e+01
1.376968529316241430e+01 2.735535458232396078e+00 -1.109774685904448965e+01
1.368152803383837579e+01 2.640319967320448935e+00 -1.109460041644008044e+01
1.159004326478721936e+01 -3.925981781926570768e-01 -1.371801594514572464e+01
1.144094740928678711e+01 -3.318021358691785050e-01 -1.383978591086983201e+01
1.129699385244698107e+01 -2.500420879953614284e-01 -1.394903107243217022e+01
1.116142671659372354e+01 -1.508160374188336206e-01 -1.404187445803229650e+01
1.103554699718926102e+01 -3.915168378027426149e-02 -1.411640148019889551e+01
1.720234810290003580e+01 7.914241142197468715e-02 -1.417231372858673488e+01
1.709445574242008803e+01 1.982341076059214446e-01 -1.421040809525582205e+01
1.699387069808570772e+01 3.128845514507885839e-01 -1.423216770490294003e+01
1.689971883774756733e+01 4.188514836887503034e-01 -1.423955886490035105e+01
1.681176860862316502e+01 5.130740316275819168e-01 -1.423499237663499351e+01
1.474467889038072954e+01 3.538420010877944666e+00 -1.684861143697624186e+01
1.459457565236185772e+01 3.479176635572137855e+00 -1.697184174954252001e+01
1.444945716698035554e+01 3.398642154781640112e+00 -1.708271713796726488e+01
1.431273504309494626e+01 3.300253877135892022e+00 -1.717720488977039750e+01
1.418583531922556595e+01 3.189037135452899463e+00 -1.725327694274577794e+01
2.035181068597187704e+01 3.070836878268100367e+00 -1.731058065293958137e+01
2.024330480909876329e+01 2.951555479612942179e+00 -1.734989921621686193e+01
2.014230480227250197e+01 2.836513067935737542e+00 -1.737272766474082175e+01
2.004790470421493964e+01 2.730029515284932096e+00 -1.738104986430489163e+01
1.995983861527676950e+01 2.635237717230824561e+00 -1.737729188155597981e+01
1.793448009586643010e+01 -4.109915870066606636e-01 -1.994912442930779406e+01
1.778100940571933819e+01 -3.577502939047468855e-01 -2.007742550128014969e+01
1.763175660241507003e+01 -2.820615023646912412e-01 -2.019417237237630047e+01
1.749079704128213208e+01 -1.870975089113282308e-01 -2.029471720308788818e+01
1.736006694015522811e+01 -7.782614742819266018e-02 -2.037655948253949134e+01
2.352290380265219483e+01 3.977948571272592326e-02 -2.043909209193125420e+01
2.341203226811166971e+01 1.595754382707277597e-01 -2.048302687244368414e+01
2.330940411012614533e+01 2.759406607424932378e-01 -2.050988560808756844e+01
2.321401244922654072e+01 3.842506536519301186e-01 -2.052171511952308336e+01
2.312545590481291669e+01 4.811031511694241480e-01 -2.052099758541026020e+01
2.115647423718431952e+01 3.571165506669110368e+00 -2.302077561228099611e+01
2.099876096829742522e+01 3.528748575906961449e+00 -2.315626474177648220e+01
2.084333997147816575e+01 3.462218013985324472e+00 -2.328214916750306074e+01
2.069549542303285605e+01 3.374120162931453226e+00 -2.339265963601560827e+01
2.055821239867550432e+01 3.269174560610814240e+00 -2.348431416898887747e+01
2.043229638872776732e+01 3.153464793011501399e+00 -2.355590194934908155e+01
2.031711096894718693e+01 3.033504801799054018e+00 -2.360789260527141309e+01
2.021142254775229574e+01 2.915418650164199654e+00 -2.364179598830390105e+01
2.011408163386928294e+01 2.804369509996393894e+00 -2.365974352988568086e+01
2.002447441598105016e+01 2.704251074695503743e+00 -2.366431292684667298e+01
1.812156578147320829e+01 -4.446760028147868637e-01 -2.606697542399959744e+01
1.796126825375433711e+01 -4.178768004604617170e-01 -2.620919978660597494e+01
1.779953670797202037e+01 -3.654583725819551820e-01 -2.634552280319151407e+01
1.764323206812495215e+01 -2.887659111398927503e-01 -2.646871687635149328e+01
1.749706218730631591e+01 -1.918215470475533591e-01 -2.657367766379355345e+01
1.736310757373173530e+01 -8.059583720941231044e-02 -2.665799174467168342e+01
2.352458186754151370e+01 3.804055887240727352e-02 -2.672150486617385567e+01
2.341406083855439491e+01 1.573120070496629996e-01 -2.676554135791159794e+01
2.331346729482623914e+01 2.712974129710426507e-01 -2.679228009582806180e+01
2.322193104704984279e+01 3.753643469734264104e-01 -2.680441548372527194e+01
2.138267739226147413e+01 3.590178676625190413e+00 -2.909824564267902858e+01
2.121911424113936206e+01 3.581347668344726287e+00 -2.924830035218998248e+01
2.104832114948103694e+01 3.544711129967581975e+00 -2.939763207312357807e+01
2.087914893253105220e+01 3.479833541892730864e+00 -2.953710914612969063e+01
2.071888935300529866e+01 3.389753266180973501e+00 -2.965908059876915814e+01
2.057168568259912078e+01 3.280474201399066647e+00 -2.975907004508531273e+01
2.043864881298150848e+01 3.159719713969404875e+00 -2.983581650420476450e+01
2.031897866658595575e+01 3.035536234358656049e+00 -2.989035337778645030e+01
2.021122183225688218e+01 2.915190188013572214e+00 -2.992503172983523285e+01
2.011416293025459012e+01 2.804461836231739280e+00 -2.994291919189766205e+01
1.811378051933449029e+01 -4.439409410128649647e-01 -3.235721928474667664e+01
1.794887619261660561e+01 -4.147785291161412702e-01 -3.250310028070916246e+01
1.778286628609576425e+01 -3.585390019523624350e-01 -3.264228941960319474e+01
1.762300138566591556e+01 -2.768444619315987287e-01 -3.276709344714831929e+01
1.747405379397257263e+01 -1.742408731361669016e-01 -3.287225365599954330e+01
1.733790941857316170e+01 -5.733002667506548189e-02 -3.295546292935316046e+01
2.349748678104775124e+01 6.642442678292681535e-02 -3.301679066001519658e+01
2.338509932318913442e+01 1.898097011762717168e-01 -3.305780300189336174e+01
2.328251049029458741e+01 3.066621164888930218e-01 -3.308090560386838064e+01
2.318882327411655098e+01 4.123100531615440101e-01 -3.308902644348228250e+01
2.114860007032604372e+01 3.569620923419369429e+00 -3.559407182087865351e+01
2.098730033523376548e+01 3.524705272389293764e+00 -3.573219906731475959e+01
2.082869437186124983e+01 3.454605275581192458e+00 -3.585991487766969499e+01
2.067824876043492566e+01 3.362177966490602188e+00 -3.597119440177467453e+01
2.053890477404025106e+01 3.252607256233369881e+00 -3.606252406284143319e+01
2.669446118322238348e+01 3.132475366432987851e+00 -3.613281219418741586e+01
2.657769391177021134e+01 3.008732262773609722e+00 -3.618269864981496653e+01
2.647038438356073797e+01 2.887802015387824106e+00 -3.621386818618059067e+01
2.637129827079170852e+01 2.774979375136766180e+00 -3.622862929952474076e+01
2.627984819230286462e+01 2.674143819456594962e+00 -3.622975643036125604e+01
2.421322968261113928e+01 -4.097839568718277814e-01 -3.880248784170022702e+01
2.405696567412202924e+01 -3.546445231445439772e-01 -3.893283613263943721e+01
2.390520763335128152e+01 -2.762555938981411385e-01 -3.905100892672646040e+01
2.376215781283515938e+01 -1.780524998545213733e-01 -3.915217788492561368e+01
2.362971818700059856e+01 -6.537236856090837545e-02 -3.923382154095744312e+01
2.979109852122734381e+01 5.542650913235064314e-02 -3.929541464651696003e+01
2.967888450078063300e+01 1.778730147174854004e-01 -3.933779192885027243e+01
2.957492242101826818e+01 2.961279773232229351e-01 -3.936261086115253249e+01
2.947816782615733189e+01 4.054799836306581251e-01 -3.937206609220653775e+01
2.938826603528115200e+01 5.025522696378403875e-01 -3.936881324782173408e+01
2.731253395196625888e+01 3.538890666466412149e+00 -4.198009765736518517e+01
2.716009766144765436e+01 3.478774804947681876e+00 -4.210525725942005693e+01
2.701279456342987828e+01 3.396701058102151727e+00 -4.221767051964914685e+01
2.687418882590061386e+01 3.296297506290955859e+00 -4.231312365286214572e+01
2.674572599726538158e+01 3.182865052754982660e+00 -4.238953992236913848e+01
3.291040846773127981e+01 3.062553940052022750e+00 -4.244660707913986641e+01
3.280079476904174385e+01 2.941521763074983031e+00 -4.248520258758181711e+01
3.269881709375727041e+01 2.825268924868498122e+00 -4.250693582707559415e+01
3.260355595065331613e+01 2.718192420324327951e+00 -4.251392458788650686e+01
3.251478286203338541e+01 2.623411694278891204e+00 -4.250874714560315937e+01
3.044788861762331322e+01 -3.953058255891913619e-01 -4.512695904785270073e+01
3.029679318376604513e+01 -3.348435422408689854e-01 -4.525073541632529128e+01
3.015083941032271042e+01 -2.528238686371375166e-01 -4.536184488237036305e+01
3.001347962628317489e+01 -1.528428160527874613e-01 -4.545619802298584489e+01
2.988611614739181377e+01 -4.012203510867047573e-02 -4.553178190384937096e+01
3.605175891348930861e+01 7.929764467012268003e-02 -4.558830104074904455e+01
3.594300723288378663e+01 1.993696201958214120e-01 -4.562661979494333764e+01
3.584184029019885287e+01 3.146933690347761825e-01 -4.564832433822397917e+01
3.574737903544383499e+01 4.209426499005989863e-01 -4.565550304138123039e+01
3.565942030777652860e+01 5.150414719916661666e-01 -4.565070009596174572e+01
3.361829989666659912e+01 3.545777553666439097e+00 -4.824411497224819811e+01
3.346598062720558886e+01 3.489272002756690139e+00 -4.837031512956466628e+01
3.331830019847247115e+01 3.410733547036226110e+00 -4.848446651531102702e+01
3.317908224850597776e+01 3.313544870962306099e+00 -4.858215516486500718e+01
3.305004264121810564e+01 3.202822104815556958e+00 -4.866110034986789401e+01
3.921438626416152573e+01 3.084599687920857924e+00 -4.872085203765358585e+01
3.910480371806988131e+01 2.965001947441145091e+00 -4.876221718581354025e+01
3.900328316315427912e+01 2.849557639610102555e+00 -4.878678147557332068e+01
3.890890908079175858e+01 2.742744748183632897e+00 -4.879665124158844947e+01
3.882139887797172406e+01 2.647791575743561943e+00 -4.879437485663240892e+01
3.682091631601360149e+01 -4.202897314778430982e-01 -5.133318400726307118e+01
3.666573438642085137e+01 -3.720750436021906804e-01 -5.146461163723139265e+01
3.651388267081426164e+01 -3.006967425924301218e-01 -5.158541737764314661e+01
3.637004671225540164e+01 -2.090690417409837298e-01 -5.169040242435463739e+01
3.623667746782834342e+01 -1.020935992080067994e-01 -5.177661871664746940e+01
4.239744523531040699e+01 1.415357642852232284e-02 -5.184320699356423034e+01
4.228523813577547230e+01 1.333226366331765056e-01 -5.189081235498746025e+01
4.218205802731828413e+01 2.495550120632340774e-01 -5.192101038125715462e+01
4.208689058333791166e+01 3.580032416700950626e-01 -5.193595459615024623e+01
4.199929663393705681e+01 4.550850064886483026e-01 -5.193823612132256784e+01
4.005091901375508456e+01 3.578841758822180363e+00 -5.439691601306527247e+01
3.989304911095159412e+01 3.543263922167398938e+00 -5.453447887612772860e+01
3.973588538923100089e+01 3.483197503191860722e+00 -5.466413059688181164e+01
3.958539175597429960e+01 3.400674187892073874e+00 -5.477949460404064297e+01
3.944530248354998037e+01 3.300114349932329549e+00 -5.487642939393128927e+01
3.931699962491605049e+01 3.187539042192962135e+00 -5.495324950640833350e+01
4.548337219853752345e+01 3.069582171628216116e+00 -5.501019559956419158e+01
4.537696827091183138e+01 2.952595868161300263e+00 -5.504873907416489232e+01
4.527985582845218460e+01 2.842004382008389118e+00 -5.507107343149864676e+01
4.519138257148177473e+01 2.741952273520601668e+00 -5.507986234410743975e+01
4.330122219320830368e+01 -4.478733831843476065e-01 -5.744004014427824245e+01
4.314324979188402409e+01 -4.287221545632881048e-01 -5.758214266601241604e+01
4.298168154949537723e+01 -3.842664687642449173e-01 -5.772065428595656300e+01
4.282385046635003789e+01 -3.151194629296602545e-01 -5.784795426997312262e+01
4.267529568928055994e+01 -2.247095585436394705e-01 -5.795820183726289798e+01
4.253892576196318487e+01 -1.186823374223860694e-01 -5.804826778998253189e+01
4.241535849777510236e+01 -3.850030551848806180e-03 -5.811752802643140114e+01
4.230386669109223874e+01 1.128767248026864151e-01 -5.816709959450354717e+01
4.220331503609551760e+01 2.253280262201627637e-01 -5.819912753279495377e+01
4.211282585482182128e+01 3.285882207288854384e-01 -5.821634354253801291e+01
4.333905130708240705e+01 -4.488958314584495235e-01 -5.740506606063576811e+01
4.316646485281891188e+01 -4.330289792158917850e-01 -5.756165760048041591e+01
4.298785452734670542e+01 -3.864408352560294579e-01 -5.771550184305162645e+01
4.281302403627669406e+01 -3.093864151972556820e-01 -5.785633830487477525e+01
4.264932759155238529e+01 -2.062406795615991384e-01 -5.797628021533181197e+01
4.250025699867840245e+01 -8.459125732453359747e-02 -5.807136340971197086e+01
4.864924250620514101e+01 4.643819148765900018e-02 -5.814112402771464616e+01
4.852844752881796353e+01 1.778647402888295370e-01 -5.818734563108296953e+01
4.841928395096847026e+01 3.020599067641513980e-01 -5.821301490027829573e+01
4.832057818184797071e+01 4.134014852606033297e-01 -5.822178590854869640e+01
4.635762868731933395e+01 3.582098183500066924e+00 -6.065904622550952041e+01
4.618576556525938059e+01 3.546098729547611406e+00 -6.080955203654783503e+01
4.601401260083238753e+01 3.480833558188664245e+00 -6.095134682686864380e+01
4.585005378253612207e+01 3.388720258373822958e+00 -6.107614605413382236e+01
4.569845772907867598e+01 3.275494925240777455e+00 -6.117874761774125858e+01
4.556054767682887530e+01 3.149019026921341169e+00 -6.125730196938231842e+01
4.543547661927169656e+01 3.017786804526898514e+00 -6.131244124701503750e+01
4.532154466214419841e+01 2.889634049473848165e+00 -6.134625659607998927e+01
4.521721767544293868e+01 2.770883188219006588e+00 -6.136164526224430205e+01
4.512176071055974802e+01 2.665974065515655855e+00 -6.136205027618799335e+01
4.311987817599133166e+01 -4.238654847153572880e-01 -6.388580976393542699e+01
4.295289325265784441e+01 -3.736130821312123595e-01 -6.402770861708367534e+01
4.278943501941646588e+01 -2.964382834708756964e-01 -6.415761543930587152e+01
4.263526295519501730e+01 -1.958995826201232193e-01 -6.426908772056056307e+01
4.249318126539700557e+01 -7.816610082697615647e-02 -6.435864206647266883e+01
4.864662938973002326e+01 4.916679591288859036e-02 -6.442548832687023719e+01
4.852802145044770299e+01 1.783437261191667400e-01 -6.447066209085033961e+01
4.841892705886807136e+01 3.024672688851049451e-01 -6.449625718119366979e+01
4.831809934074675539e+01 4.161422935876241680e-01 -6.450501091195482672e+01
4.822515052058122365e+01 5.157027504908281434e-01 -6.450018134837442574e+01
4.619937437556150428e+01 3.549991203972152398e+00 -6.708111031854197392e+01
4.603773297538351272e+01 3.491680051561482312e+00 -6.721554473764790316e+01
4.588106160257039079e+01 3.408503887299846102e+00 -6.733668966971649184e+01
4.573393076461925233e+01 3.304460932290786523e+00 -6.743926404448133383e+01
4.559826140835533437e+01 3.185708742337711730e+00 -6.752066672807880821e+01
5.175707347411003667e+01 3.059461104175838830e+00 -6.758055271739183922e+01
5.164273627992933058e+01 2.932897581321731284e+00 -6.762005790599685895e+01
5.153696676906860574e+01 2.812279775226769640e+00 -6.764120174501456972e+01
5.143874576501076490e+01 2.702443798125199415e+00 -6.764658579726174992e+01
5.134789812670670983e+01 2.606616035641603712e+00 -6.763932463777116766e+01
4.931515354731306644e+01 -4.008597523494544235e-01 -7.024471278287990117e+01
4.915713165573187382e+01 -3.399570932023917580e-01 -7.037490948200766638e+01
4.900441577458840925e+01 -2.554113380624386531e-01 -7.049166023905934253e+01
4.886108759777173560e+01 -1.512620040232962038e-01 -7.059019014422875671e+01
4.872878422108424701e+01 -3.350279853352555737e-02 -7.066821661074459371e+01
4.860727382992755707e+01 9.094650120917409375e-02 -7.072551168669772892e+01
4.849535951801851041e+01 2.152584533710230064e-01 -7.076320466288760258e+01
4.839169847035566363e+01 3.334926918413670394e-01 -7.078324606822091880e+01
4.829539121678668323e+01 4.410711919758822930e-01 -7.078814834830640734e+01
4.820634780959699839e+01 5.349341872786145258e-01 -7.078092347003622820e+01
4.618297332836667124e+01 3.545277461324858326e+00 -7.337830230923404429e+01
4.602616995256060051e+01 3.486468410736715207e+00 -7.350801224222959718e+01
4.587433133891337889e+01 3.404305698068530894e+00 -7.362483115998742278e+01
4.573162883154338232e+01 3.302627262748627501e+00 -7.372394704282095290e+01
4.559984712355993253e+01 3.187217407910659439e+00 -7.380298956733319926e+01
5.176208712948923818e+01 3.064820512777317152e+00 -7.386164325777680517e+01
5.165090148547889726e+01 2.942145058304942218e+00 -7.390097335263790512e+01
5.154820605006882772e+01 2.825078249881601167e+00 -7.392288611366751638e+01
5.145312345160564860e+01 2.718205178076001260e+00 -7.392985111156519906e+01
5.136553081213897798e+01 2.624639862291728853e+00 -7.392481625134112733e+01
4.936618470497845124e+01 -4.151314875544502847e-01 -7.648420454388219980e+01
4.920863615021932702e+01 -3.626601030387096025e-01 -7.661657888426182694e+01
4.905501933888864841e+01 -2.863650740172911657e-01 -7.673732327588035673e+01
4.891008809716386452e+01 -1.896402636258189556e-01 -7.684111927316014601e+01
4.877617719596710089e+01 -7.799364676370164340e-02 -7.692512157052428279e+01
5.493676707189499808e+01 4.192107244126844906e-02 -7.698870549091024884e+01
5.482460045149247208e+01 1.633265728223206592e-01 -7.703279323155906866e+01
5.472164038702861433e+01 2.801582757035939730e-01 -7.705925151074956148e+01
5.462695408240413286e+01 3.875922902880422627e-01 -7.707054215332348690e+01
5.454029256845964824e+01 4.822599151269763018e-01 -7.706958701072957751e+01
5.257716926803593083e+01 3.572072433353013832e+00 -7.956524139285097874e+01
5.241816681822805890e+01 3.529949732096355319e+00 -7.970202084980053314e+01
5.226105411446462767e+01 3.463130964402491241e+00 -7.982942022052459663e+01
5.211159962043377902e+01 3.374241153664804038e+00 -7.994120104749842426e+01
5.197315002820513286e+01 3.268336760075390757e+00 -8.003359503566198896e+01
5.184670370137435214e+01 3.151962707673376496e+00 -8.010534627163724508e+01
5.173172547298525359e+01 3.032076228831641185e+00 -8.015706675108336299e+01
5.162707300904681773e+01 2.915104090989994123e+00 -8.019053323673492173e+01
5.153172471799042853e+01 2.806320485112662855e+00 -8.020821045530642834e+01
5.144524033200727331e+01 2.709546370948905825e+00 -8.021302935924731514e+01
4.952691632753484186e+01 -4.436631646728120271e-01 -8.262522853753196728e+01
4.936756976980651501e+01 -4.154834613443817992e-01 -8.276619409244507608e+01
4.920672553744979894e+01 -3.618682163024932175e-01 -8.290132093586043993e+01
4.905139647624866228e+01 -2.842476203187749850e-01 -8.302323599692566347e+01
4.890642112105389572e+01 -1.868679545426653044e-01 -8.312677367501005676e+01
4.877398265586429460e+01 -7.598887864916582802e-02 -8.320956734735217708e+01
5.493739905648610033e+01 4.126539564049801906e-02 -8.327160170350705926e+01
5.482938454495552349e+01 1.579846326996329486e-01 -8.331440901544247879e+01
5.473203990693263421e+01 2.682738525238598237e-01 -8.334042025426411726e+01
5.464470121824824389e+01 3.676622658297452051e-01 -8.335259132177222341e+01
5.277459886365357988e+01 3.590521951472942952e+00 -8.566937399131018083e+01
5.261797403836327192e+01 3.578943671230833345e+00 -8.581223202278894746e+01
5.245511331495004725e+01 3.541953592505580950e+00 -8.595406205883354289e+01
5.229402895883736591e+01 3.479338589888526290e+00 -8.608660891983342367e+01
5.214137096900994806e+01 3.394017898217616125e+00 -8.620299758071362817e+01
5.200108840085696471e+01 3.291559747772115685e+00 -8.629917366966569148e+01
5.187449588605507245e+01 3.179059746839488110e+00 -8.637397648301629260e+01
5.804440351665622444e+01 3.063893101874902491e+00 -8.642837877123032797e+01
5.794343717372996849e+01 2.952707488011421688e+00 -8.646463607074247193e+01
5.785392311228552842e+01 2.850795556537046416e+00 -8.648570626507081727e+01
5.901865377797481926e+01 3.589853411784168724e+00 -8.570565523196732727e+01
5.883426386746869952e+01 3.566844879762833376e+00 -8.587134469876126275e+01
5.864468385002260931e+01 3.508845842564679796e+00 -8.603214758880046986e+01
5.846131939471215588e+01 3.416999823142475190e+00 -8.617594771332234416e+01
5.829185884744046575e+01 3.297703653164519189e+00 -8.629429612208730305e+01
5.813908496200494369e+01 3.161017877927388753e+00 -8.638379764869182509e+01
5.800224115571077732e+01 3.018219242567231397e+00 -8.644503686625796490e+01
5.787914674581821828e+01 2.879619067768100393e+00 -8.648088266065978758e+01
5.776782745977227052e+01 2.753195397304994518e+00 -8.649535653902685794e+01
5.766743777053765996e+01 2.644100677693554502e+00 -8.649316874151026013e+01
5.576306497962158204e+01 -4.378665277377269405e-01 -8.895070187629987402e+01
5.558109827151830729e+01 -3.954568292212010117e-01 -8.910886106896776937e+01
5.540012489799918427e+01 -3.202494019905923750e-01 -8.925616853984854515e+01
5.522887882878372068e+01 -2.157155869416591820e-01 -8.938308067335439944e+01
5.507200523847680529e+01 -8.943634640466113783e-02 -8.948415077248462524e+01
6.121345076471593671e+01 4.869555210016039692e-02 -8.955802669524480564e+01
6.108534178372732271e+01 1.885338675504854844e-01 -8.960613689602328691e+01
6.096876994418280304e+01 3.213162151505954967e-01 -8.963143327410092809e+01
6.086221721060180556e+01 4.405740993052610355e-01 -8.963771241527381051e+01
6.076536245085831922e+01 5.423617375871593316e-01 -8.962939316217612884e+01
5.882257967834228651e+01 3.564292254226006484e+00 -9.216473534281986701e+01
5.864633702122866055e+01 3.509508473504506565e+00 -9.231397843568694839e+01
5.847423419977373271e+01 3.424699959227789581e+00 -9.244947243179949226e+01
5.831293115517087955e+01 3.314410055448320236e+00 -9.256372133168657967e+01
5.816536104910638016e+01 3.186402782698219749e+00 -9.265301161756384829e+01
6.431462018715494366e+01 3.049981515833228407e+00 -9.271691019439710146e+01
6.419270487553004045e+01 2.914263997050542621e+00 -9.275708923155686136e+01
6.408096340768899779e+01 2.786896203781109360e+00 -9.277639190889847498e+01
6.397824680182048240e+01 2.673379898335131788e+00 -9.277838580663097900e+01
6.388456766026902045e+01 2.576968942066387935e+00 -9.276723511801044708e+01
6.191825575228974543e+01 -4.113898082321276184e-01 -9.534607788014733387e+01
6.174756193929704295e+01 -3.509148267682259958e-01 -9.548837651539827220e+01
6.158215309909270729e+01 -2.626244422121263855e-01 -9.561608362895786684e+01
6.142755150132667552e+01 -1.513380578862127679e-01 -9.572287150779042975e+01
6.128596324691670816e+01 -2.459057048893267469e-02 -9.580581732456172972e+01
6.115706551239020428e+01 1.089044493099038807e-01 -9.586481332105653053e+01
6.103932547408862064e+01 2.407564029815249529e-01 -9.590154010393001727e+01
6.093113946478224108e+01 3.639947102929981804e-01 -9.591870445014632196e+01
6.083158534978267795e+01 4.736334056172617490e-01 -9.591968625309300478e+01
6.074082215774587468e+01 5.667370360422767650e-01 -9.590843228243981855e+01
5.876638628939380737e+01 3.550169980494936706e+00 -9.849648752586544731e+01
5.859944806199761302e+01 3.489598834467805943e+00 -9.863521441075849339e+01
5.843777757977543530e+01 3.402464944604272734e+00 -9.875971897680139477e+01
5.828655933329088157e+01 3.293418338213316421e+00 -9.886407882460666485e+01
5.814791090695218401e+01 3.169626582055402597e+00 -9.894554784581599449e+01
5.802160929353244967e+01 3.039357400963723865e+00 -9.900401557860931234e+01
5.790629619755705448e+01 2.910594176201065864e+00 -9.904107497748127287e+01
5.780052416940046101e+01 2.790003530144999910e+00 -9.905931524758796058e+01
5.770346320971089682e+01 2.682409237812410030e+00 -9.906197602622115994e+01
5.761526415859633232e+01 2.590711394573609105e+00 -9.905282437319806377e+01
5.564703234188529990e+01 -4.145333445735445155e-01 -1.016189631486181355e+02
5.548188509884976582e+01 -3.585000056915199629e-01 -1.017574029399957283e+02
5.532115647603668407e+01 -2.762693831295301994e-01 -1.018828450682668745e+02
5.517031155637221929e+01 -1.720156950829616893e-01 -1.019891767677724062e+02
5.503185562156744481e+01 -5.247311358377885343e-02 -1.020733608562298400e+02
6.118909181264683639e+01 7.439818841740925004e-02 -1.021350375951394511e+02
6.107451502478162553e+01 2.007653251602347366e-01 -1.021756363530339939e+02
6.096996173992233992e+01 3.199587076349512116e-01 -1.021976412156379297e+02
6.087458449782522507e+01 4.270356282718734131e-01 -1.022041927009785525e+02
6.078841059703034944e+01 5.189075992756148059e-01 -1.021989223223827139e+02
5.883894917031751248e+01 3.567831878902174569e+00 -1.047167981053962365e+02
5.867438329591489321e+01 3.520317334627529160e+00 -1.048572309336571777e+02
5.851249508438386471e+01 3.446389973794212302e+00 -1.049867693292446802e+02
5.835951055517497821e+01 3.349443428920564347e+00 -1.050986406070201014e+02
5.821876885748002195e+01 3.235656243970839174e+00 -1.051890731139445307e+02
6.437418701961959755e+01 3.112734234178740955e+00 -1.052571728148148225e+02
6.425858817198934503e+01 2.988541077814930169e+00 -1.053040794635547144e+02
6.415389871381636056e+01 2.869982991440946929e+00 -1.053321503148188043e+02
6.405918546494255850e+01 2.762353424433126481e+00 -1.053444541775427297e+02
6.397427460802304466e+01 2.669130926589819985e+00 -1.053445301421944436e+02
6.205370654444000422e+01 -4.389260896803333090e-01 -1.077935912404536936e+02
6.188982360637537994e+01 -4.033552268257081241e-01 -1.079367693183413905e+02
6.172577733017574531e+01 -3.410201225578246564e-01 -1.080722080482586733e+02
6.156885838446229542e+01 -2.541729709736524345e-01 -1.081921761367399739e+02
6.142368587884217135e+01 -1.481882132323172063e-01 -1.082917168378647972e+02
6.129198685144658754e+01 -3.044131597053169672e-02 -1.083690123246440749e+02
6.117349558201870252e+01 9.110719880486561895e-02 -1.084246840719021208e+02
6.106711077410542288e+01 2.091531056067368610e-01 -1.084608722842876887e+02
6.097180872427436071e+01 3.178538160843553673e-01 -1.084805707393962138e+02
6.088717159546249746e+01 4.131547004093111264e-01 -1.084872643989176311e+02
5.900217314918494083e+01 3.589123232511122641e+00 -1.108535574288131897e+02
5.884062411694443284e+01 3.568179195849699781e+00 -1.109985153657229517e+02
5.867488249247249854e+01 3.520502473684077316e+00 -1.111400022368274563e+02
5.851327782965473290e+01 3.446816268838386321e+00 -1.112693528332329720e+02
5.836207605115328789e+01 3.351297120450293487e+00 -1.113800541155860770e+02
5.822448294903877297e+01 3.240733486118006823e+00 -1.114688722182232254e+02
6.438432684742690526e+01 3.123104703461246689e+00 -1.115355305697257648e+02
6.427449511027354845e+01 3.006182114637155678e+00 -1.115817493767984843e+02
6.417711924029774195e+01 2.896502468334411606e+00 -1.116103843903498500e+02
6.409153912053733393e+01 2.798876497174036082e+00 -1.116248799854453608e+02
6.538579290569694535e+01 3.589408350347861987e+00 -1.107600463695033426e+02
6.522962483852711557e+01 3.584713152122043223e+00 -1.109043140932217568e+02
6.506431431545202315e+01 3.554172411413396571e+00 -1.110502004447376265e+02
6.489870806290265648e+01 3.496686448186870688e+00 -1.111886275626710159e+02
6.474078801146781359e+01 3.414747864299954028e+00 -1.113114541685022232e+02
6.459572973542617547e+01 3.314108348738234344e+00 -1.114135324580514208e+02
6.446562306427898648e+01 3.202499152531694371e+00 -1.114931470080419587e+02
7.063363159288914517e+01 3.088084617388862085e+00 -1.115512337394429210e+02
7.053248803127161182e+01 2.978180068758812027e+00 -1.115903375202930619e+02
7.044453400341339488e+01 2.878496078102038780e+00 -1.116138283949134120e+02
7.156148863051646458e+01 3.588730272169433189e+00 -1.108600260971552842e+02
7.136168620510507310e+01 3.557823460039438057e+00 -1.110379627078276457e+02
7.115748834772698217e+01 3.485816977265329353e+00 -1.112082627632511276e+02
7.096275547472663447e+01 3.375330746399525683e+00 -1.113559907185502027e+02
7.078562991688338002e+01 3.236093508867200264e+00 -1.114719686771151856e+02
7.691103702116072327e+01 3.082008607871220995e+00 -1.115537887776494586e+02
7.677058818988358269e+01 2.927350263931361773e+00 -1.116036715349354296e+02
7.664463500426849407e+01 2.783844588075409021e+00 -1.116261946761906785e+02
7.653138650852240232e+01 2.659275151325119602e+00 -1.116271023014876675e+02
7.643089314565517611e+01 2.557491129494182669e+00 -1.116128749461614689e+02
7.460143812173042477e+01 -4.361784487886092299e-01 -1.140934145264281057e+02
7.440581092380098482e+01 -3.871475640981404398e-01 -1.142624724194111394e+02
7.421203431713894361e+01 -3.001651151186796040e-01 -1.144180047391860171e+02
7.403061640141626754e+01 -1.803450769758475070e-01 -1.145484204687366230e+02
7.386642066269054396e+01 -3.821251845042653028e-02 -1.146478933092422778e+02
7.371947346635364795e+01 1.132258685174114682e-01 -1.147158894026908200e+02
7.358748756758679122e+01 2.615418397647037430e-01 -1.147551375016496280e+02
7.346807624120911839e+01 3.970115216142244274e-01 -1.147700345458221705e+02
7.336006671598333639e+01 5.134556932668298268e-01 -1.147659151394376096e+02
7.326398665062622229e+01 6.080570558236986223e-01 -1.147487877342968403e+02
7.139333008490297061e+01 3.565264400083458352e+00 -1.172936556147326002e+02
7.120441764271866703e+01 3.506157066789392207e+00 -1.174535027666120044e+02
7.102023261301590651e+01 3.412465093517490278e+00 -1.175974157285015593e+02
7.084900297976975025e+01 3.290221224228107477e+00 -1.177161503649072500e+02
7.069398293798333555e+01 3.149707157727292817e+00 -1.178056174422082307e+02
7.055465219907750907e+01 3.002834084883440724e+00 -1.178660093380769069e+02
7.042888120668038709e+01 2.860608766252753732e+00 -1.179000904183976672e+02
7.031470496425512806e+01 2.731489291077675130e+00 -1.179119873281326818e+02
7.021131442844927051e+01 2.620758474083785483e+00 -1.179066557034572895e+02
7.011942533913426701e+01 2.530774012304176424e+00 -1.178896617339965331e+02
6.822134509058511753e+01 -4.165439803802878926e-01 -1.204616587751536514e+02
6.803862744582565369e+01 -3.543688850153647318e-01 -1.206147585963158946e+02
6.786140930815729178e+01 -2.601480350204339320e-01 -1.207517075966527074e+02
6.769681423912014395e+01 -1.399096044789412963e-01 -1.208644753440233046e+02
6.754757189615419577e+01 -3.324461532620713068e-03 -1.209496465840941539e+02
6.741317784060382223e+01 1.386277075403488102e-01 -1.210075600875082529e+02
6.729177993692481152e+01 2.758511721021810192e-01 -1.210408353838893305e+02
6.718169164221687595e+01 4.005752477098757924e-01 -1.210533375333368156e+02
6.708226283992048877e+01 5.078784215375685696e-01 -1.210496945835440528e+02
6.699417208642783805e+01 5.954939508497840706e-01 -1.210350738238011701e+02
6.508259448488952614e+01 3.558840656386407453e+00 -1.236007922957138589e+02
6.490445409313178970e+01 3.499153416611679557e+00 -1.237503442202366557e+02
6.473129746742604596e+01 3.408925216165857641e+00 -1.238848554117747796e+02
6.457004795239753037e+01 3.293664505658297603e+00 -1.239966252542361644e+02
6.442359962690917996e+01 3.162319907700938959e+00 -1.240822182152475079e+02
6.429177406823254159e+01 3.025174738874325531e+00 -1.241417757368770935e+02
6.417301878027717521e+01 2.891823247596203572e+00 -1.241776834689762978e+02
6.406581552083132181e+01 2.769804817841799771e+00 -1.241935675337087019e+02
6.396950777305261227e+01 2.664047774308277550e+00 -1.241937854436161786e+02
6.388459573571081762e+01 2.576996291647629000e+00 -1.241831668294297941e+02
6.197253342657041486e+01 -4.245394594583907222e-01 -1.267149557174820416e+02
6.179751182547489918e+01 -3.717002018741075164e-01 -1.268636284364547180e+02
6.162597052794622243e+01 -2.890206621608581994e-01 -1.269993483937767991e+02
6.146526464080693586e+01 -1.811273962282428929e-01 -1.271141116733264198e+02
6.131896517848706907e+01 -5.616541886037813153e-02 -1.272039320114509877e+02
6.747066621167894596e+01 7.611527979102443442e-02 -1.272684591274006323e+02
6.735279455286884343e+01 2.063205825978167707e-01 -1.273097441954478768e+02
6.724711931915125263e+01 3.268219729673271789e-01 -1.273311840590585149e+02
6.715287922144987931e+01 4.324019343855708408e-01 -1.273369168615804625e+02
6.707031097771066186e+01 5.202289469862215743e-01 -1.273315063846609689e+02
6.516923483797249617e+01 3.576584324325389641e+00 -1.298079815426903849e+02
6.499672768744463269e+01 3.534061546916290819e+00 -1.299572727558846452e+02
6.482520105992523440e+01 3.461994804832324579e+00 -1.300966405006024047e+02
6.466285008820000257e+01 3.363793948330408679e+00 -1.302173588852602109e+02
6.451437504438406734e+01 3.246644376681993460e+00 -1.303144202721604188e+02
7.066426695427723814e+01 3.119795856107166365e+00 -1.303866434035747375e+02
7.054543310028778080e+01 2.992611593362678679e+00 -1.304355799017215816e+02
7.043975644366175004e+01 2.873037349945849250e+00 -1.304643597070682404e+02
7.034633262860032232e+01 2.766804153330545191e+00 -1.304769384869321129e+02
7.026508983048110224e+01 2.677304641702804133e+00 -1.304776860433508432e+02
6.838420375084331226e+01 -4.444141030809623527e-01 -1.328837063225583677e+02
6.821477430527579600e+01 -4.148846612304312176e-01 -1.330337065457531764e+02
6.804278085484875760e+01 -3.561628415551597038e-01 -1.331777689165766390e+02
6.787738820225804659e+01 -2.701053389721544407e-01 -1.333063066797469673e+02
6.772481377055528640e+01 -1.626572646605233818e-01 -1.334128824850846513e+02
6.758766132140389971e+01 -4.244821833159446306e-02 -1.334950610310417005e+02
7.374912931117630421e+01 8.116041771134292759e-02 -1.335536215463012581e+02
7.364176770992952470e+01 1.997672442981024976e-01 -1.335913137654373770e+02
7.354773537250514437e+01 3.069558845661961577e-01 -1.336119100428694537e+02
7.346664324293740833e+01 3.986083198725987042e-01 -1.336196448451799199e+02
7.161200298616439852e+01 3.590475620571854876e+00 -1.359461668370935570e+02
7.144740705399078706e+01 3.575753285835139295e+00 -1.360956169352561744e+02
7.127577699690588986e+01 3.532683098353052387e+00 -1.362439347065660513e+02
7.110698547656480173e+01 3.461276107019431336e+00 -1.363809190766488086e+02
7.094898614450448804e+01 3.365854087044021892e+00 -1.364984711772144124e+02
7.080613981797617384e+01 3.254129205270814396e+00 -1.365924262085889609e+02
7.696278624988636352e+01 3.135339627111940697e+00 -1.366623778707566146e+02
7.685193356429633127e+01 3.018369346886668581e+00 -1.367104687052247414e+02
7.675571799726181155e+01 2.910441534327432578e+00 -1.367402197881237385e+02
7.667346576865107011e+01 2.816556080356245939e+00 -1.367557585610512660e+02
7.798877478691554188e+01 3.586963540955364849e+00 -1.358579977932694760e+02
7.783169025143712361e+01 3.587881166924800969e+00 -1.360046389126232498e+02
7.766257763352625432e+01 3.562106219577146682e+00 -1.361553539659246894e+02
7.749132226122188172e+01 3.507669427914673399e+00 -1.363000182271314884e+02
7.732746828924436500e+01 3.426857730617105968e+00 -1.364290036124270671e+02
7.717752348334430224e+01 3.326004531765690331e+00 -1.365360172510103212e+02
7.704432421535501874e+01 3.213920197777711429e+00 -1.366189253493877800e+02
8.321129180511047707e+01 3.099869813325159651e+00 -1.366788789318937631e+02
8.311119168819554659e+01 2.991930895858760930e+00 -1.367189739731234397e+02
8.302633799898553946e+01 2.896118067271331142e+00 -1.367432026981645095e+02
8.410375172380656750e+01 3.587024967327499869e+00 -1.360147756069315790e+02
8.388416491685656240e+01 3.545889977619754330e+00 -1.362083831856585334e+02
8.366177929850191219e+01 3.455254696548752058e+00 -1.363899248953059384e+02
8.345379057427244618e+01 3.320703910885741017e+00 -1.365406373191041496e+02
8.326837711207095083e+01 3.157632023572710445e+00 -1.366510650557715394e+02
8.310550844886121524e+01 2.985604792921081163e+00 -1.367208891460223583e+02
8.296171297115741083e+01 2.822320793775707770e+00 -1.367550776741255163e+02
8.283397991027459284e+01 2.680013262265942053e+00 -1.367609902423508288e+02
8.272159864722760858e+01 2.564746855327767250e+00 -1.367471463702018184e+02
8.262628040201420276e+01 2.477605644593456891e+00 -1.367225697401002549e+02
8.087463269336001304e+01 -4.345692937957232882e-01 -1.392350377684976763e+02
8.066171199388732305e+01 -3.773003918969603521e-01 -1.394179138314570707e+02
8.045212771344404246e+01 -2.752011786525043191e-01 -1.395832762567958980e+02
8.025882175056858614e+01 -1.362801670203281912e-01 -1.397167799379760140e+02
8.636985195754928668e+01 2.422753350481496315e-02 -1.398125552066674118e+02
8.621774589310109604e+01 1.889143993424312329e-01 -1.398717190821313920e+02
8.608258053527490006e+01 3.428379502999789885e-01 -1.398992253800516607e+02
8.596208609708224913e+01 4.760224338051127213e-01 -1.399018424207449982e+02
8.585606086057276798e+01 5.837270138222192539e-01 -1.398872897878525237e+02
8.576631112913682387e+01 6.653258797184663509e-01 -1.398636698094360042e+02
8.396520808512521228e+01 3.566460562008938240e+00 -1.424215844959597632e+02
8.376070541350610199e+01 3.501983667243794951e+00 -1.425944621768894365e+02
8.356195647929246206e+01 3.397017846448740830e+00 -1.427482754574411672e+02
8.337936966854385901e+01 3.260051213649503232e+00 -1.428714291299012018e+02
8.949965903507779785e+01 3.105240803034444053e+00 -1.429596785648863317e+02
8.935528196736767370e+01 2.948100152619044678e+00 -1.430145001797644113e+02
8.922679910139225967e+01 2.801734508346652941e+00 -1.430405284725692638e+02
8.911239678310028012e+01 2.674889764949121229e+00 -1.430439431980279608e+02
8.901201870809309469e+01 2.571785776322192518e+00 -1.430317348568350155e+02
8.892726836987075956e+01 2.493067048847798617e+00 -1.430111721447402431e+02
8.709022658062190203e+01 -4.211795019060672884e-01 -1.455776350092987173e+02
8.689331975610640768e+01 -3.565847581697902946e-01 -1.457433432785374805e+02
8.670237565543199310e+01 -2.546721451795639912e-01 -1.458907230039246201e+02
8.652671995200574884e+01 -1.233864424489913708e-01 -1.460094829320602798e+02
9.265286440941855517e+01 2.440425897880769274e-02 -1.460958225700916842e+02
9.251362282400839376e+01 1.746315667896006785e-01 -1.461510469383245550e+02
9.238999976300469541e+01 3.152727608423502303e-01 -1.461793620333166928e+02
9.228040758774092467e+01 4.381038322576543131e-01 -1.461864166425163774e+02
9.218470279595508998e+01 5.389208779490670675e-01 -1.461785738640854504e+02
9.210413624730836091e+01 6.167716241283978107e-01 -1.461623996225361850e+02
9.024504433736075271e+01 3.565736858931846776e+00 -1.487076970062951489e+02
9.005423179224779062e+01 3.506262252839804194e+00 -1.488692183934793150e+02
8.986821875214535282e+01 3.411502590374560828e+00 -1.490145054647863390e+02
8.969623228061200848e+01 3.288318214578580978e+00 -1.491335619887142059e+02
8.954209497269762608e+01 3.148275416644378932e+00 -1.492222761414232934e+02
8.940560297880385576e+01 3.004376871036511520e+00 -1.492814422581494682e+02
8.928498538475153623e+01 2.868092206186521498e+00 -1.493147716695641805e+02
8.917874223033189196e+01 2.747595460189338645e+00 -1.493274430990718429e+02
8.908651787492773622e+01 2.647409518425578145e+00 -1.493253077628291976e+02
8.900914313858720561e+01 2.568981564267061923e+00 -1.493143706036581477e+02
8.714119514757773288e+01 -4.316814936302245664e-01 -1.518161298909982406e+02
8.695532744938756764e+01 -3.811543374272597928e-01 -1.519756348255808973e+02
8.677203151504245682e+01 -2.966067065705073058e-01 -1.521219816700199488e+02
8.660105567108624314e+01 -1.834616400034874695e-01 -1.522448148198837430e+02
8.644722735531311741e+01 -5.194945105493670862e-02 -1.523391491442615973e+02
9.259439521657776595e+01 8.575845973274096035e-02 -1.524049512331816061e+02
9.247486442878171431e+01 2.184299813091955256e-01 -1.524453480762194317e+02
9.237036401115790341e+01 3.376189021059811113e-01 -1.524650823385308342e+02
9.228027770282861297e+01 4.382452486736119757e-01 -1.524696000122380326e+02
9.220500117766688675e+01 5.182245872565729439e-01 -1.524644851298211563e+02
9.033989556585638070e+01 3.582094204991748132e+00 -1.549068532038603223e+02
9.015864201667703526e+01 3.543297243024252641e+00 -1.550653499909836341e+02
8.997675296767828002e+01 3.471432753148599115e+00 -1.552146209299933730e+02
8.980480203627449498e+01 3.370190650573758884e+00 -1.553436125228201945e+02
8.964904265871614086e+01 3.248332427573677350e+00 -1.554460037089478988e+02
9.579450475538185117e+01 3.117236957038057810e+00 -1.555205779998218816e+02
9.567409727415004284e+01 2.988075729011726800e+00 -1.555697024695700463e+02
9.556963737339670217e+01 2.869768426550578067e+00 -1.555976696363233884e+02
9.548025222135245826e+01 2.768128982276374384e+00 -1.556095989907801993e+02
9.540591093901319653e+01 2.686009320596316474e+00 -1.556107765783986281e+02
9.355309733860745780e+01 -4.471646022642353224e-01 -1.579834944508617980e+02
9.337709707784036084e+01 -4.220224314401768151e-01 -1.581407971957881102e+02
9.319635356026397233e+01 -3.648857384530199144e-01 -1.582935639143997832e+02
9.302223657680146118e+01 -2.774517098387941361e-01 -1.584300448182654861e+02
9.286273349661198040e+01 -1.667611896540286132e-01 -1.585422415590352045e+02
9.272127173842450532e+01 -4.327733179835489830e-02 -1.586273310741023579e+02
9.888120235609059705e+01 8.187556923027713984e-02 -1.586866403583575789e+02
9.877501375511297965e+01 1.991964058926613546e-01 -1.587239119890541303e+02
9.868482373776622296e+01 3.019941317566844918e-01 -1.587439705537191799e+02
9.861020474959930482e+01 3.865248326094314901e-01 -1.587519016906353784e+02
9.677620060399567592e+01 3.590291354853948125e+00 -1.610495479732100534e+02
9.660699073288223815e+01 3.579923174370600591e+00 -1.612044545491147289e+02
9.642825079644183006e+01 3.539104997856535650e+00 -1.613600446307488596e+02
9.625173533805285331e+01 3.467364879522690124e+00 -1.615042606001206025e+02
9.608725831249607552e+01 3.369687831590144622e+00 -1.616273128753482240e+02
9.594026844967794432e+01 3.255331009716702972e+00 -1.617243247168783569e+02
1.020954195802364666e+02 3.135231028665300013e+00 -1.617951723849590167e+02
1.019856919215721263e+02 3.019485351816574070e+00 -1.618428327989496722e+02
1.018931311098009047e+02 2.915759612952906199e+00 -1.618717970902096965e+02
1.018169707063091778e+02 2.828820389512384015e+00 -1.618870080934508167e+02
1.031464508130528515e+02 3.584480517480697959e+00 -1.609668089262826811e+02
1.029862108569150649e+02 3.589213036276926339e+00 -1.611174418849808490e+02
1.028113922764801202e+02 3.565731619361947491e+00 -1.612740873444228669e+02
1.026333626942335968e+02 3.511387983399266943e+00 -1.614251374457818713e+02
1.024634887378477828e+02 3.428768383370058181e+00 -1.615592737309415554e+02
1.023095723149637024e+02 3.325476524812208901e+00 -1.616692223695505390e+02
1.021749435422067620e+02 3.211967027111321649e+00 -1.617528742223124993e+02
1.083430311401702966e+02 3.098828673832269676e+00 -1.618120778553704895e+02
1.082464738763515868e+02 2.994754443496813412e+00 -1.618508457355878249e+02
1.081674423476154203e+02 2.905654483860506510e+00 -1.618739825598824496e+02
1.092027956806285829e+02 3.583707456388718793e+00 -1.611780331015340266e+02
1.089584851904512277e+02 3.527046854116344665e+00 -1.613904105597355283e+02
1.087155775331175676e+02 3.410150322210082408e+00 -1.615825020403266024e+02
1.084948274796669523e+02 3.245023988245360425e+00 -1.617314525754377996e+02
1.145860890617994698e+02 3.056419385230989771e+00 -1.618295049059456971e+02
1.144202216213353722e+02 2.870943687539824651e+00 -1.618806518189100245e+02
1.142759601491319614e+02 2.708304901039028767e+00 -1.618944298905762480e+02
1.141514811206523063e+02 2.578375738038827691e+00 -1.618825329751800268e+02
1.140482808043483374e+02 2.482837832077524620e+00 -1.618571999303460132e+02
1.139695810072441304e+02 2.418517047441565371e+00 -1.618296048310914728e+02
1.122719207137354687e+02 -4.313135848436257525e-01 -1.643842803493583347e+02
1.120382579158761303e+02 -3.617349647685161873e-01 -1.645829911494961380e+02
1.118114061688687713e+02 -2.391042720395615551e-01 -1.647573970629076712e+02
1.116068468673275760e+02 -7.691314442410078500e-02 -1.648903961976099595e+02
1.177117330100912511e+02 1.023832862745128608e-01 -1.649775150840461322e+02
1.175569706340535703e+02 2.761843850721017457e-01 -1.650231883365566716e+02
1.174222201138236983e+02 4.281698227312925598e-01 -1.650360452256899464e+02
1.173062042186696630e+02 5.502035583066463564e-01 -1.650263813288057406e+02
1.172102535501891509e+02 6.408754876825117908e-01 -1.650048208206446816e+02
1.171369836166309994e+02 7.028110972795140743e-01 -1.649809724012940251e+02
1.153774560751328977e+02 3.565664849993515073e+00 -1.675575407853576735e+02
1.151549961427920863e+02 3.492666280959488834e+00 -1.677447181630020623e+02
1.149408477079552142e+02 3.372460627283578649e+00 -1.679076439469419881e+02
1.147477730304856891e+02 3.217896676336112982e+00 -1.680323712979567290e+02
1.208622166490840328e+02 3.048826501268691924e+00 -1.681155668225584634e+02
1.207156556396453340e+02 2.884937705112449180e+00 -1.681613040880026517e+02
1.205884030204402677e+02 2.740613399504969294e+00 -1.681772393980932918e+02
1.204793152906505469e+02 2.623348133597254606e+00 -1.681724459021033340e+02
1.203892969771104902e+02 2.534860638279721190e+00 -1.681562028196300389e+02
1.203202988594796068e+02 2.473252665364326308e+00 -1.681368799952788891e+02
1.185146784481519546e+02 -4.231098142069616985e-01 -1.707029485372460442e+02
1.183019967283491241e+02 -3.534492345244646949e-01 -1.708819485430395559e+02
1.180969710830050161e+02 -2.406967530031559055e-01 -1.710388779905669310e+02
1.179113553484477421e+02 -9.613504143413836855e-02 -1.711611434652479886e+02
1.240319111225651199e+02 6.276536498315644919e-02 -1.712453673999899877e+02
1.238908732004886275e+02 2.183366630698988231e-01 -1.712948823478834584e+02
1.237690135955198230e+02 3.571959325923569351e-01 -1.713164111860905052e+02
1.236651131703926296e+02 4.718447236474298534e-01 -1.713180104512601929e+02
1.235795680832894448e+02 5.599543345610739076e-01 -1.713079009957441485e+02
1.235136906301824382e+02 6.226166061347412350e-01 -1.712935110523563651e+02
1.216778209808644817e+02 3.569270492964530472e+00 -1.738256802008846762e+02
1.214732222072112080e+02 3.507508946019891383e+00 -1.739994549920650684e+02
1.212742908989727368e+02 3.405393560916997409e+00 -1.741545199154443253e+02
1.210928163940598097e+02 3.272247693263042656e+00 -1.742784980789122358e+02
1.272164871089801323e+02 3.123417260120828765e+00 -1.743672358082201299e+02
1.270784361640934321e+02 2.975138152490299781e+00 -1.744230695955435237e+02
1.269598272639079966e+02 2.840363016728352896e+00 -1.744518266049374802e+02
1.268592959920516137e+02 2.726976041426754094e+00 -1.744607327186751604e+02
1.267767381875843000e+02 2.638101647120096871e+00 -1.744572070130842008e+02
1.267128808221816314e+02 2.573496655479445838e+00 -1.744479907426737952e+02
1.248614510229966186e+02 -4.353095224303422106e-01 -1.769301333128380804e+02
1.246637314006263324e+02 -3.844942707294071171e-01 -1.771006407565719201e+02
1.244686848113930751e+02 -2.952216550095465575e-01 -1.772565946806577131e+02
1.242887103861930882e+02 -1.746344402987546340e-01 -1.773851807124116817e+02
1.241296877212831049e+02 -3.608394387375221668e-02 -1.774809352109202223e+02
1.239922275920393417e+02 1.053048972776081393e-01 -1.775449389008122694e+02
1.238747571629459401e+02 2.366773115358687118e-01 -1.775821013707908946e+02
1.237757863130036782e+02 3.495327544602677694e-01 -1.775989526130256593e+02
1.236947555573378992e+02 4.398269226525796105e-01 -1.776023186387489545e+02
1.236318606524230290e+02 5.069114696777921036e-01 -1.775984609254327609e+02
1.217776323159556284e+02 3.584643164142961247e+00 -1.800199492692686931e+02
1.215863709028740942e+02 3.546793070514175916e+00 -1.801880424223297155e+02
1.213939067383583108e+02 3.472034912292004449e+00 -1.803463938407057015e+02
1.212134755187898634e+02 3.365162088545952113e+00 -1.804814664090358463e+02
1.210526952859838019e+02 3.237502730605990031e+00 -1.805860711362356312e+02
1.271967753063850637e+02 3.103175177131869855e+00 -1.806597127050390270e+02
1.270783947210804854e+02 2.975091167088867561e+00 -1.807062687750102725e+02
1.269792144886321950e+02 2.862512148743437734e+00 -1.807316325948742417e+02
1.268982874490179142e+02 2.770501261119394876e+00 -1.807421908799720995e+02
1.268353320096772023e+02 2.700657359057318185e+00 -1.807438934625713500e+02
1.249885986474201047e+02 -4.481279861118874219e-01 -1.830982540243538779e+02
1.248042052095018022e+02 -4.245002459152789065e-01 -1.832637816323453137e+02
1.246139845706936740e+02 -3.655792745935810828e-01 -1.834249121452680811e+02
1.244318805202675122e+02 -2.736605784778548545e-01 -1.835674670383050682e+02
1.242675103472973746e+02 -1.578848000785597061e-01 -1.836822423130580830e+02
1.241247084772962381e+02 -3.128147637212415344e-02 -1.837667754509211875e+02
1.302866252436972729e+02 9.316481539445170545e-02 -1.838236791031697237e+02
1.301855026398864936e+02 2.053513364253705675e-01 -1.838581761178759564e+02
1.301032820753701742e+02 2.991034050832327984e-01 -1.838763031543863349e+02
1.300392537069734828e+02 3.717963760963919895e-01 -1.838838285343620953e+02
1.282074868029243930e+02 3.589839695526990671e+00 -1.861678538640277623e+02
1.280311100013105943e+02 3.581059478418912700e+00 -1.863298636012158909e+02
1.278437522315622061e+02 3.538970543251914513e+00 -1.864931455849930444e+02
1.276596005878906794e+02 3.463295248469654641e+00 -1.866433183409899641e+02
1.274903223418531297e+02 3.360716056441197530e+00 -1.867690950647820216e+02
1.273419962280084690e+02 3.242920916899551198e+00 -1.868656210777088802e+02
1.334991241332460845e+02 3.122859087144451706e+00 -1.869338704128446409e+02
1.333943455602494907e+02 3.011489549159763524e+00 -1.869782431462901968e+02
1.333094320328861784e+02 2.916185620979926618e+00 -1.870044438070161448e+02
1.332433021239675668e+02 2.840693472665790864e+00 -1.870181506384428474e+02
1.345725508782548161e+02 3.583271773428271079e+00 -1.860897299124291067e+02
1.344058726887151636e+02 3.589395210504317646e+00 -1.862467516127314013e+02
1.342229046757080368e+02 3.564760772040829195e+00 -1.864106824476989459e+02
1.340372722529931195e+02 3.506565786576265609e+00 -1.865677228274666675e+02
1.338624204839883873e+02 3.418731963006892194e+00 -1.867047670038623437e+02
1.337070532380154759e+02 3.311200132001536289e+00 -1.868142030597356609e+02
1.335743894632184947e+02 3.196624564804174895e+00 -1.868948611738956060e+02
1.397474181307537719e+02 3.086771662481881506e+00 -1.869500136611118819e+02
1.396583793731876426e+02 2.990285023342543091e+00 -1.869849590828686132e+02
1.395890753576407519e+02 2.912154349955511812e+00 -1.870053307243922802e+02
1.405634353530069518e+02 3.575919522311518328e+00 -1.863602209882725731e+02
1.402900091083182303e+02 3.493667805529426573e+00 -1.865924427669155534e+02
1.400279450967207424e+02 3.339947397961440689e+00 -1.867889477869549353e+02
1.460825556047210512e+02 3.140088905821809551e+00 -1.869255129407430900e+02
1.458896975782425613e+02 2.931969177574543117e+00 -1.870008013054114144e+02
1.457270263852902303e+02 2.747167313538463329e+00 -1.870265712449501905e+02
1.455910969266763573e+02 2.601984197158833112e+00 -1.870191774385632755e+02
1.454827961924771103e+02 2.499125424672072437e+00 -1.869954591999942579e+02
1.454049217356941313e+02 2.433684345778710512e+00 -1.869697624029891188e+02
1.453588302571755833e+02 2.398419271803588604e+00 -1.869515453086198420e+02
1.436492486250337777e+02 -4.235148699679464612e-01 -1.895509086172498314e+02
1.433924758732658518e+02 -3.340485728140915600e-01 -1.897653069011030311e+02
1.431502540782465758e+02 -1.838665631730357075e-01 -1.899435714816492009e+02
1.492222692371980486e+02 3.387664369295675937e-03 -1.900680407279670874e+02
1.490434644391708900e+02 1.958399317313783694e-01 -1.901389905511788356e+02
1.488927089044713625e+02 3.674045138914721620e-01 -1.901667239173183646e+02
1.487671881551739546e+02 5.042195091356357350e-01 -1.901650995976683589e+02
1.486672316771778810e+02 6.033629740502541861e-01 -1.901482021476792568e+02
1.485946154670324120e+02 6.683542284690071611e-01 -1.901280230948290466e+02
1.485501435550108624e+02 7.050225574382587013e-01 -1.901126985366369979e+02
1.467699973600587384e+02 3.560300585425900444e+00 -1.927106369724563422e+02
1.465283250563540776e+02 3.472855372124319828e+00 -1.929114410306308400e+02
1.463009151815326732e+02 3.332328182102492597e+00 -1.930790654604141423e+02
1.461018696071718352e+02 3.159243117705476500e+00 -1.931988856948325122e+02
1.459329385907675203e+02 2.980669231259769347e+00 -1.932710192708424586e+02
1.457908663832957927e+02 2.819245540149215135e+00 -1.933041130206182174e+02
1.456730810005385024e+02 2.687834396648133506e+00 -1.933099494547098232e+02
1.455792655337209567e+02 2.590120334273913638e+00 -1.933005067033671196e+02
1.455103065352119529e+02 2.523988401404679838e+00 -1.932860610168933135e+02
1.454665386677235119e+02 2.484857302193674400e+00 -1.932738405999126599e+02
1.436356363131954197e+02 -4.204231846038264386e-01 -1.958459508277288137e+02
1.434064642310385409e+02 -3.406834478965330981e-01 -1.960373780375160777e+02
1.431895303502521131e+02 -2.129033552661350193e-01 -1.961999714696570436e+02
1.429983278307507248e+02 -5.424184878350012812e-02 -1.963201037871825463e+02
1.491188442349499326e+02 1.119738938743040507e-01 -1.963968602902794203e+02
1.489824228093962404e+02 2.652983608642589530e-01 -1.964372272850710033e+02
1.488698001169639440e+02 3.931070902360518371e-01 -1.964512981385137493e+02
1.487800748652480536e+02 4.907141305858616076e-01 -1.964494816156943955e+02
1.487133850180170214e+02 5.588913694117300102e-01 -1.964408309207591401e+02
1.486696512327390849e+02 6.010901796259127128e-01 -1.964319499128479265e+02
1.468062538378429736e+02 3.568392787560662693e+00 -1.989622018722548944e+02
1.465872326419154490e+02 3.499736200940280817e+00 -1.991474568210803682e+02
1.463773867442392884e+02 3.386328718145247496e+00 -1.993088421490007534e+02
1.461905715268253232e+02 3.242055516605911070e+00 -1.994325764052338741e+02
1.523142219091157870e+02 3.087225846147028108e+00 -1.995161921662821953e+02
1.521806958056501742e+02 2.940820799623433235e+00 -1.995650103230615855e+02
1.520708703416921708e+02 2.815622471860152576e+00 -1.995877183635108736e+02
1.519833790680991967e+02 2.717424696585932331e+00 -1.995935601386264864e+02
1.519177401545114776e+02 2.646746413145988797e+00 -1.995907343394189297e+02
1.518734894145911767e+02 2.601184616148533468e+00 -1.995854296248604101e+02
1.499935531561274331e+02 -4.352059745109792543e-01 -2.020634425576313902e+02
1.497830381557556905e+02 -3.796370614388830944e-01 -2.022445567055946753e+02
1.495778331712064073e+02 -2.815798103469059344e-01 -2.024071571966900933e+02
1.493926718431398228e+02 -1.517651234441884656e-01 -2.025366842236216769e+02
1.492335751858646802e+02 -7.892722256943861606e-03 -2.026287330457587075e+02
1.491004656795587380e+02 1.321341629388064487e-01 -2.026868723039632982e+02
1.489913004013217801e+02 2.551578608586112518e-01 -2.027185398799911979e+02
1.489043668653547172e+02 3.542426906039730650e-01 -2.027320972374790813e+02
1.488386679483512580e+02 4.275970731436038452e-01 -2.027351577409358470e+02
1.487933827917790381e+02 4.766152872550089015e-01 -2.027336592712358936e+02
1.469102991584144888e+02 3.584634775060186573e+00 -2.051527575360420883e+02
1.467074667033307662e+02 3.543344395045495254e+00 -2.053306990941441370e+02
1.465053609316454981e+02 3.461354213942183566e+00 -2.054958390119377327e+02
1.463197727892786588e+02 3.346295192596477008e+00 -2.056325880556057086e+02
1.461588143573250989e+02 3.213416139098917768e+00 -2.057342761117815542e+02
1.523070771135734844e+02 3.079705588217016565e+00 -2.058025240232037731e+02
1.521966133668807686e+02 2.958788033270079776e+00 -2.058435424061540289e+02
1.521086960047602190e+02 2.858786863469472195e+00 -2.058649790395811863e+02
1.520418958196293886e+02 2.782756594316430299e+00 -2.058740595148518651e+02
1.519950510955167715e+02 2.730311810755190027e+00 -2.058766038803185268e+02
1.501196015057537352e+02 -4.480568317259381317e-01 -2.082325959389117145e+02
1.499244181086415608e+02 -4.217160373116900507e-01 -2.084074525919772896e+02
1.497247386192992167e+02 -3.563986355485742608e-01 -2.085755480145417664e+02
1.495372933311647898e+02 -2.566357742541129361e-01 -2.087203419011035805e+02
1.493725468033808852e+02 -1.351834770038996547e-01 -2.088326425839196929e+02
1.492337858077190447e+02 -8.101310023936303048e-03 -2.089118110841795328e+02
1.491201973462177932e+02 1.104983712802357076e-01 -2.089627121517573016e+02
1.490298309317772123e+02 2.112785189772918848e-01 -2.089923445940824251e+02
1.489609145143604962e+02 2.898777419846234604e-01 -2.090076795950868984e+02
1.489119500854903322e+02 3.456546381292848746e-01 -2.090145286923574304e+02
1.501939255989044000e+02 -4.484110089969104984e-01 -2.081634358815438475e+02
1.500070640889351239e+02 -4.373094085585002011e-01 -2.083345968971746345e+02
1.498099942548984416e+02 -3.891974831152139602e-01 -2.085052624895647853e+02
1.496199484020598902e+02 -3.054869410183236322e-01 -2.086583533356403564e+02
1.494498765665628923e+02 -1.962442260400759642e-01 -2.087820346326826950e+02
1.493054232262203982e+02 -7.642407375815445103e-02 -2.088730007426632085e+02
1.554701331119456427e+02 3.942921277093345417e-02 -2.089344959098350216e+02
1.553758788767347596e+02 1.407220645316234475e-01 -2.089728202089659135e+02
1.553038162523141921e+02 2.217273093330700551e-01 -2.089947673082624249e+02
1.552521238866891622e+02 2.807089448605527005e-01 -2.090062329428512271e+02
1.565556055579465351e+02 -4.426501565184171039e-01 -2.080886946956239001e+02
1.563783153367522800e+02 -4.467539568070706957e-01 -2.082550496239548465e+02
1.561848624858607764e+02 -4.162747209681172400e-01 -2.084271843150899599e+02
1.559922282652058527e+02 -3.495319015470744195e-01 -2.085882180277552607e+02
1.558157427478522266e+02 -2.535964445506949105e-01 -2.087237925830718268e+02
1.556639119207508202e+02 -1.419811437407499100e-01 -2.088274866597028279e+02
1.555388137223456226e+02 -2.951867394506181227e-02 -2.089004818493386608e+02
1.617223862789904274e+02 7.191883220348500860e-02 -2.089481989703573106e+02
1.616460953682622517e+02 1.551295685197191798e-01 -2.089772630404187623e+02
1.615909948414261237e+02 2.171894309663450762e-01 -2.089937298647026296e+02
1.624642886073150692e+02 -4.153269430797776329e-01 -2.084304323872437124e+02
1.621621762163372580e+02 -2.920295597484194872e-01 -2.086767899723535891e+02
1.618903888089752172e+02 -9.322684283026892726e-02 -2.088621836449585487e+02
1.679488764752373697e+02 1.333976847589459502e-01 -2.089704693910482547e+02
1.677669615761772945e+02 3.394651672038460632e-01 -2.090139351708285744e+02
1.676221401364567782e+02 4.985825546010454468e-01 -2.090151849805393169e+02
1.675136135844283558e+02 6.063336779119573583e-01 -2.089970091196692863e+02
1.674422934471441238e+02 6.699518472717939099e-01 -2.089769755766376989e+02
1.674065805954058987e+02 6.995061165884458587e-01 -2.089647641725906055e+02
1.674013208674754196e+02 7.037274865086037279e-01 -2.089628503718106458e+02
1.655710705749737883e+02 3.547487921418020829e+00 -2.116019182401659293e+02
1.652931076645357109e+02 3.427467761548214309e+00 -2.118264405575964417e+02
1.650439726359612678e+02 3.245443561855074321e+00 -2.119966491479087551e+02
1.711200618228172914e+02 3.040569307409549449e+00 -2.121009111151981017e+02
1.709521976315931511e+02 2.851868573629734893e+00 -2.121492487265163618e+02
1.708188165480938494e+02 2.701952433308592916e+00 -2.121598407102115686e+02
1.707182318491919375e+02 2.596344374151938972e+00 -2.121510625180665670e+02
1.706501624702069648e+02 2.530562956989250711e+00 -2.121373856403519369e+02
1.706129467782832023e+02 2.496830821705703141e+00 -2.121274554412422333e+02
1.706025528523657044e+02 2.487704519547287330e+00 -2.121243881603413115e+02
1.687091513344288387e+02 -4.048775902806767135e-01 -2.147465077798752020e+02
1.684505647772350585e+02 -2.949858703369095392e-01 -2.149560237704728820e+02
1.682175104756353221e+02 -1.313320745011464508e-01 -2.151187012580595024e+02
1.743055375375363099e+02 5.419138745243571448e-02 -2.152240810672285249e+02
1.741470982955592604e+02 2.288648561549849192e-01 -2.152795394422454933e+02
1.740213169792968699e+02 3.720592755709208332e-01 -2.152997717397070687e+02
1.739258514142309195e+02 4.769056153046102864e-01 -2.153000121674041054e+02
1.738595492221775771e+02 5.455240415666174902e-01 -2.152926119718635789e+02
1.738206214402960370e+02 5.837592163929213873e-01 -2.152855065118718301e+02
1.738057556781066353e+02 5.979215289195782823e-01 -2.152822757470405293e+02
1.718704146648537119e+02 3.552013435621197868e+00 -2.178712697029008325e+02
1.716268647324585572e+02 3.455513114818003828e+00 -2.180709529848491002e+02
1.714048379532951856e+02 3.310157251473498263e+00 -2.182310012954166041e+02
1.712171442827273040e+02 3.141937161981599225e+00 -2.183405170873854786e+02
1.710643018088453573e+02 2.979129408336504969e+00 -2.184042112675447243e+02
1.709429253670114690e+02 2.841277553705865877e+00 -2.184339946727983772e+02
1.708502657906920206e+02 2.736588284440734764e+00 -2.184428353944884691e+02
1.707845322498044709e+02 2.664978366182402691e+00 -2.184416227329220703e+02
1.707437581266316329e+02 2.622278341290321446e+00 -2.184378023359229246e+02
1.707250451572822953e+02 2.603202709974900664e+00 -2.184352827198049454e+02
1.687656351723417174e+02 -4.197788118568546167e-01 -2.209810747294195608e+02
1.685337482096896338e+02 -3.381201787541208703e-01 -2.211744643191774742e+02
1.683189556729524270e+02 -2.105234419815210645e-01 -2.213350107493325822e+02
1.681351880489150687e+02 -5.810903802247238681e-02 -2.214505596438120278e+02
1.742679797009376728e+02 9.418140514035565347e-02 -2.215231700955262397e+02
1.741483682050782136e+02 2.274196670843295909e-01 -2.215624080340224396e+02
1.740565938817394169e+02 3.321405400527504548e-01 -2.215795493263901221e+02
1.739903971441754322e+02 4.066270041162131088e-01 -2.215844684857423772e+02
1.739475989703895493e+02 4.535593899367936777e-01 -2.215842897477065492e+02
1.739255044865224704e+02 4.772748893431629780e-01 -2.215831746250493097e+02
1.719568841157498866e+02 3.571920048834487549e+00 -2.240792143687243083e+02
1.717342887442900405e+02 3.505709448863477018e+00 -2.242685464543748992e+02
1.715239602153029068e+02 3.395352920349982817e+00 -2.244315707860439204e+02
1.713413164059091969e+02 3.257771619837197985e+00 -2.245544568774052721e+02
1.774739414847623209e+02 3.115217133525414184e+00 -2.246365517871999202e+02
1.773538644681588607e+02 2.986246710835573470e+00 -2.246852912212891908e+02
1.772613321471354197e+02 2.881521008258351557e+00 -2.247106096759598017e+02
1.771937307032839328e+02 2.804388678372488286e+00 -2.247216712117530619e+02
1.771486549967298743e+02 2.753538611448771434e+00 -2.247254178844085857e+02
1.771234623365411665e+02 2.725521387047968425e+00 -2.247262352036894413e+02
1.751579126277190994e+02 -4.398555998336059480e-01 -2.271679574744569265e+02
1.749431594646471524e+02 -3.893417735437352811e-01 -2.273544635717653080e+02
1.747353757515782888e+02 -2.959031589328495748e-01 -2.275211573791008561e+02
1.745516421704357981e+02 -1.726479243964037236e-01 -2.276523489204952000e+02
1.743986914923543736e+02 -3.946422357042764922e-02 -2.277445261776680923e+02
1.805593831229672901e+02 8.533612846565083454e-02 -2.278030130453676350e+02
1.804646142535515594e+02 1.899419118874677848e-01 -2.278365820095032461e+02
1.803947089613938886e+02 2.694584890040057079e-01 -2.278538903346693019e+02
1.803470197987143138e+02 3.239025578615838397e-01 -2.278618143144794317e+02
1.803188536473599584e+02 3.558703353024735838e-01 -2.278649722148645935e+02
1.783664494538573706e+02 3.588146050850598900e+00 -2.302489535935179958e+02
1.781589176897942934e+02 3.553446594911256806e+00 -2.304330714781219172e+02
1.779525203066456527e+02 3.476854600417718544e+00 -2.306040105190525935e+02
1.777659834380260691e+02 3.367832211165880274e+00 -2.307442456744700223e+02
1.776087027588804403e+02 3.244000094828558112e+00 -2.308471870181163581e+02
1.837651891764508036e+02 3.123451980587764965e+00 -2.309158870880931431e+02
1.836667896459968858e+02 3.019143708203398280e+00 -2.309579868041778923e+02
1.835936751408900705e+02 2.937484122175059831e+00 -2.309817612998756715e+02
1.835429566406563708e+02 2.879737960009683739e+00 -2.309941228824349650e+02
1.835118066601320379e+02 2.844144388452749528e+00 -2.309999547388709686e+02
1.847222893868025153e+02 3.590519510786456259e+00 -2.301818911917562218e+02
1.845221051356135717e+02 3.571702936446303767e+00 -2.303634127150508561e+02
1.843166594377157708e+02 3.512131681845292785e+00 -2.305386249502470832e+02
1.841260813222282877e+02 3.417636259720101766e+00 -2.306884232404262320e+02
1.839627474405944270e+02 3.303457942374464995e+00 -2.308029022766237688e+02
1.838301293206064884e+02 3.187413144577652790e+00 -2.308825100601212910e+02
1.900098934970917242e+02 3.083610401865783057e+00 -2.309336407470677841e+02
1.899326281621487169e+02 3.000016864393717508e+00 -2.309642388313007757e+02
1.898783733664474767e+02 2.939197329683255422e+00 -2.309813394849074086e+02
1.898441128068666615e+02 2.900252188874728354e+00 -2.309901440730785680e+02
1.910822637509501476e+02 3.587287036473805646e+00 -2.301094515598001919e+02
1.908902300034128530e+02 3.584380524364064957e+00 -2.302876360644904992e+02
1.906860429330888564e+02 3.542214475400958129e+00 -2.304666003755712325e+02
1.904906914701027176e+02 3.462906780498704151e+00 -2.306262111829171602e+02
1.903197807857349062e+02 3.359023947193457538e+00 -2.307530646500684099e+02
1.901795371091526476e+02 3.247920558846774330e+00 -2.308445102842961489e+02
1.900696415016356298e+02 3.144873225861263943e+00 -2.309054116937045364e+02
1.899871912464960531e+02 3.059505031983422718e+00 -2.309433534352320692e+02
1.899288039333187612e+02 2.995777018896461641e+00 -2.309655668133362951e+02
1.898912009052833980e+02 2.953690369454327946e+00 -2.309776403313209983e+02
1.906056424045521283e+02 3.514393404882670602e+00 -2.305338546914243807e+02
1.902897188096445404e+02 3.337195599898477916e+00 -2.307737692508534622e+02
1.963133053227791720e+02 3.104719354470506509e+00 -2.309245064296092096e+02
1.961134270324027398e+02 2.884421072510130024e+00 -2.309932543877336002e+02
1.959648916780325862e+02 2.716561490737238849e+00 -2.310094891855911499e+02
1.958628176632917928e+02 2.608297540210436694e+00 -2.310023774732229356e+02
1.958034539909499756e+02 2.549880429749124211e+00 -2.309916969385828338e+02
1.957803571452154756e+02 2.528202832658790644e+00 -2.309863157034954497e+02
1.957847242134165811e+02 2.532254494541378964e+00 -2.309873841256497826e+02
1.958076893745013365e+02 2.553921404731194666e+00 -2.309926108003799072e+02
1.937413947016257509e+02 -3.705224758317653411e-01 -2.336802526420481172e+02
1.934552257578426122e+02 -2.130553851174892821e-01 -2.338989358160000904e+02
1.932175826391489863e+02 -9.587813411779371603e-03 -2.340437893253520656e+02
1.930329046787409482e+02 1.877764764434697586e-01 -2.341191996181096329e+02
1.928947081365373037e+02 3.451313612772192174e-01 -2.341472213534310640e+02
1.927976229447189951e+02 4.530527784591188989e-01 -2.341506766081703290e+02
1.927374202563810002e+02 5.167263859713013829e-01 -2.341460675596660508e+02
1.927087242861078664e+02 5.459062002714119011e-01 -2.341421080855718060e+02
1.927047573887180931e+02 5.498744984482609732e-01 -2.341414733398057706e+02
1.927185507435086151e+02 5.360060844821065151e-01 -2.341435894686357244e+02
1.906174552248793646e+02 3.518893178627468199e+00 -2.368072860819694938e+02
1.903530421142992282e+02 3.381915381437021750e+00 -2.370127250436019040e+02
1.901302148076459844e+02 3.203325088624009442e+00 -2.371563575953848613e+02
1.962382805618470627e+02 3.024753736244293112e+00 -2.372392565227126511e+02
1.961061146380165212e+02 2.876067646576457193e+00 -2.372779723797510769e+02
1.960115189013517636e+02 2.768468170285075747e+00 -2.372909870172894671e+02
1.959500041945661337e+02 2.700257978663676450e+00 -2.372925545319819491e+02
1.959167537085325250e+02 2.664425186744394214e+00 -2.372911447159155500e+02
1.959062123149894603e+02 2.653248950189310840e+00 -2.372903713881441092e+02
1.959126713915886739e+02 2.660085919592355186e+00 -2.372908634775145345e+02
1.937927586886885933e+02 -3.893566388116177501e-01 -2.399207977242647303e+02
1.935441785843519824e+02 -2.719929004840596076e-01 -2.401181701480699360e+02
1.933309947712212136e+02 -1.149101531217242844e-01 -2.402633165381372180e+02
1.994444464797281000e+02 4.773570051542262022e-02 -2.403540598222477342e+02
1.993151260155129307e+02 1.888635880809084733e-01 -2.404026706965746030e+02
1.992211185842821521e+02 2.959079990185241038e-01 -2.404245085488753659e+02
1.991578064111102435e+02 3.678394941404924956e-01 -2.404322360156527338e+02
1.991206482130163522e+02 4.093885128150699382e-01 -2.404340859542121223e+02
1.991048009251657902e+02 4.268821630784531695e-01 -2.404342696620554705e+02
1.991053715270768976e+02 4.262546625792743016e-01 -2.404342692029371733e+02
1.969794944945035979e+02 3.545299160076005318e+00 -2.430242424882557088e+02
1.967424591361598516e+02 3.446328791609208242e+00 -2.432169326470857982e+02
1.965350990952912866e+02 3.308202136785876046e+00 -2.433653687682771078e+02
1.963675810441663998e+02 3.159468132846073196e+00 -2.434642495931338146e+02
1.962386514521712684e+02 3.025159593363561328e+00 -2.435223017273197854e+02
1.961437003891151392e+02 2.918932565953266334e+00 -2.435524969967539448e+02
1.960780734044309668e+02 2.844025836382486627e+00 -2.435663425244318034e+02
1.960373379597556038e+02 2.797637023331394523e+00 -2.435718892114865923e+02
1.960170392182578496e+02 2.774683818205715191e+00 -2.435737649640304880e+02
1.960127932604236491e+02 2.769901928340354313e+00 -2.435740822203675862e+02
1.938916394166169539e+02 -4.181644889437913792e-01 -2.461196609509711379e+02
1.936630851940269622e+02 -3.365047505647699166e-01 -2.463099098487473668e+02
1.934586819253553358e+02 -2.155212309459381137e-01 -2.464629037806113558e+02
1.932908668321113907e+02 -7.929488756003082173e-02 -2.465703025022727957e+02
1.994435105172443627e+02 4.871312048508157078e-02 -2.466376669643220225e+02
1.993462996684099267e+02 1.539124528672808356e-01 -2.466760087460575903e+02
1.992777964764115097e+02 2.311910334031122560e-01 -2.466959711736977852e+02
1.992335779963466678e+02 2.816721294938172582e-01 -2.467055008636757236e+02
1.992093703441718446e+02 3.093197455717094368e-01 -2.467095605524869768e+02
1.992010755823385750e+02 3.187768450463471792e-01 -2.467107604219135339e+02
1.970938104939497180e+02 3.572701623152774619e+00 -2.492082634503293548e+02
1.968716467776568209e+02 3.507590113346862992e+00 -2.493975144154910026e+02
1.966680186086640560e+02 3.402568668304965183e+00 -2.495560457970509276e+02
1.964978194290916917e+02 3.277931084606034329e+00 -2.496724789402799729e+02
1.963639138543441334e+02 3.155861344896196297e+00 -2.497493269731447754e+02
1.962632278235131196e+02 3.051829990778509138e+00 -2.497958464856341720e+02
1.961912335643616814e+02 2.972628513553051910e+00 -2.498220105105840787e+02
1.961434523714200395e+02 2.918650225138798682e+00 -2.498357458161997044e+02
1.961156443335098629e+02 2.886952797989899899e+00 -2.498423312676447949e+02
1.961038354334527298e+02 2.873463068623227201e+00 -2.498448057647404141e+02
1.971601229006770097e+02 3.582849846284487327e+00 -2.491491709638493433e+02
1.969430594524172307e+02 3.533876075229787972e+00 -2.493382644377301460e+02
1.967385734377536437e+02 3.444201211376247240e+00 -2.495031002676994376e+02
1.965641797337426908e+02 3.330657040160731164e+00 -2.496292297394122670e+02
1.964252769372082810e+02 3.214317016822160422e+00 -2.497160145405572678e+02
2.026030970694586415e+02 3.111534703056525686e+00 -2.497709833897778537e+02
2.025269238605506814e+02 3.030714595845654280e+00 -2.498035504474334800e+02
2.024753576247137232e+02 2.973679677595894244e+00 -2.498217110494027224e+02
2.024440796327812393e+02 2.938444982100500535e+00 -2.498310812262834872e+02
2.024291167612993547e+02 2.921468658291140219e+00 -2.498351077563972069e+02
2.035145945670190031e+02 3.589078893740760723e+00 -2.490844055868297744e+02
2.033020784536503811e+02 3.556175170511479688e+00 -2.492736528156451072e+02
2.030955902277061682e+02 3.481745988330773312e+00 -2.494453575057179080e+02
2.029153855513636415e+02 3.379213652765159726e+00 -2.495819771224796284e+02
2.027698649929137957e+02 3.268563462040006584e+00 -2.496794325785724027e+02
2.026585556383479911e+02 3.167082390347507381e+00 -2.497433729193939769e+02
2.088605957753927385e+02 3.084816244783053385e+00 -2.497826909328116187e+02
2.088048963160152596e+02 3.025021954615757735e+00 -2.498055345868219490e+02
2.087701476122507813e+02 2.986643708307337164e+00 -2.498179134426119674e+02
2.087522596091644118e+02 2.966633685578720314e+00 -2.498236954311799423e+02
2.098734097011414690e+02 3.590294298144062424e+00 -2.490142608724021329e+02
2.096656170872325902e+02 3.573691410821671521e+00 -2.492034616142965433e+02
2.094564965189291001e+02 3.514894949626958809e+00 -2.493823408244548716e+02
2.092690295634337474e+02 3.423725517616257097e+00 -2.495303452552034003e+02
2.091152142474319930e+02 3.318942296161776717e+00 -2.496394901185605590e+02
2.089965614840098453e+02 3.218818555425091876e+00 -2.497132011654943824e+02
2.151927006260987980e+02 3.135176189863561724e+00 -2.497597934938121114e+02
2.151323903472481334e+02 3.072784959115493209e+00 -2.497876512059670802e+02
2.150940507171071374e+02 3.031539003283236777e+00 -2.498032597906493777e+02
2.150733712498727357e+02 3.008862579962881867e+00 -2.498109566311190690e+02
