8.446892261505126953e+00
2.378176212310791016e+01
8.843801975250244141e+00
1.184090971946716309e+01
1.204954528808593750e+01
1.131558179855346680e+01
2.032068610191345215e+01
3.374227046966552734e+01
1.060864520072937012e+01
2.117131066322326660e+01
1.514768695831298828e+01
8.712402582168579102e+00
6.762789964675903320e+00
1.803720784187316895e+01
1.568084478378295898e+01
1.547508311271667480e+01
4.801243209838867188e+01
1.404664707183837891e+01
1.732611036300659180e+01
1.990170621871948242e+01
1.510497975349426270e+01
1.191270494461059570e+01
8.668648242950439453e+00
2.297606515884399414e+01
1.092755436897277832e+01
2.257943868637084961e+01
1.849404549598693848e+01
9.293980121612548828e+00
1.303515338897705078e+01
7.791040182113647461e+00
2.024247622489929199e+01
1.287396812438964844e+01
9.143828630447387695e+00
1.286441755294799805e+01
1.258823966979980469e+01
2.897221040725708008e+01
1.472484946250915527e+01
6.007405042648315430e+00
1.214999723434448242e+01
1.345643591880798340e+01
1.205867266654968262e+01
1.279680395126342773e+01
1.159236216545104980e+01
1.820888543128967285e+01
7.365769863128662109e+00
2.582197618484497070e+01
6.457870244979858398e+00
1.543870663642883301e+01
8.316699266433715820e+00
1.102882885932922363e+01
9.910657882690429688e+00
1.405529212951660156e+01
1.465206456184387207e+01
2.007649970054626465e+01
1.671998047828674316e+01
2.450027084350585938e+01
1.531450057029724121e+01
7.896163225173950195e+00
1.511331892013549805e+01
1.290414476394653320e+01
2.004434919357299805e+01
1.234558916091918945e+01
1.101300787925720215e+01
1.610926103591918945e+01
1.324128723144531250e+01
3.054412746429443359e+01
1.744943594932556152e+01
8.938646316528320312e+00
1.382862353324890137e+01
1.666358399391174316e+01
2.365268301963806152e+01
8.643970012664794922e+00
1.813936185836791992e+01
1.099858713150024414e+01
1.289554929733276367e+01
3.105014371871948242e+01
6.767827272415161133e+00
9.234997034072875977e+00
1.164777636528015137e+01
7.106628179550170898e+00
1.476315212249755859e+01
7.909252882003784180e+00
9.616157770156860352e+00
7.049039125442504883e+00
1.071254014968872070e+01
1.355079245567321777e+01
1.248756718635559082e+01
1.563964176177978516e+01
2.252631092071533203e+01
5.852440118789672852e+00
1.936994862556457520e+01
1.092556929588317871e+01
7.062839984893798828e+00
8.761086463928222656e+00
1.025073647499084473e+01
1.538771820068359375e+01
2.533840703964233398e+01
1.071088743209838867e+01
1.184290122985839844e+01
7.144784688949584961e+00
2.856585383415222168e+01
7.791439294815063477e+00
9.428077459335327148e+00
1.243919396400451660e+01
7.136675596237182617e+00
1.436429810523986816e+01
1.413350033760070801e+01
9.742810487747192383e+00
1.267668509483337402e+01
5.987210750579833984e+00
1.204760193824768066e+01
6.356542587280273438e+00
1.151260328292846680e+01
1.012878298759460449e+01
1.372729778289794922e+01
1.524079775810241699e+01
3.033854341506958008e+01
1.070367670059204102e+01
1.130264759063720703e+01
1.083432126045227051e+01
1.444601535797119141e+01
8.076764106750488281e+00
6.130595922470092773e+00
1.387882709503173828e+01
9.804666996002197266e+00
3.792185640335083008e+01
1.347283196449279785e+01
7.106780290603637695e+00
6.638424634933471680e+00
9.688913583755493164e+00
1.631364417076110840e+01
8.971434354782104492e+00
9.329150915145874023e+00
8.412410020828247070e+00
2.052996397018432617e+01
3.612701392173767090e+01
1.010386276245117188e+01
1.363853621482849121e+01
1.275665020942687988e+01
1.367528748512268066e+01
1.525177407264709473e+01
1.466089940071105957e+01
8.613566875457763672e+00
1.455684661865234375e+01
1.487295627593994141e+01
2.060002183914184570e+01
8.974924325942993164e+00
8.860642433166503906e+00
8.307154417037963867e+00
1.834147095680236816e+01
9.676956415176391602e+00
7.713773250579833984e+00
6.742367029190063477e+00
9.996053457260131836e+00
1.134434461593627930e+01
3.049243307113647461e+01
1.247608351707458496e+01
8.156128883361816406e+00
7.258598327636718750e+00
7.775691986083984375e+00
1.563751649856567383e+01
1.853001022338867188e+01
1.024328780174255371e+01
1.132960319519042969e+01
1.403120708465576172e+01
2.339131140708923340e+01
6.398960113525390625e+00
1.034076070785522461e+01
1.432964801788330078e+01
6.261826276779174805e+00
1.470183801651000977e+01
7.891206741333007812e+00
1.338649964332580566e+01
1.471875548362731934e+01
9.937530040740966797e+00
3.386092042922973633e+01
9.269090890884399414e+00
1.173195314407348633e+01
7.184640169143676758e+00
9.651520013809204102e+00
1.762440490722656250e+01
1.261681890487670898e+01
1.030782818794250488e+01
2.109276032447814941e+01
1.826427292823791504e+01
1.230511403083801270e+01
2.360386776924133301e+01
1.429364109039306641e+01
1.222949481010437012e+01
1.511810898780822754e+01
1.308873581886291504e+01
1.129867458343505859e+01
2.707350349426269531e+01
1.143698477745056152e+01
8.895930528640747070e+00
2.314559793472290039e+01
2.236995911598205566e+01
1.228240346908569336e+01
1.415047144889831543e+01
1.569905567169189453e+01
1.440045046806335449e+01
5.944682598114013672e+00
1.297073054313659668e+01
8.118244171142578125e+00
2.344848036766052246e+01
8.630659580230712891e+00
3.300873684883117676e+01
1.996371555328369141e+01
1.291028881072998047e+01
7.937389373779296875e+00
9.957492589950561523e+00
1.061785697937011719e+01
1.784035444259643555e+01
1.715188908576965332e+01
9.117016553878784180e+00
1.353806686401367188e+01
2.142151927947998047e+01
8.024926662445068359e+00
1.314405202865600586e+01
7.038152217864990234e+00
1.505252242088317871e+01
1.382046890258789062e+01
6.899226427078247070e+00
7.061637163162231445e+00
1.376056003570556641e+01
2.508110547065734863e+01
6.672993659973144531e+00
8.032079219818115234e+00
1.258803939819335938e+01
1.135980534553527832e+01
1.681066393852233887e+01
9.106056690216064453e+00
1.253779292106628418e+01
1.237556099891662598e+01
1.163761520385742188e+01
3.079428458213806152e+01
8.082480907440185547e+00
7.595050096511840820e+00
7.138595581054687500e+00
6.233368158340454102e+00
1.499380517005920410e+01
7.540669441223144531e+00
1.654735684394836426e+01
1.654567432403564453e+01
1.753747701644897461e+01
1.180215525627136230e+01
1.585868954658508301e+01
1.507547140121459961e+01
8.234040498733520508e+00
7.040538549423217773e+00
1.930983638763427734e+01
1.504367756843566895e+01
1.579418754577636719e+01
1.974250030517578125e+01
1.170013022422790527e+01
2.406291699409484863e+01
7.438817262649536133e+00
9.940506935119628906e+00
8.688867807388305664e+00
8.721529722213745117e+00
9.819518804550170898e+00
1.223238492012023926e+01
1.030667448043823242e+01
1.121426439285278320e+01
7.212143182754516602e+00
2.542457318305969238e+01
6.921082258224487305e+00
1.133531689643859863e+01
6.290613889694213867e+00
6.549349784851074219e+00
1.369361996650695801e+01
9.111043930053710938e+00
2.112383317947387695e+01
9.657829523086547852e+00
1.271952819824218750e+01
1.385219454765319824e+01
1.132072377204895020e+01
1.516758465766906738e+01
1.721061134338378906e+01
1.070869612693786621e+01
1.230681586265563965e+01
1.400912451744079590e+01
6.587340593338012695e+00
1.005693578720092773e+01
1.121458244323730469e+01
1.490153861045837402e+01
3.156190681457519531e+01
2.095062088966369629e+01
6.855393409729003906e+00
1.520934152603149414e+01
1.352871990203857422e+01
9.022598743438720703e+00
1.135483789443969727e+01
8.601402044296264648e+00
8.906495094299316406e+00
1.115820050239562988e+01
8.716737985610961914e+00
2.951745820045471191e+01
1.093879747390747070e+01
8.676673889160156250e+00
1.356074523925781250e+01
1.402472543716430664e+01
1.460719537734985352e+01
1.226196646690368652e+01
1.635316610336303711e+01
1.079997396469116211e+01
1.952031230926513672e+01
6.827681064605712891e+00
8.620008230209350586e+00
1.386088323593139648e+01
1.172657227516174316e+01
1.141673398017883301e+01
8.495449066162109375e+00
9.445163726806640625e+00
1.209212231636047363e+01
3.082015705108642578e+01
9.049309015274047852e+00
9.134261846542358398e+00
1.617097377777099609e+01
9.613063097000122070e+00
1.495689392089843750e+01
8.165760278701782227e+00
1.060508704185485840e+01
1.054752945899963379e+01
9.812937259674072266e+00
2.969314694404602051e+01
9.468888044357299805e+00
1.316404891014099121e+01
1.627077078819274902e+01
6.030966520309448242e+00
1.448703598976135254e+01
1.449666357040405273e+01
1.610520887374877930e+01
1.024351501464843750e+01
2.279495382308959961e+01
1.489537978172302246e+01
8.400067329406738281e+00
1.061416578292846680e+01
1.063113045692443848e+01
9.649214744567871094e+00
1.362036514282226562e+01
1.133684945106506348e+01
7.752777099609375000e+00
1.632507300376892090e+01
1.658585524559020996e+01
1.929986381530761719e+01
1.421621179580688477e+01
1.088935661315917969e+01
5.994641780853271484e+00
1.250739002227783203e+01
1.170398688316345215e+01
1.242535638809204102e+01
9.747497320175170898e+00
6.514062643051147461e+00
1.646235466003417969e+01
2.698494601249694824e+01
2.371101093292236328e+01
1.194773840904235840e+01
1.597456884384155273e+01
8.224074840545654297e+00
1.954747390747070312e+01
7.583859205245971680e+00
1.749199843406677246e+01
1.524189281463623047e+01
1.446297025680541992e+01
3.184104752540588379e+01
6.159967899322509766e+00
2.755875754356384277e+01
8.225491285324096680e+00
7.498497009277343750e+00
1.386018013954162598e+01
1.285971713066101074e+01
1.240380167961120605e+01
1.279488611221313477e+01
1.625196051597595215e+01
1.961781144142150879e+01
1.714138627052307129e+01
1.308280682563781738e+01
7.040076971054077148e+00
8.669377088546752930e+00
1.145202231407165527e+01
1.064147543907165527e+01
5.519533395767211914e+00
1.311514353752136230e+01
8.930827856063842773e+00
1.148988533020019531e+01
3.365605926513671875e+01
1.392103362083435059e+01
2.106433153152465820e+01
1.214288592338562012e+01
9.986574411392211914e+00
7.748203277587890625e+00
1.323302316665649414e+01
6.038633584976196289e+00
7.043556213378906250e+00
1.462853741645812988e+01
9.338691473007202148e+00
2.427532434463500977e+01
6.683445215225219727e+00
2.395202183723449707e+01
1.338767838478088379e+01
1.258924937248229980e+01
9.040131807327270508e+00
9.509432315826416016e+00
1.858250951766967773e+01
2.588322544097900391e+01
1.019031357765197754e+01
1.971044039726257324e+01
1.683042311668395996e+01
1.120857620239257812e+01
1.102347493171691895e+01
1.546215701103210449e+01
8.555891990661621094e+00
1.779517555236816406e+01
1.506717920303344727e+01
2.200045323371887207e+01
8.738508224487304688e+00
9.065107107162475586e+00
1.257032561302185059e+01
1.523655319213867188e+01
1.572574234008789062e+01
1.222025346755981445e+01
1.076555848121643066e+01
1.447704124450683594e+01
1.685780048370361328e+01
1.644471502304077148e+01
1.382069206237792969e+01
1.105352425575256348e+01
7.186025142669677734e+00
1.218073868751525879e+01
1.502137994766235352e+01
5.959321737289428711e+00
1.154324889183044434e+01
9.383735895156860352e+00
2.449049425125122070e+01
1.614982104301452637e+01
1.603686881065368652e+01
7.282707691192626953e+00
1.385073018074035645e+01
5.639204263687133789e+00
1.224034237861633301e+01
1.152171134948730469e+01
7.787231445312500000e+00
1.506029033660888672e+01
1.764193964004516602e+01
1.314304709434509277e+01
1.002451944351196289e+01
1.550840330123901367e+01
1.608360099792480469e+01
1.135313844680786133e+01
2.721128439903259277e+01
7.322339534759521484e+00
1.445832943916320801e+01
1.814410734176635742e+01
1.379991507530212402e+01
2.300678706169128418e+01
8.796079635620117188e+00
1.466951322555541992e+01
1.856251764297485352e+01
1.896516513824462891e+01
1.451503515243530273e+01
6.885987043380737305e+00
6.739266872406005859e+00
1.279389429092407227e+01
1.146891975402832031e+01
3.839796185493469238e+01
1.383978176116943359e+01
9.179315328598022461e+00
1.019764375686645508e+01
1.110977172851562500e+01
2.249300503730773926e+01
1.010693693161010742e+01
8.597017049789428711e+00
1.244538664817810059e+01
1.536235475540161133e+01
1.909488582611083984e+01
2.571685838699340820e+01
1.562098145484924316e+01
8.900162935256958008e+00
1.477437829971313477e+01
9.072982788085937500e+00
6.489564180374145508e+00
9.765392780303955078e+00
9.729809284210205078e+00
1.187495565414428711e+01
1.131591439247131348e+01
4.988609361648559570e+01
1.118358492851257324e+01
9.964861392974853516e+00
1.010614681243896484e+01
1.456633090972900391e+01
7.438140392303466797e+00
1.242061662673950195e+01
1.724156308174133301e+01
1.474059462547302246e+01
8.462673425674438477e+00
1.520364856719970703e+01
3.090876030921936035e+01
1.245389819145202637e+01
1.054518961906433105e+01
9.849697589874267578e+00
6.949790239334106445e+00
1.236661148071289062e+01
1.700849986076354980e+01
1.951867723464965820e+01
9.032627582550048828e+00
1.229783701896667480e+01
7.643132925033569336e+00
1.258376216888427734e+01
5.400659084320068359e+00
1.307612633705139160e+01
1.221343493461608887e+01
1.060321450233459473e+01
1.216184782981872559e+01
2.925642395019531250e+01
9.944180965423583984e+00
2.280590057373046875e+01
9.286638498306274414e+00
1.435214877128601074e+01
1.835649752616882324e+01
1.513343024253845215e+01
6.308498382568359375e+00
1.489734578132629395e+01
7.232011795043945312e+00
2.502673316001892090e+01
1.298184871673583984e+01
1.274820089340209961e+01
1.145199346542358398e+01
1.735421299934387207e+01
6.527591943740844727e+00
1.344525671005249023e+01
7.053187847137451172e+00
1.389256119728088379e+01
2.221477580070495605e+01
2.843557929992675781e+01
1.625216364860534668e+01
1.526717138290405273e+01
1.360158586502075195e+01
1.085881876945495605e+01
7.961091041564941406e+00
2.148303318023681641e+01
7.557158231735229492e+00
1.484132933616638184e+01
2.621886897087097168e+01
1.497547221183776855e+01
2.404686045646667480e+01
1.069677877426147461e+01
8.588690280914306641e+00
1.136191129684448242e+01
6.749214887619018555e+00
9.619013309478759766e+00
9.391352176666259766e+00
1.278223395347595215e+01
7.106473684310913086e+00
1.349379253387451172e+01
4.693505907058715820e+01
7.300591945648193359e+00
1.266761326789855957e+01
8.245205402374267578e+00
1.503931999206542969e+01
1.786556553840637207e+01
6.812229871749877930e+00
8.452727079391479492e+00
1.244296836853027344e+01
9.856858015060424805e+00
3.903768348693847656e+01
1.273105287551879883e+01
1.294347548484802246e+01
1.205872297286987305e+01
2.114582037925720215e+01
1.341174292564392090e+01
1.528980827331542969e+01
1.106354808807373047e+01
1.822466087341308594e+01
1.991364526748657227e+01
1.420086431503295898e+01
2.594659113883972168e+01
6.992038965225219727e+00
1.416393852233886719e+01
1.693270707130432129e+01
1.196406197547912598e+01
1.344932746887207031e+01
1.223195195198059082e+01
7.331713438034057617e+00
8.864952325820922852e+00
8.521374464035034180e+00
3.990516138076782227e+01
9.187293052673339844e+00
1.301720046997070312e+01
6.677946329116821289e+00
6.970449924468994141e+00
1.051026582717895508e+01
1.180471110343933105e+01
1.161935019493103027e+01
1.377093577384948730e+01
9.637155055999755859e+00
1.178596687316894531e+01
3.059078454971313477e+01
2.770596194267272949e+01
9.231363296508789062e+00
8.621955633163452148e+00
8.709160327911376953e+00
1.238302350044250488e+01
1.025366353988647461e+01
2.959888744354248047e+01
2.299522376060485840e+01
6.625481843948364258e+00
1.150379300117492676e+01
5.624891281127929688e+00
7.356570720672607422e+00
1.368934679031372070e+01
1.102700066566467285e+01
1.705593228340148926e+01
1.092307162284851074e+01
2.675990009307861328e+01
7.226339340209960938e+00
1.471751356124877930e+01
1.036422395706176758e+01
1.180195999145507812e+01
1.145528435707092285e+01
1.750037980079650879e+01
6.417525291442871094e+00
1.168905138969421387e+01
8.949094295501708984e+00
2.243096733093261719e+01
1.396781539916992188e+01
1.071511697769165039e+01
1.122431159019470215e+01
9.658534526824951172e+00
8.209890842437744141e+00
1.397310781478881836e+01
7.160501718521118164e+00
1.429070997238159180e+01
1.193629431724548340e+01
2.974859261512756348e+01
1.229102134704589844e+01
1.058324003219604492e+01
2.263851881027221680e+01
1.249768757820129395e+01
8.246863603591918945e+00
1.233798122406005859e+01
8.083212375640869141e+00
1.346120691299438477e+01
7.712526559829711914e+00
3.614033341407775879e+01
9.065895795822143555e+00
8.693071842193603516e+00
1.274985170364379883e+01
1.191647124290466309e+01
9.855496883392333984e+00
1.014151573181152344e+01
9.646571159362792969e+00
1.884031486511230469e+01
1.318568086624145508e+01
1.743781924247741699e+01
1.862715816497802734e+01
2.480071926116943359e+01
9.830725908279418945e+00
7.174392461776733398e+00
9.303693532943725586e+00
1.525773048400878906e+01
1.310185456275939941e+01
5.979247331619262695e+00
2.469384574890136719e+01
7.996598720550537109e+00
2.948979806900024414e+01
9.551995277404785156e+00
9.088802099227905273e+00
1.188054013252258301e+01
1.018536186218261719e+01
1.307079505920410156e+01
8.575909614562988281e+00
8.314715862274169922e+00
2.303999972343444824e+01
1.488962793350219727e+01
1.264849781990051270e+01
2.988782715797424316e+01
1.754019784927368164e+01
7.789646625518798828e+00
7.250534057617187500e+00
1.294282221794128418e+01
1.135489201545715332e+01
7.903849601745605469e+00
1.440862131118774414e+01
1.339477896690368652e+01
1.071718144416809082e+01
2.975753951072692871e+01
8.380423545837402344e+00
9.266005754470825195e+00
9.755614757537841797e+00
9.764851093292236328e+00
8.209658622741699219e+00
1.473877739906311035e+01
9.530840635299682617e+00
1.112287807464599609e+01
1.236886215209960938e+01
7.432166814804077148e+00
2.381370115280151367e+01
9.861674547195434570e+00
1.399172472953796387e+01
1.553023052215576172e+01
1.117471814155578613e+01
9.542407751083374023e+00
5.438231253623962402e+01
1.440437221527099609e+01
1.515999746322631836e+01
1.582211971282958984e+01
7.337754726409912109e+00
9.284718990325927734e+00
7.632752418518066406e+00
1.950598239898681641e+01
1.570290112495422363e+01
1.616434669494628906e+01
4.321265912055969238e+01
1.108112478256225586e+01
1.111736965179443359e+01
1.516510605812072754e+01
7.182683229446411133e+00
1.263256406784057617e+01
1.442282319068908691e+01
1.995994710922241211e+01
1.688269758224487305e+01
1.630427551269531250e+01
1.590208864212036133e+01
1.232624554634094238e+01
1.631612396240234375e+01
8.041920900344848633e+00
4.807486057281494141e+00
6.662013292312622070e+00
7.468160867691040039e+00
1.424455785751342773e+01
1.441621518135070801e+01
1.151499390602111816e+01
1.375981402397155762e+01
2.222549271583557129e+01
1.133550500869750977e+01
8.763600349426269531e+00
6.114593029022216797e+00
9.779295682907104492e+00
5.091044187545776367e+00
1.212650871276855469e+01
1.311024689674377441e+01
1.208848738670349121e+01
1.321932983398437500e+01
2.664347171783447266e+01
7.490147590637207031e+00
5.517766237258911133e+00
1.511377310752868652e+01
1.708753871917724609e+01
1.332143735885620117e+01
1.781587266921997070e+01
1.032405900955200195e+01
9.651174783706665039e+00
1.109794425964355469e+01
1.990398693084716797e+01
1.000216460227966309e+01
1.457347512245178223e+01
9.760634660720825195e+00
1.166057610511779785e+01
1.200119829177856445e+01
1.536795377731323242e+01
6.478288650512695312e+00
5.305499792098999023e+00
1.000939035415649414e+01
1.145657277107238770e+01
2.788225889205932617e+01
1.224695134162902832e+01
9.527877807617187500e+00
1.871169567108154297e+01
1.048529934883117676e+01
1.694265270233154297e+01
1.505206108093261719e+01
9.290811061859130859e+00
8.164782285690307617e+00
1.115279173851013184e+01
1.861101007461547852e+01
1.657614541053771973e+01
1.689035606384277344e+01
5.985648632049560547e+00
6.058309316635131836e+00
9.384513616561889648e+00
8.295430898666381836e+00
6.072097539901733398e+00
8.093239307403564453e+00
6.246523380279541016e+00
2.153523182868957520e+01
2.548360037803649902e+01
6.957868576049804688e+00
2.090322041511535645e+01
8.133768558502197266e+00
1.519215822219848633e+01
1.176790618896484375e+01
1.598910713195800781e+01
1.283542108535766602e+01
2.543490505218505859e+01
9.622908830642700195e+00
1.539895462989807129e+01
2.610228943824768066e+01
8.841380119323730469e+00
7.496546030044555664e+00
9.164514780044555664e+00
1.429132580757141113e+01
9.525314807891845703e+00
2.197551798820495605e+01
1.798912239074707031e+01
8.205282449722290039e+00
1.324501442909240723e+01
7.648915052413940430e+00
6.562592029571533203e+00
1.411481356620788574e+01
1.510448288917541504e+01
6.366830825805664062e+00
1.557720255851745605e+01
2.667533802986145020e+01
1.212580299377441406e+01
5.974661350250244141e+00
1.368401408195495605e+01
6.134340763092041016e+00
9.609857320785522461e+00
8.884316682815551758e+00
1.993239712715148926e+01
1.247729682922363281e+01
1.334422636032104492e+01
2.787973403930664062e+01
2.153997445106506348e+01
1.255588912963867188e+01
7.408094644546508789e+00
1.321148824691772461e+01
5.502162456512451172e+00
1.674354076385498047e+01
1.749732422828674316e+01
1.109960675239562988e+01
1.089235329627990723e+01
3.296264028549194336e+01
1.489720106124877930e+01
1.173360276222229004e+01
7.389010190963745117e+00
8.084300041198730469e+00
6.090727806091308594e+00
1.170782160758972168e+01
1.352506041526794434e+01
8.368875265121459961e+00
1.273682045936584473e+01
1.577232766151428223e+01
2.245765829086303711e+01
1.424093198776245117e+01
6.252787828445434570e+00
1.734962701797485352e+01
1.796655941009521484e+01
6.815210819244384766e+00
1.248336148262023926e+01
2.063583421707153320e+01
1.018256521224975586e+01
1.357265448570251465e+01
3.082153391838073730e+01
9.498142004013061523e+00
1.940594911575317383e+01
5.988234043121337891e+00
1.259054875373840332e+01
1.070811915397644043e+01
1.736119461059570312e+01
8.172345161437988281e+00
2.302511501312255859e+01
1.704119062423706055e+01
3.013421773910522461e+01
2.534685492515563965e+01
9.035049915313720703e+00
6.258934497833251953e+00
7.019609212875366211e+00
8.545296192169189453e+00
1.116479778289794922e+01
1.366361117362976074e+01
1.830835223197937012e+01
1.475577616691589355e+01
1.486867880821228027e+01
4.281230664253234863e+01
9.412834882736206055e+00
1.488589191436767578e+01
1.849678421020507812e+01
2.200591015815734863e+01
1.251283049583435059e+01
9.417037487030029297e+00
6.919806957244873047e+00
1.241705513000488281e+01
8.097572803497314453e+00
1.648846125602722168e+01
2.728079462051391602e+01
9.942346334457397461e+00
1.408196616172790527e+01
9.516194820404052734e+00
8.177355051040649414e+00
9.376802921295166016e+00
1.268618583679199219e+01
8.317949533462524414e+00
7.411302328109741211e+00
1.750619602203369141e+01
1.589827966690063477e+01
2.120545196533203125e+01
1.450465011596679688e+01
1.271602320671081543e+01
1.631337237358093262e+01
1.058621835708618164e+01
3.933773660659790039e+01
9.889292240142822266e+00
9.801411628723144531e+00
1.033784031867980957e+01
1.401886534690856934e+01
9.579192399978637695e+00
9.570663928985595703e+00
1.642068791389465332e+01
1.348981189727783203e+01
1.198691821098327637e+01
2.445181250572204590e+01
2.857534050941467285e+01
1.374905633926391602e+01
1.015777707099914551e+01
1.177153396606445312e+01
9.972364425659179688e+00
1.401057815551757812e+01
7.739139556884765625e+00
1.868741631507873535e+01
1.265611362457275391e+01
1.433280658721923828e+01
2.761251640319824219e+01
6.954247951507568359e+00
7.050454378128051758e+00
6.443593978881835938e+00
9.098233461380004883e+00
8.335579872131347656e+00
6.037409543991088867e+00
1.495382022857666016e+01
1.013904666900634766e+01
8.072039127349853516e+00
3.120505261421203613e+01
1.012394070625305176e+01
9.964817762374877930e+00
9.788462877273559570e+00
1.648045802116394043e+01
5.212612390518188477e+00
7.849349021911621094e+00
1.830284976959228516e+01
1.215238952636718750e+01
1.143341708183288574e+01
1.840258812904357910e+01
1.248861837387084961e+01
7.804886579513549805e+00
2.154107403755187988e+01
5.695402145385742188e+00
1.092558431625366211e+01
1.398664784431457520e+01
1.795358347892761230e+01
1.364943003654479980e+01
1.170708727836608887e+01
1.287038826942443848e+01
3.042907929420471191e+01
1.186645650863647461e+01
1.422684431076049805e+01
2.538554787635803223e+01
1.285398364067077637e+01
1.433882880210876465e+01
1.289904642105102539e+01
7.050388813018798828e+00
1.487299561500549316e+01
1.301402139663696289e+01
3.516923975944519043e+01
1.383723735809326172e+01
1.273206067085266113e+01
1.284753918647766113e+01
9.122344970703125000e+00
8.962635040283203125e+00
9.688689947128295898e+00
2.672996330261230469e+01
9.361788511276245117e+00
1.382665967941284180e+01
2.064250421524047852e+01
2.825751209259033203e+01
1.352092838287353516e+01
1.262326312065124512e+01
1.256348085403442383e+01
1.028717112541198730e+01
1.093666291236877441e+01
1.463238835334777832e+01
1.616457962989807129e+01
1.408462858200073242e+01
1.281640219688415527e+01
1.111969161033630371e+01
3.677214980125427246e+01
1.312984681129455566e+01
6.988469839096069336e+00
9.492940664291381836e+00
1.052913069725036621e+01
8.439637660980224609e+00
1.449248981475830078e+01
6.499244451522827148e+00
1.197509193420410156e+01
8.557020187377929688e+00
4.691207003593444824e+01
1.490452218055725098e+01
1.160783219337463379e+01
1.329555344581604004e+01
