2.390716552734375000e+00
2.294905900955200195e+00
2.254218816757202148e+00
2.184332132339477539e+00
2.484086275100708008e+00
2.512218952178955078e+00
2.457086563110351562e+00
2.486733198165893555e+00
2.474963903427124023e+00
2.499744415283203125e+00
2.612901449203491211e+00
2.609107971191406250e+00
2.581757545471191406e+00
2.379726648330688477e+00
2.529362201690673828e+00
2.458680629730224609e+00
2.403172016143798828e+00
2.382229089736938477e+00
2.360497951507568359e+00
2.325659751892089844e+00
2.332360744476318359e+00
2.448525428771972656e+00
2.469359636306762695e+00
2.285573482513427734e+00
2.374351739883422852e+00
2.435736894607543945e+00
2.352673292160034180e+00
2.306314229965209961e+00
2.363992691040039062e+00
2.532620906829833984e+00
2.351900577545166016e+00
2.486922264099121094e+00
2.443763494491577148e+00
2.469885110855102539e+00
2.577538728713989258e+00
2.432312488555908203e+00
2.504354238510131836e+00
2.551339626312255859e+00
2.424396038055419922e+00
2.387711286544799805e+00
2.431891918182373047e+00
2.461237192153930664e+00
2.340105772018432617e+00
2.312345981597900391e+00
2.272121906280517578e+00
2.475830316543579102e+00
2.530383348464965820e+00
2.424536943435668945e+00
2.349919557571411133e+00
2.313030958175659180e+00
2.413937807083129883e+00
2.394428014755249023e+00
2.503244638442993164e+00
2.503877162933349609e+00
2.472116708755493164e+00
2.355754375457763672e+00
2.590717315673828125e+00
2.477717161178588867e+00
2.389018058776855469e+00
2.478901386260986328e+00
2.705128192901611328e+00
2.462447881698608398e+00
2.321980237960815430e+00
2.310467481613159180e+00
2.358607292175292969e+00
2.550464868545532227e+00
2.439779996871948242e+00
2.379174232482910156e+00
2.257357358932495117e+00
2.400162458419799805e+00
2.301949977874755859e+00
2.149948596954345703e+00
2.460192918777465820e+00
2.444184064865112305e+00
2.470572710037231445e+00
2.449671983718872070e+00
2.468776226043701172e+00
2.452105283737182617e+00
2.367342472076416016e+00
2.373802185058593750e+00
2.478262186050415039e+00
2.264920473098754883e+00
2.428334236145019531e+00
2.480243444442749023e+00
2.433534145355224609e+00
2.460357427597045898e+00
2.466235637664794922e+00
2.350687265396118164e+00
2.399879217147827148e+00
2.360813617706298828e+00
2.425555944442749023e+00
2.225436925888061523e+00
2.443902492523193359e+00
2.440399169921875000e+00
2.399516582489013672e+00
2.468702077865600586e+00
2.374112606048583984e+00
2.378627777099609375e+00
2.250744581222534180e+00
2.429399728775024414e+00
2.546798467636108398e+00
2.349848031997680664e+00
2.490916967391967773e+00
2.493367910385131836e+00
2.574311733245849609e+00
2.461618185043334961e+00
2.441479682922363281e+00
2.350423336029052734e+00
2.342684745788574219e+00
2.362351179122924805e+00
2.308481454849243164e+00
2.262310504913330078e+00
2.407314777374267578e+00
2.251754522323608398e+00
2.416887760162353516e+00
2.530961036682128906e+00
2.327349424362182617e+00
2.530241727828979492e+00
2.562523841857910156e+00
2.500954389572143555e+00
2.475648880004882812e+00
2.494277954101562500e+00
2.287755489349365234e+00
2.314948797225952148e+00
2.324387311935424805e+00
2.464281797409057617e+00
2.409047126770019531e+00
2.284512996673583984e+00
2.403544425964355469e+00
2.373183488845825195e+00
2.276334285736083984e+00
2.422341585159301758e+00
2.590310811996459961e+00
2.262367725372314453e+00
2.432225942611694336e+00
2.340102672576904297e+00
2.498950004577636719e+00
2.472667694091796875e+00
2.335130453109741211e+00
2.313650131225585938e+00
2.332758426666259766e+00
2.446505784988403320e+00
2.279335737228393555e+00
2.321256637573242188e+00
2.533722639083862305e+00
2.477354764938354492e+00
2.400392055511474609e+00
2.367263555526733398e+00
2.405656576156616211e+00
2.451123237609863281e+00
2.367487192153930664e+00
2.386139869689941406e+00
2.392206907272338867e+00
2.286643505096435547e+00
2.229543209075927734e+00
2.328252792358398438e+00
2.285435914993286133e+00
2.527334690093994141e+00
2.310319900512695312e+00
2.399642705917358398e+00
2.458725929260253906e+00
2.438409805297851562e+00
2.352159023284912109e+00
2.303789615631103516e+00
2.496150732040405273e+00
2.519422769546508789e+00
2.325530767440795898e+00
2.387965202331542969e+00
2.348501443862915039e+00
2.311641693115234375e+00
2.279998779296875000e+00
2.576827764511108398e+00
2.329566240310668945e+00
2.370799541473388672e+00
2.233771085739135742e+00
2.464037418365478516e+00
2.490314483642578125e+00
2.298379182815551758e+00
2.509207010269165039e+00
2.568015336990356445e+00
2.332269430160522461e+00
2.413133382797241211e+00
2.330720663070678711e+00
2.442324638366699219e+00
2.238457918167114258e+00
2.392371892929077148e+00
2.429354429244995117e+00
2.226081609725952148e+00
2.258017063140869141e+00
2.435654401779174805e+00
2.504097700119018555e+00
2.428451299667358398e+00
2.482587099075317383e+00
2.218186616897583008e+00
2.288026809692382812e+00
2.413281917572021484e+00
2.487057209014892578e+00
2.467615604400634766e+00
2.573134660720825195e+00
2.342314243316650391e+00
2.255431890487670898e+00
2.465604782104492188e+00
2.498151302337646484e+00
2.371250867843627930e+00
2.387672424316406250e+00
2.299727916717529297e+00
2.459081649780273438e+00
2.382476329803466797e+00
2.536065101623535156e+00
2.389835596084594727e+00
2.357205629348754883e+00
2.344889879226684570e+00
2.295956134796142578e+00
2.516245126724243164e+00
2.559233188629150391e+00
2.497420310974121094e+00
2.456804990768432617e+00
2.359093427658081055e+00
2.304484605789184570e+00
2.453721523284912109e+00
2.451289653778076172e+00
2.519805908203125000e+00
2.311779499053955078e+00
2.412061452865600586e+00
2.446130752563476562e+00
2.304795742034912109e+00
2.455551624298095703e+00
2.403728008270263672e+00
2.280224800109863281e+00
2.296665906906127930e+00
2.295391082763671875e+00
2.387601375579833984e+00
2.524699926376342773e+00
2.272771835327148438e+00
2.507965564727783203e+00
2.544709920883178711e+00
2.387249708175659180e+00
2.486040353775024414e+00
2.256141662597656250e+00
2.395976066589355469e+00
2.344626426696777344e+00
2.419581890106201172e+00
2.254812955856323242e+00
2.360124826431274414e+00
2.384720802307128906e+00
2.442153215408325195e+00
2.426808357238769531e+00
2.407746553421020508e+00
2.311837196350097656e+00
2.536404848098754883e+00
2.448664188385009766e+00
2.261601686477661133e+00
2.410770177841186523e+00
2.455355644226074219e+00
2.430125713348388672e+00
2.361714363098144531e+00
2.476857662200927734e+00
2.447025537490844727e+00
2.335512876510620117e+00
2.523875474929809570e+00
2.335067272186279297e+00
2.341899394989013672e+00
2.398555755615234375e+00
2.450406312942504883e+00
2.332033634185791016e+00
2.465774774551391602e+00
2.302231311798095703e+00
2.394357681274414062e+00
2.270500183105468750e+00
2.330903053283691406e+00
2.502512931823730469e+00
2.290811061859130859e+00
2.346104621887207031e+00
2.466447114944458008e+00
2.433906078338623047e+00
2.478840827941894531e+00
2.303138017654418945e+00
2.358232498168945312e+00
2.277660131454467773e+00
2.313008308410644531e+00
2.498343467712402344e+00
2.377467155456542969e+00
2.365263700485229492e+00
2.433591127395629883e+00
2.417475223541259766e+00
2.395648002624511719e+00
2.386560440063476562e+00
2.538282394409179688e+00
2.668139219284057617e+00
2.549516677856445312e+00
2.316845417022705078e+00
2.403287887573242188e+00
2.491155147552490234e+00
2.444150924682617188e+00
2.460926055908203125e+00
2.423110723495483398e+00
2.336935997009277344e+00
2.253742694854736328e+00
2.265799760818481445e+00
2.322063446044921875e+00
2.434926986694335938e+00
2.513982534408569336e+00
2.461731433868408203e+00
2.470370531082153320e+00
2.366438150405883789e+00
2.289339542388916016e+00
2.396471023559570312e+00
2.433678865432739258e+00
2.411410808563232422e+00
2.354320287704467773e+00
2.531009197235107422e+00
2.231251239776611328e+00
2.298153162002563477e+00
2.280775785446166992e+00
2.312802791595458984e+00
2.296545505523681641e+00
2.301293373107910156e+00
2.290457725524902344e+00
2.256142377853393555e+00
2.450906753540039062e+00
2.263316154479980469e+00
2.302586078643798828e+00
2.385013580322265625e+00
2.411999225616455078e+00
2.322170495986938477e+00
2.317641735076904297e+00
2.332298517227172852e+00
2.350951433181762695e+00
2.394781351089477539e+00
2.416754722595214844e+00
2.355666637420654297e+00
2.340802907943725586e+00
2.303757190704345703e+00
2.412803411483764648e+00
2.285801410675048828e+00
2.324317932128906250e+00
2.466971158981323242e+00
2.415868043899536133e+00
2.524094820022583008e+00
2.440585136413574219e+00
2.384959220886230469e+00
2.364115238189697266e+00
2.347223520278930664e+00
2.291324377059936523e+00
2.353090763092041016e+00
2.395249843597412109e+00
2.493991374969482422e+00
2.329668283462524414e+00
2.377639532089233398e+00
2.477540969848632812e+00
2.364923000335693359e+00
2.284448146820068359e+00
2.316586494445800781e+00
2.451477766036987305e+00
2.399471998214721680e+00
2.301376104354858398e+00
2.293500423431396484e+00
2.394385337829589844e+00
2.481574058532714844e+00
2.497140407562255859e+00
2.215530395507812500e+00
2.393234729766845703e+00
2.261974334716796875e+00
2.416809082031250000e+00
2.457076311111450195e+00
2.480976343154907227e+00
2.470512866973876953e+00
2.352468013763427734e+00
2.256169080734252930e+00
2.348277330398559570e+00
2.375325679779052734e+00
2.308153152465820312e+00
2.410868167877197266e+00
2.427563428878784180e+00
2.481375455856323242e+00
2.528405427932739258e+00
2.444504499435424805e+00
2.497743606567382812e+00
2.368393659591674805e+00
2.254822254180908203e+00
2.297372817993164062e+00
2.267155170440673828e+00
2.445170879364013672e+00
2.475957155227661133e+00
2.435704469680786133e+00
2.285510778427124023e+00
2.495927095413208008e+00
2.303572654724121094e+00
2.228742599487304688e+00
2.373139381408691406e+00
2.465752840042114258e+00
2.285433292388916016e+00
2.407830953598022461e+00
2.334195613861083984e+00
2.340560913085937500e+00
2.358539342880249023e+00
2.452718019485473633e+00
2.359273433685302734e+00
2.309326171875000000e+00
2.328585624694824219e+00
2.441353082656860352e+00
2.394594430923461914e+00
2.203162670135498047e+00
2.502578973770141602e+00
2.316982030868530273e+00
2.295985221862792969e+00
2.262227058410644531e+00
2.387386083602905273e+00
2.441511631011962891e+00
2.314545869827270508e+00
2.362262010574340820e+00
2.443818807601928711e+00
2.316010713577270508e+00
2.472010612487792969e+00
2.327659845352172852e+00
2.347529411315917969e+00
2.527023792266845703e+00
2.205674886703491211e+00
2.394124031066894531e+00
2.295722484588623047e+00
2.367711782455444336e+00
2.461344957351684570e+00
2.415376424789428711e+00
2.321932077407836914e+00
2.416686773300170898e+00
2.528086423873901367e+00
2.429618358612060547e+00
2.357797145843505859e+00
2.424372911453247070e+00
2.498845815658569336e+00
2.349750280380249023e+00
2.314540863037109375e+00
2.422395944595336914e+00
2.301874876022338867e+00
2.264568567276000977e+00
2.346726894378662109e+00
2.461096048355102539e+00
2.458881855010986328e+00
2.341613054275512695e+00
2.465984106063842773e+00
2.289849042892456055e+00
2.402521133422851562e+00
2.235129594802856445e+00
2.251978874206542969e+00
2.325844049453735352e+00
2.218585491180419922e+00
2.279067993164062500e+00
2.424525022506713867e+00
2.287107229232788086e+00
2.577889442443847656e+00
2.375995159149169922e+00
2.426269531250000000e+00
2.424800395965576172e+00
2.240021228790283203e+00
2.391153335571289062e+00
2.259861707687377930e+00
2.239558935165405273e+00
2.402739048004150391e+00
2.259877920150756836e+00
2.277628898620605469e+00
2.477797508239746094e+00
2.275459289550781250e+00
2.308001518249511719e+00
2.291876077651977539e+00
2.286536455154418945e+00
2.322860240936279297e+00
2.233183383941650391e+00
2.414950609207153320e+00
2.293658256530761719e+00
2.343063831329345703e+00
2.303109884262084961e+00
2.433631181716918945e+00
2.290132522583007812e+00
2.522323608398437500e+00
2.384711027145385742e+00
2.546519041061401367e+00
2.412992238998413086e+00
2.414268255233764648e+00
2.359848976135253906e+00
2.377492666244506836e+00
2.399137496948242188e+00
2.439370870590209961e+00
2.351343154907226562e+00
2.440907955169677734e+00
2.379195213317871094e+00
2.260015487670898438e+00
2.435926437377929688e+00
2.337625026702880859e+00
2.497800588607788086e+00
2.408490419387817383e+00
2.390750885009765625e+00
2.332832098007202148e+00
2.267025470733642578e+00
2.320736408233642578e+00
2.374989032745361328e+00
2.306863546371459961e+00
2.215567350387573242e+00
2.249485254287719727e+00
2.462891817092895508e+00
2.350053787231445312e+00
2.235278606414794922e+00
2.513195037841796875e+00
2.253933906555175781e+00
2.330424785614013672e+00
2.586369276046752930e+00
2.408125638961791992e+00
2.387938499450683594e+00
2.479076862335205078e+00
2.474938869476318359e+00
2.337647438049316406e+00
2.299918413162231445e+00
2.370348691940307617e+00
2.510097503662109375e+00
2.353688478469848633e+00
2.276225805282592773e+00
2.419906854629516602e+00
2.272068500518798828e+00
2.534358978271484375e+00
2.354377269744873047e+00
2.538408517837524414e+00
2.331979274749755859e+00
2.285081386566162109e+00
2.527855157852172852e+00
2.217429876327514648e+00
2.327284812927246094e+00
2.464821815490722656e+00
2.378723859786987305e+00
2.352043151855468750e+00
2.300802469253540039e+00
2.441618442535400391e+00
2.264832019805908203e+00
2.415400743484497070e+00
2.402009725570678711e+00
2.268057107925415039e+00
2.251259565353393555e+00
2.290355205535888672e+00
2.382271766662597656e+00
2.547115087509155273e+00
2.444057464599609375e+00
2.585513353347778320e+00
2.336391925811767578e+00
2.584970474243164062e+00
2.433487892150878906e+00
2.501028776168823242e+00
2.413839101791381836e+00
2.224018812179565430e+00
2.234279632568359375e+00
2.371853590011596680e+00
2.463354110717773438e+00
2.581769227981567383e+00
2.433177947998046875e+00
2.480477571487426758e+00
2.260353803634643555e+00
2.210725307464599609e+00
2.348047971725463867e+00
2.410901069641113281e+00
2.219390392303466797e+00
2.303420782089233398e+00
2.350371360778808594e+00
2.320423126220703125e+00
2.429522514343261719e+00
2.264816045761108398e+00
2.436113357543945312e+00
2.212560892105102539e+00
2.377743005752563477e+00
2.263374567031860352e+00
2.236227273941040039e+00
2.435655355453491211e+00
2.392995595932006836e+00
2.278347253799438477e+00
2.472883462905883789e+00
2.507890224456787109e+00
2.344077587127685547e+00
2.346628904342651367e+00
2.315517187118530273e+00
2.313282251358032227e+00
2.467804908752441406e+00
2.350589513778686523e+00
2.396229267120361328e+00
2.342713117599487305e+00
2.453140735626220703e+00
2.503886222839355469e+00
2.359584093093872070e+00
2.434030532836914062e+00
2.392724752426147461e+00
2.491717100143432617e+00
2.516214132308959961e+00
2.297238111495971680e+00
2.286714315414428711e+00
2.274836778640747070e+00
2.303894996643066406e+00
2.285365581512451172e+00
2.402938365936279297e+00
2.265978097915649414e+00
2.272888422012329102e+00
2.313617706298828125e+00
2.223552942276000977e+00
2.417489290237426758e+00
2.421221017837524414e+00
2.498798608779907227e+00
2.362393617630004883e+00
2.421975135803222656e+00
2.491362571716308594e+00
2.221415996551513672e+00
2.564110517501831055e+00
2.397924184799194336e+00
2.356530189514160156e+00
2.424533605575561523e+00
2.325146198272705078e+00
2.383001327514648438e+00
2.432899236679077148e+00
2.310721397399902344e+00
2.308420419692993164e+00
2.370583057403564453e+00
2.447122573852539062e+00
2.297209501266479492e+00
2.394565343856811523e+00
2.462481737136840820e+00
2.567188739776611328e+00
2.441531896591186523e+00
2.478243350982666016e+00
2.346584320068359375e+00
2.358185052871704102e+00
2.381921052932739258e+00
2.494601488113403320e+00
2.268774747848510742e+00
2.339318752288818359e+00
2.507413625717163086e+00
2.395199298858642578e+00
2.503391504287719727e+00
2.378830671310424805e+00
2.452708482742309570e+00
2.327991485595703125e+00
2.354431867599487305e+00
2.315593242645263672e+00
2.285871028900146484e+00
2.414455175399780273e+00
2.483752489089965820e+00
2.328132629394531250e+00
2.436902284622192383e+00
2.342563867568969727e+00
2.341687202453613281e+00
2.412597417831420898e+00
2.322613477706909180e+00
2.336135864257812500e+00
2.242808580398559570e+00
2.281672239303588867e+00
2.308691501617431641e+00
2.450022459030151367e+00
2.394494295120239258e+00
2.370722532272338867e+00
2.424551486968994141e+00
2.301678657531738281e+00
2.469176769256591797e+00
2.448918104171752930e+00
2.376803874969482422e+00
2.431427955627441406e+00
2.428204536437988281e+00
2.424517869949340820e+00
2.348998546600341797e+00
2.294034004211425781e+00
2.312365770339965820e+00
2.265979051589965820e+00
2.313496351242065430e+00
2.247930288314819336e+00
2.427778482437133789e+00
2.231495618820190430e+00
2.464716434478759766e+00
2.365577220916748047e+00
2.331949949264526367e+00
2.369534254074096680e+00
2.278035640716552734e+00
2.389508008956909180e+00
2.344544410705566406e+00
2.382720708847045898e+00
2.413745880126953125e+00
2.573521137237548828e+00
2.293847322463989258e+00
2.453159093856811523e+00
2.556445837020874023e+00
2.306531190872192383e+00
2.328043937683105469e+00
2.307263135910034180e+00
2.507412195205688477e+00
2.391476392745971680e+00
2.444199323654174805e+00
2.517071962356567383e+00
2.501120328903198242e+00
2.358974456787109375e+00
2.408493518829345703e+00
2.419328927993774414e+00
2.364599227905273438e+00
2.351656675338745117e+00
2.392786026000976562e+00
2.342324972152709961e+00
2.347878456115722656e+00
2.476135969161987305e+00
2.484737157821655273e+00
2.446946144104003906e+00
2.291965246200561523e+00
2.268193006515502930e+00
2.330807447433471680e+00
2.455206394195556641e+00
2.402472496032714844e+00
2.387611150741577148e+00
2.361380577087402344e+00
2.391697406768798828e+00
2.480434894561767578e+00
2.337245464324951172e+00
2.292018651962280273e+00
2.458250761032104492e+00
2.362303972244262695e+00
2.339908599853515625e+00
2.390718460083007812e+00
2.313283681869506836e+00
2.407174587249755859e+00
2.389846563339233398e+00
2.408703088760375977e+00
2.286540746688842773e+00
2.286866664886474609e+00
2.291089534759521484e+00
2.373475790023803711e+00
2.417819976806640625e+00
2.398674011230468750e+00
2.476583480834960938e+00
2.284115076065063477e+00
2.544020175933837891e+00
2.468554258346557617e+00
2.505117416381835938e+00
2.422432661056518555e+00
2.499402761459350586e+00
2.263243436813354492e+00
2.307767152786254883e+00
2.261472463607788086e+00
2.482904672622680664e+00
2.245805501937866211e+00
2.299277305603027344e+00
2.410842418670654297e+00
2.446304559707641602e+00
2.362327098846435547e+00
2.505048513412475586e+00
2.421959161758422852e+00
2.459902286529541016e+00
2.425434827804565430e+00
2.422559022903442383e+00
2.331158399581909180e+00
2.310276746749877930e+00
2.410156965255737305e+00
2.430927038192749023e+00
2.469910144805908203e+00
2.510106563568115234e+00
2.393779516220092773e+00
2.318792581558227539e+00
2.400946617126464844e+00
2.434155941009521484e+00
2.286867618560791016e+00
2.466729640960693359e+00
2.441573619842529297e+00
2.467113018035888672e+00
2.390058755874633789e+00
2.350152969360351562e+00
2.517284154891967773e+00
2.647103786468505859e+00
2.413640975952148438e+00
2.335987329483032227e+00
2.421152591705322266e+00
2.445487737655639648e+00
2.416281700134277344e+00
2.338178873062133789e+00
2.253854990005493164e+00
2.381616592407226562e+00
2.256419658660888672e+00
2.474024534225463867e+00
2.399784803390502930e+00
2.411212921142578125e+00
2.423588514328002930e+00
2.247580766677856445e+00
2.517009019851684570e+00
2.511768341064453125e+00
2.331873655319213867e+00
2.311736345291137695e+00
2.330574512481689453e+00
2.293814659118652344e+00
2.280039787292480469e+00
2.372414112091064453e+00
2.448724031448364258e+00
2.391391992568969727e+00
2.330070495605468750e+00
2.680663108825683594e+00
2.325428962707519531e+00
2.451146364212036133e+00
2.551073074340820312e+00
2.484770059585571289e+00
2.484974145889282227e+00
2.380676031112670898e+00
2.356854200363159180e+00
2.274559497833251953e+00
2.456131219863891602e+00
2.306805372238159180e+00
2.426527023315429688e+00
2.321814060211181641e+00
2.373250484466552734e+00
2.325628519058227539e+00
2.362092733383178711e+00
2.389497041702270508e+00
2.443787097930908203e+00
2.238642215728759766e+00
2.576610565185546875e+00
2.483413457870483398e+00
2.461041927337646484e+00
2.474251985549926758e+00
2.419804334640502930e+00
2.366771221160888672e+00
2.472806692123413086e+00
2.238494157791137695e+00
2.383672475814819336e+00
2.315492630004882812e+00
2.229132890701293945e+00
2.382564306259155273e+00
2.464556455612182617e+00
2.323701858520507812e+00
2.404711961746215820e+00
2.322989463806152344e+00
2.443782091140747070e+00
2.286427259445190430e+00
2.281131505966186523e+00
2.344798088073730469e+00
2.277308225631713867e+00
2.228321552276611328e+00
2.423168659210205078e+00
2.256302118301391602e+00
2.365999460220336914e+00
2.285326719284057617e+00
2.344633340835571289e+00
2.316129922866821289e+00
2.389945507049560547e+00
2.393934488296508789e+00
2.457850456237792969e+00
2.297833204269409180e+00
2.387503385543823242e+00
2.368486881256103516e+00
2.261288404464721680e+00
2.464807987213134766e+00
2.252269506454467773e+00
2.341966867446899414e+00
2.432111263275146484e+00
2.357048749923706055e+00
2.292079687118530273e+00
2.390744686126708984e+00
2.345458745956420898e+00
2.341791391372680664e+00
2.396025896072387695e+00
2.429054498672485352e+00
2.284473657608032227e+00
2.490441322326660156e+00
2.498557090759277344e+00
2.336237192153930664e+00
2.203577995300292969e+00
2.481498956680297852e+00
2.188083648681640625e+00
2.282961368560791016e+00
2.291270971298217773e+00
2.264014720916748047e+00
2.330667257308959961e+00
2.433420181274414062e+00
2.234618186950683594e+00
2.333959102630615234e+00
2.437299966812133789e+00
2.315691471099853516e+00
2.396856307983398438e+00
2.234791278839111328e+00
2.257665634155273438e+00
2.326148748397827148e+00
2.299506902694702148e+00
2.388997793197631836e+00
2.325654506683349609e+00
2.413584947586059570e+00
2.287142038345336914e+00
2.279328823089599609e+00
2.290133714675903320e+00
2.372433900833129883e+00
2.239583015441894531e+00
2.378167867660522461e+00
2.352516174316406250e+00
2.291433095932006836e+00
2.419232368469238281e+00
2.333364486694335938e+00
2.424499034881591797e+00
2.439702987670898438e+00
2.301991939544677734e+00
2.375539064407348633e+00
2.432576179504394531e+00
2.390879631042480469e+00
2.443362474441528320e+00
2.372704029083251953e+00
2.376366615295410156e+00
2.438951492309570312e+00
2.497365951538085938e+00
2.501712083816528320e+00
2.305411577224731445e+00
2.324974536895751953e+00
2.420192956924438477e+00
2.425678730010986328e+00
2.270726680755615234e+00
2.247555255889892578e+00
2.527287483215332031e+00
2.500888109207153320e+00
2.422269105911254883e+00
2.235702753067016602e+00
2.343221664428710938e+00
2.489583969116210938e+00
2.593770980834960938e+00
2.503032684326171875e+00
2.283858299255371094e+00
2.257870435714721680e+00
2.313628196716308594e+00
2.338571548461914062e+00
2.380732536315917969e+00
2.495579242706298828e+00
2.448443651199340820e+00
2.399585962295532227e+00
2.293167352676391602e+00
2.275191068649291992e+00
2.455825090408325195e+00
2.375236749649047852e+00
2.239047288894653320e+00
2.314596176147460938e+00
2.418184280395507812e+00
2.266630649566650391e+00
2.308363199234008789e+00
2.479708433151245117e+00
2.468713998794555664e+00
2.331106185913085938e+00
2.563108444213867188e+00
2.377615928649902344e+00
2.361402750015258789e+00
2.437882661819458008e+00
2.488553047180175781e+00
2.566653966903686523e+00
2.499912738800048828e+00
2.237615108489990234e+00
2.368093967437744141e+00
2.440720796585083008e+00
2.334419488906860352e+00
2.363138914108276367e+00
2.367278575897216797e+00
2.248010396957397461e+00
2.262148380279541016e+00
2.411468744277954102e+00
2.306461811065673828e+00
2.279643774032592773e+00
2.344427108764648438e+00
2.499326467514038086e+00
2.300613641738891602e+00
2.315340280532836914e+00
2.340466260910034180e+00
2.313765048980712891e+00
2.323389291763305664e+00
2.380375146865844727e+00
2.446082353591918945e+00
2.301791429519653320e+00
2.310842990875244141e+00
2.297548294067382812e+00
2.445210933685302734e+00
2.481847524642944336e+00
2.447983503341674805e+00
2.469327926635742188e+00
2.396663427352905273e+00
2.441433906555175781e+00
2.347200393676757812e+00
2.225060701370239258e+00
2.339210748672485352e+00
2.485028266906738281e+00
2.434649229049682617e+00
2.366225481033325195e+00
2.397639513015747070e+00
2.273364305496215820e+00
2.321745157241821289e+00
2.391417026519775391e+00
2.295453071594238281e+00
2.427568197250366211e+00
2.226417064666748047e+00
2.301688909530639648e+00
2.526344537734985352e+00
2.477455854415893555e+00
2.264289617538452148e+00
2.298361063003540039e+00
2.290915489196777344e+00
2.250603437423706055e+00
2.305735349655151367e+00
2.559632062911987305e+00
2.406455278396606445e+00
2.428089141845703125e+00
2.379125118255615234e+00
2.248120307922363281e+00
2.308840274810791016e+00
2.482557058334350586e+00
2.410197257995605469e+00
3.297230482101440430e+00
2.311184406280517578e+00
