1.245039714336395264e+03
7.191448254585266113e+02
1.229119385957717896e+03
1.276666747093200684e+03
7.344681138992309570e+02
1.684515954971313477e+03
8.090220153331756592e+02
9.599684886932373047e+02
7.780112910270690918e+02
8.687132363319396973e+02
1.042326952934265137e+03
7.644739813804626465e+02
1.915759764194488525e+03
7.945781714916229248e+02
1.038026741266250610e+03
4.644538018703460693e+02
1.508811541557312012e+03
1.777725357294082642e+03
1.153664865016937256e+03
1.199857408761978149e+03
1.315749513626098633e+03
1.427744933128356934e+03
1.023910298585891724e+03
1.069613273382186890e+03
5.105831897258758545e+02
1.247151861667633057e+03
1.541603622436523438e+03
7.056152801513671875e+02
7.985399725437164307e+02
7.968377256393432617e+02
9.133381681442260742e+02
1.092609323978424072e+03
1.510478363990783691e+03
7.908857614994049072e+02
5.002124466896057129e+02
1.105097891092300415e+03
7.646069524288177490e+02
7.497597975730895996e+02
6.937371721267700195e+02
1.784142345905303955e+03
5.544377107620239258e+02
7.621818964481353760e+02
1.107243353366851807e+03
1.085847191333770752e+03
5.120132696628570557e+02
6.162633402347564697e+02
1.067598999738693237e+03
1.724613824844360352e+03
1.050058867692947388e+03
4.345414547920227051e+02
9.776300697326660156e+02
5.243813757896423340e+02
1.451744955301284790e+03
4.616517684459686279e+02
9.091290602684020996e+02
3.756087391376495361e+02
5.285042190551757812e+02
8.709636225700378418e+02
8.462075169086456299e+02
5.267356312274932861e+02
1.005160289764404297e+03
4.590878455638885498e+02
7.175565094947814941e+02
8.295421512126922607e+02
8.814078547954559326e+02
1.268832846641540527e+03
7.949043159484863281e+02
6.300044424533843994e+02
4.943195855617523193e+02
1.064812003135681152e+03
1.202387656211853027e+03
1.101576495409011841e+03
1.126389595985412598e+03
7.027881875038146973e+02
3.909639770984649658e+02
1.002435131549835205e+03
8.623047595024108887e+02
6.430134904384613037e+02
5.696597504615783691e+02
1.389682042121887207e+03
9.013521318435668945e+02
6.148171582221984863e+02
7.426815638542175293e+02
6.918339447975158691e+02
9.431185259819030762e+02
7.517586045265197754e+02
6.401324954032897949e+02
5.846288836002349854e+02
5.982800419330596924e+02
4.034051167964935303e+02
1.198738136768341064e+03
1.261114762544631958e+03
1.756490985155105591e+03
1.080833840847015381e+03
1.263934357881546021e+03
1.411918225288391113e+03
7.160344023704528809e+02
5.875405411720275879e+02
5.613328654766082764e+02
1.274178721666336060e+03
4.487340183258056641e+02
5.384231600761413574e+02
1.407373564004898071e+03
4.788955564498901367e+02
8.387177011966705322e+02
5.249296486377716064e+02
1.377734853267669678e+03
8.810882124900817871e+02
6.903982269763946533e+02
6.335715672969818115e+02
1.176865118980407715e+03
1.236723805189132690e+03
1.004122358083724976e+03
1.700020521402359009e+03
1.204406394243240356e+03
4.686418337821960449e+02
1.522421669721603394e+03
1.153430880308151245e+03
8.736649987697601318e+02
1.468579160928726196e+03
1.287285305738449097e+03
8.526777987480163574e+02
1.180173118829727173e+03
1.030681335687637329e+03
6.748904783725738525e+02
4.063498959541320801e+02
4.063983595371246338e+02
5.114053397178649902e+02
7.931977369785308838e+02
1.076466196060180664e+03
9.282416360378265381e+02
1.699925048589706421e+03
1.041532274246215820e+03
5.071256563663482666e+02
9.806821310520172119e+02
8.872601442337036133e+02
1.385151110410690308e+03
1.501084792137145996e+03
6.012432165145874023e+02
5.376155018806457520e+02
6.609127607345581055e+02
7.347684934139251709e+02
1.443224726438522339e+03
1.079821060895919800e+03
4.929560673236846924e+02
8.326395449638366699e+02
8.876920475959777832e+02
7.807289562225341797e+02
1.043750676155090332e+03
4.212603287696838379e+02
6.029872145652770996e+02
1.617458549022674561e+03
1.005011253118515015e+03
3.470865838527679443e+02
5.430824928283691406e+02
9.030792381763458252e+02
7.817990221977233887e+02
7.206243977546691895e+02
6.745669076442718506e+02
9.109016249179840088e+02
8.527757635116577148e+02
1.522932378292083740e+03
7.147430477142333984e+02
7.482447400093078613e+02
7.621229007244110107e+02
1.485223264932632446e+03
9.452707648277282715e+02
6.620658466815948486e+02
1.385445320129394531e+03
1.675122284173965454e+03
9.612788627147674561e+02
9.028323311805725098e+02
5.859330325126647949e+02
1.160272947311401367e+03
6.827860276699066162e+02
7.834060931205749512e+02
7.346235845088958740e+02
1.717597710609436035e+03
1.096270322084426880e+03
1.111271492242813110e+03
8.108503763675689697e+02
1.717747751474380493e+03
1.467048111200332642e+03
1.227145620107650757e+03
7.359495780467987061e+02
6.762970106601715088e+02
4.639697089195251465e+02
8.022012934684753418e+02
1.108093444585800171e+03
8.665040433406829834e+02
1.199871998548507690e+03
1.490687322854995728e+03
9.263178992271423340e+02
1.216289375782012939e+03
1.341327724218368530e+03
8.541517040729522705e+02
1.526592561960220337e+03
4.981370680332183838e+02
4.502106244564056396e+02
1.213265424728393555e+03
1.494719204425811768e+03
1.052795726776123047e+03
1.108589276313781738e+03
4.529876048564910889e+02
8.242674031257629395e+02
8.705498497486114502e+02
1.358913889884948730e+03
1.411535447359085083e+03
1.184883093595504761e+03
6.286804370880126953e+02
7.232934241294860840e+02
8.519467127323150635e+02
1.196721253156661987e+03
1.363663914203643799e+03
5.250413885116577148e+02
1.688973278284072876e+03
1.109691378593444824e+03
7.176783430576324463e+02
9.916361126899719238e+02
1.002636109590530396e+03
9.450334076881408691e+02
1.708340670824050903e+03
8.074561045169830322e+02
8.627919194698333740e+02
7.232604703903198242e+02
7.229644355773925781e+02
5.259744181632995605e+02
1.061128926992416382e+03
7.785010485649108887e+02
1.127209652423858643e+03
4.210823249816894531e+02
1.158387921333312988e+03
8.416947169303894043e+02
1.268518111944198608e+03
4.805239989757537842e+02
5.671088509559631348e+02
9.380236659049987793e+02
7.811590731143951416e+02
5.234263684749603271e+02
7.966181747913360596e+02
1.797582544565200806e+03
1.776287299871444702e+03
1.776761247873306274e+03
8.837911233901977539e+02
1.186304265022277832e+03
1.014815494537353516e+03
3.918550193309783936e+02
1.350029804944992065e+03
8.112513663768768311e+02
9.136544523239135742e+02
5.651388125419616699e+02
5.242673952579498291e+02
6.023739869594573975e+02
9.785819425582885742e+02
7.038228280544281006e+02
9.989569504261016846e+02
7.319051685333251953e+02
5.542935616970062256e+02
5.395225007534027100e+02
6.565856745243072510e+02
5.990229973793029785e+02
1.069295849561691284e+03
1.475738958835601807e+03
8.838239221572875977e+02
7.607696819305419922e+02
1.318044339418411255e+03
3.899199337959289551e+02
9.460395400524139404e+02
1.113229290723800659e+03
6.916340124607086182e+02
6.900589623451232910e+02
1.760634815454483032e+03
6.899329819679260254e+02
1.322742415189743042e+03
8.870310094356536865e+02
4.041391324996948242e+02
6.288343765735626221e+02
6.723718550205230713e+02
4.660206966400146484e+02
1.088125028133392334e+03
1.784011047840118408e+03
5.099561660289764404e+02
1.106458221435546875e+03
1.888634072542190552e+03
1.064838773250579834e+03
1.206774899005889893e+03
1.408625272512435913e+03
1.601208503246307373e+03
1.308209483385086060e+03
6.317045373916625977e+02
6.894961025714874268e+02
5.354444956779479980e+02
9.447577767372131348e+02
1.217240552663803101e+03
1.219520586490631104e+03
1.211152480840682983e+03
1.419397633790969849e+03
1.392445373296737671e+03
1.182653228759765625e+03
7.959061450958251953e+02
9.611369454860687256e+02
8.556708238124847412e+02
8.552098612785339355e+02
7.812450504302978516e+02
1.393673344135284424e+03
1.310415528774261475e+03
5.416975905895233154e+02
4.361275200843811035e+02
6.890830948352813721e+02
4.966651616096496582e+02
1.173884139060974121e+03
1.125728590726852417e+03
6.321865439414978027e+02
1.252869901657104492e+03
9.310425562858581543e+02
1.475366160631179810e+03
6.919820594787597656e+02
9.437520093917846680e+02
1.087403071880340576e+03
6.472051558494567871e+02
1.051074212551116943e+03
1.270971017837524414e+03
6.449235842227935791e+02
1.065379905223846436e+03
1.165729886531829834e+03
7.951511116027832031e+02
1.128439525842666626e+03
4.211163072586059570e+02
9.890640413761138916e+02
8.743539164066314697e+02
4.199033353328704834e+02
6.610007762908935547e+02
1.622467535972595215e+03
1.023551485300064087e+03
1.185781147003173828e+03
1.111535367488861084e+03
1.386797147274017334e+03
4.521306536197662354e+02
7.796689975261688232e+02
9.661518287658691406e+02
5.170073025226593018e+02
1.685703138589859009e+03
5.884900419712066650e+02
5.552767140865325928e+02
4.720568141937255859e+02
1.050897708415985107e+03
1.204389243602752686e+03
1.420202614784240723e+03
8.778059415817260742e+02
9.760246722698211670e+02
1.075846990108489990e+03
1.816712914466857910e+03
3.908530280590057373e+02
1.068487947463989258e+03
2.013615572452545166e+03
7.688468749523162842e+02
1.701675356388092041e+03
6.321654257774353027e+02
6.607037374973297119e+02
9.364695494174957275e+02
4.671517140865325928e+02
4.212693228721618652e+02
8.144672911167144775e+02
5.125442121028900146e+02
6.632607841491699219e+02
8.278994929790496826e+02
1.190193159103393555e+03
6.594656825065612793e+02
4.807769370079040527e+02
5.971200916767120361e+02
1.260576815605163574e+03
7.358115170001983643e+02
8.104882652759552002e+02
1.546219815254211426e+03
8.302994477748870850e+02
5.572427141666412354e+02
1.080235057353973389e+03
8.329715404510498047e+02
9.819219942092895508e+02
6.583547153472900391e+02
7.927691345214843750e+02
6.908920779228210449e+02
9.144553644657135010e+02
1.114168649911880493e+03
4.948385226726531982e+02
1.039064807415008545e+03
9.901340439319610596e+02
7.971300227642059326e+02
4.642767357826232910e+02
6.861550028324127197e+02
6.598266911506652832e+02
8.093613026142120361e+02
1.127307547092437744e+03
1.023523462533950806e+03
7.303864171504974365e+02
1.451918827295303345e+03
6.278674082756042480e+02
1.054584784507751465e+03
7.396104846000671387e+02
5.326074397563934326e+02
1.211246352434158325e+03
6.198403387069702148e+02
9.707899553775787354e+02
7.156473224163055420e+02
1.095475231647491455e+03
1.489555187702178955e+03
4.495895898342132568e+02
8.398835654258728027e+02
5.245494019985198975e+02
5.089472358226776123e+02
7.061992530822753906e+02
1.089952122211456299e+03
6.728449294567108154e+02
6.150233185291290283e+02
1.315851419925689697e+03
1.153264732360839844e+03
9.155133905410766602e+02
1.574768099546432495e+03
7.811644117832183838e+02
9.162983589172363281e+02
4.792918307781219482e+02
9.750424056053161621e+02
5.106250996589660645e+02
7.207830944061279297e+02
1.273715247154235840e+03
7.085673925876617432e+02
7.977922952175140381e+02
9.034484438896179199e+02
7.921132001876831055e+02
1.138139835119247437e+03
1.263747193813323975e+03
8.399307944774627686e+02
6.128334176540374756e+02
8.110434806346893311e+02
1.204938540697097778e+03
5.751459798812866211e+02
8.999523928165435791e+02
7.160754752159118652e+02
1.158381011724472046e+03
9.773592164516448975e+02
1.670426390886306763e+03
7.958253328800201416e+02
1.460887190103530884e+03
4.667377781867980957e+02
8.427037546634674072e+02
6.839283981323242188e+02
6.672734992504119873e+02
5.753320310115814209e+02
9.188385815620422363e+02
8.755791471004486084e+02
9.800491478443145752e+02
6.015853075981140137e+02
4.962501945495605469e+02
1.023813405990600586e+03
5.410293114185333252e+02
1.920953205108642578e+03
4.986056084632873535e+02
9.486794137954711914e+02
2.090404001474380493e+03
8.420903868675231934e+02
5.853605246543884277e+02
9.087400865554809570e+02
6.770094873905181885e+02
4.074525215625762939e+02
1.557692496061325073e+03
7.846950016021728516e+02
9.531807212829589844e+02
1.240314629077911377e+03
7.398024284839630127e+02
1.352602645635604858e+03
6.156852157115936279e+02
5.564305915832519531e+02
1.638539565563201904e+03
1.013597259759902954e+03
1.008313232898712158e+03
7.498525512218475342e+02
4.510355858802795410e+02
6.555265836715698242e+02
6.446805195808410645e+02
8.017221417427062988e+02
1.311611308574676514e+03
6.461545269489288330e+02
1.454495706558227539e+03
6.035930953025817871e+02
8.717478260993957520e+02
7.963720917701721191e+02
1.593653887033462524e+03
5.106823260784149170e+02
1.371017750740051270e+03
6.954388046264648438e+02
8.118650243282318115e+02
8.749293236732482910e+02
1.079211381673812866e+03
1.467484923839569092e+03
1.417947069883346558e+03
9.978733179569244385e+02
1.125335882186889648e+03
1.294086435079574585e+03
1.529683901071548462e+03
7.201244485378265381e+02
7.375096566677093506e+02
9.667540071010589600e+02
5.881020779609680176e+02
1.347497878074645996e+03
4.507556941509246826e+02
5.844380164146423340e+02
1.172763077974319458e+03
1.428866747856140137e+03
5.298004086017608643e+02
6.364496197700500488e+02
1.086128197669982910e+03
1.279083224296569824e+03
8.639169030189514160e+02
1.281486189126968384e+03
1.615626621961593628e+03
9.037023029327392578e+02
7.680218796730041504e+02
1.128633046865463257e+03
1.116603029251098633e+03
4.221577341556549072e+02
5.780981962680816650e+02
1.207706730842590332e+03
6.497075333595275879e+02
4.081699414253234863e+02
1.073472870111465454e+03
1.322650404930114746e+03
6.776106798648834229e+02
1.250934131860733032e+03
9.219816627502441406e+02
8.885340545177459717e+02
1.641008731365203857e+03
6.123672776222229004e+02
1.123971517562866211e+03
9.033061914443969727e+02
1.028327452898025513e+03
9.405475971698760986e+02
7.981161894798278809e+02
6.313884885311126709e+02
4.143152773380279541e+02
8.419765353202819824e+02
5.828548989295959473e+02
6.391145606040954590e+02
9.042752704620361328e+02
9.037442069053649902e+02
1.710619431257247925e+03
6.461365401744842529e+02
5.260323505401611328e+02
7.962291307449340820e+02
8.393915877342224121e+02
7.812970190048217773e+02
6.760309348106384277e+02
9.919631173610687256e+02
6.753920950889587402e+02
4.376483445167541504e+02
1.127908724546432495e+03
6.926456322669982910e+02
1.449515491485595703e+03
1.224677102327346802e+03
9.335908110141754150e+02
1.617518956899642944e+03
1.237780750274658203e+03
1.078219450235366821e+03
6.971381163597106934e+02
4.501372661590576172e+02
4.639844129085540771e+02
4.636923377513885498e+02
5.050099043846130371e+02
6.853728034496307373e+02
1.887992640256881714e+03
1.034893304824829102e+03
6.683432054519653320e+02
1.043681107759475708e+03
4.672819945812225342e+02
1.091520588636398315e+03
1.362587224483489990e+03
7.308515996932983398e+02
7.936212868690490723e+02
7.826001856327056885e+02
6.921831147670745850e+02
6.536647424697875977e+02
1.079505111455917358e+03
1.049026818275451660e+03
8.703799023628234863e+02
1.060276866197586060e+03
7.051332256793975830e+02
1.773521495580673218e+03
1.214245522499084473e+03
9.078195438385009766e+02
7.979756312370300293e+02
4.529234943389892578e+02
7.088196117877960205e+02
1.113993585348129272e+03
1.736371567487716675e+03
8.302275657653808594e+02
1.863567852258682251e+03
1.732435317516326904e+03
5.385891041755676270e+02
6.499949653148651123e+02
6.024002678394317627e+02
5.996703186035156250e+02
9.762165822982788086e+02
1.091490202665328979e+03
9.846496870517730713e+02
6.933335053920745850e+02
5.742550041675567627e+02
1.705289729118347168e+03
9.831510632038116455e+02
1.441426320791244507e+03
1.118506457328796387e+03
7.076045737266540527e+02
1.193253728866577148e+03
9.038846507072448730e+02
6.512318692207336426e+02
5.291256034374237061e+02
5.876242005825042725e+02
8.995264348983764648e+02
1.066277135848999023e+03
6.093547949790954590e+02
8.001649768352508545e+02
7.959938611984252930e+02
1.057920855283737183e+03
5.116917178630828857e+02
5.114876728057861328e+02
1.379726955890655518e+03
8.905820410251617432e+02
6.937042472362518311e+02
6.488757467269897461e+02
1.130154706954956055e+03
8.720817425251007080e+02
6.036933948993682861e+02
1.404307172775268555e+03
1.175089262247085571e+03
8.007982220649719238e+02
1.120761963367462158e+03
9.812369656562805176e+02
7.639269080162048340e+02
6.462955005168914795e+02
1.008402551651000977e+03
7.078517932891845703e+02
1.203422917366027832e+03
1.015049746751785278e+03
1.276243693590164185e+03
4.210528438091278076e+02
7.749159088134765625e+02
9.237971169948577881e+02
9.176080517768859863e+02
3.643259875774383545e+02
8.044688200950622559e+02
1.195849724292755127e+03
7.138195970058441162e+02
7.400068039894104004e+02
7.516569709777832031e+02
1.255882835865020752e+03
1.143394683837890625e+03
1.188522853851318359e+03
4.652882311344146729e+02
7.234330267906188965e+02
1.467735702514648438e+03
7.679154908657073975e+02
7.950791170597076416e+02
9.629464356899261475e+02
7.829753832817077637e+02
6.906323292255401611e+02
5.127992970943450928e+02
6.158784508705139160e+02
6.595521636009216309e+02
4.208251154422760010e+02
7.001598787307739258e+02
8.876419568061828613e+02
1.362354934453964233e+03
8.139833431243896484e+02
8.231525058746337891e+02
6.025109171867370605e+02
7.069256744384765625e+02
1.016092390775680542e+03
5.544768013954162598e+02
7.047235460281372070e+02
9.193354215621948242e+02
5.576563010215759277e+02
7.946280272006988525e+02
1.021034536838531494e+03
8.879146096706390381e+02
5.867301988601684570e+02
2.594095605373382568e+03
8.406817798614501953e+02
1.068534264087677002e+03
8.263176753520965576e+02
1.206180092811584473e+03
8.996731069087982178e+02
7.943787472248077393e+02
5.273744530677795410e+02
1.202561321973800659e+03
9.553470153808593750e+02
1.158713671684265137e+03
7.086760678291320801e+02
1.254867654561996460e+03
8.132335917949676514e+02
5.577197465896606445e+02
4.855331237316131592e+02
1.161555024862289429e+03
9.353910760879516602e+02
8.264592149257659912e+02
1.291223758220672607e+03
1.068753201007843018e+03
6.103286647796630859e+02
9.723586966991424561e+02
7.602394418716430664e+02
9.802741558551788330e+02
7.529353518486022949e+02
1.010647313594818115e+03
7.832140736579895020e+02
6.808338773250579834e+02
1.215345596075057983e+03
1.079703241586685181e+03
4.357447943687438965e+02
5.869433991909027100e+02
6.530811150074005127e+02
7.763101305961608887e+02
8.787762858867645264e+02
1.197323706388473511e+03
5.732635605335235596e+02
1.404298985242843628e+03
4.725033898353576660e+02
9.684534535408020020e+02
9.951131465435028076e+02
1.004377040863037109e+03
1.024898915052413940e+03
1.344220320463180542e+03
6.913051896095275879e+02
6.047479114532470703e+02
5.280148918628692627e+02
7.439820585250854492e+02
4.179104917049407959e+02
5.161857342720031738e+02
1.217955565690994263e+03
1.190182116031646729e+03
6.234247143268585205e+02
5.882831101417541504e+02
9.623005616664886475e+02
6.025855388641357422e+02
8.309167127609252930e+02
7.442184932231903076e+02
7.254889450073242188e+02
9.644209077358245850e+02
6.914265377521514893e+02
7.833676254749298096e+02
6.925715360641479492e+02
7.977501106262207031e+02
9.383236887454986572e+02
5.589353945255279541e+02
8.654029319286346436e+02
5.693672552108764648e+02
4.225146198272705078e+02
8.927557275295257568e+02
7.072107400894165039e+02
5.748172953128814697e+02
1.279470659494400024e+03
8.445650000572204590e+02
4.218614866733551025e+02
8.949605162143707275e+02
1.021981347799301147e+03
1.302128457784652710e+03
1.128128903865814209e+03
1.244698850393295288e+03
9.477266705036163330e+02
1.134564692020416260e+03
1.075073596239089966e+03
5.358401236534118652e+02
4.850049915313720703e+02
7.506399652957916260e+02
1.475272576332092285e+03
4.650550155639648438e+02
7.709192559719085693e+02
8.285483012199401855e+02
1.088409399032592773e+03
8.765093674659729004e+02
1.343408988714218140e+03
6.479621417522430420e+02
6.623727693557739258e+02
4.789479489326477051e+02
7.148058435916900635e+02
7.940328774452209473e+02
7.195539040565490723e+02
9.806185703277587891e+02
8.139513993263244629e+02
8.939473052024841309e+02
1.586008928775787354e+03
6.291948533058166504e+02
1.194907021999359131e+03
6.802034223079681396e+02
1.031459047794342041e+03
8.404489536285400391e+02
1.058562162637710571e+03
6.180636038780212402e+02
9.174102511405944824e+02
1.234611000776290894e+03
1.220196307182312012e+03
9.623209006786346436e+02
1.040450033187866211e+03
1.381102810382843018e+03
1.044015208959579468e+03
9.903490307331085205e+02
1.031291872978210449e+03
6.776701040267944336e+02
8.150144820213317871e+02
1.170265773296356201e+03
1.446856384515762329e+03
9.522166130542755127e+02
1.058693768501281738e+03
8.756921703815460205e+02
9.925882267951965332e+02
7.695704238414764404e+02
8.756316254138946533e+02
1.463999849557876587e+03
5.740014154911041260e+02
1.340940148115158081e+03
5.895396530628204346e+02
7.379693706035614014e+02
1.132446254730224609e+03
8.407371077537536621e+02
6.037155141830444336e+02
4.872882542610168457e+02
8.807732806205749512e+02
5.801310646533966064e+02
6.370946750640869141e+02
4.535066828727722168e+02
1.044262911081314087e+03
5.431065204143524170e+02
9.813735074996948242e+02
7.260368711948394775e+02
7.519121978282928467e+02
1.130367178678512573e+03
5.709394321441650391e+02
1.068711475372314453e+03
8.578446743488311768e+02
1.040594930887222290e+03
1.261011420965194702e+03
7.702693080902099609e+02
1.118192495584487915e+03
8.140199136734008789e+02
7.890635435581207275e+02
1.890905217885971069e+03
1.429019172191619873e+03
1.088740328073501587e+03
3.928705098628997803e+02
9.328896777629852295e+02
8.116690819263458252e+02
1.050959027767181396e+03
1.385659581899642944e+03
1.541709725141525269e+03
7.062371206283569336e+02
6.947729072570800781e+02
1.645269937038421631e+03
4.376447947025299072e+02
6.785813910961151123e+02
7.004216115474700928e+02
5.144895582199096680e+02
9.480371224880218506e+02
8.144397423267364502e+02
6.006303741931915283e+02
9.086791474819183350e+02
7.668939492702484131e+02
1.098702336788177490e+03
5.726983399391174316e+02
1.917391332387924194e+03
9.851367371082305908e+02
6.185939695835113525e+02
5.436074085235595703e+02
9.048114898204803467e+02
7.370817461013793945e+02
1.142349753618240356e+03
1.206000528812408447e+03
1.093210679054260254e+03
9.583523812294006348e+02
8.192860918045043945e+02
9.270740983486175537e+02
8.096073830127716064e+02
1.222428186416625977e+03
9.334737775325775146e+02
7.881857728958129883e+02
8.734898152351379395e+02
8.305003008842468262e+02
1.054028079271316528e+03
1.056262040615081787e+03
4.358599729537963867e+02
9.173774302005767822e+02
1.263886825323104858e+03
7.338250257968902588e+02
6.202508089542388916e+02
1.359955642938613892e+03
1.576306659460067749e+03
7.085605552196502686e+02
1.020475369215011597e+03
1.683751995325088501e+03
1.062071736097335815e+03
1.502008110284805298e+03
1.021315323829650879e+03
7.946041874885559082e+02
7.393881378173828125e+02
6.188667359352111816e+02
