6.060969281196594238e+01
6.007612013816833496e+01
6.039405107498168945e+01
5.965486550331115723e+01
6.012771892547607422e+01
5.990870666503906250e+01
6.001268339157104492e+01
5.989770197868347168e+01
5.979869413375854492e+01
6.003860187530517578e+01
6.079663705825805664e+01
6.037859463691711426e+01
5.984461545944213867e+01
6.008462882041931152e+01
6.017161178588867188e+01
5.989958572387695312e+01
6.008465123176574707e+01
6.011461758613586426e+01
6.018464469909667969e+01
6.034266924858093262e+01
6.007862114906311035e+01
6.005356574058532715e+01
6.030208611488342285e+01
6.009703373908996582e+01
5.993994188308715820e+01
6.024396920204162598e+01
6.025465536117553711e+01
6.025763344764709473e+01
6.077110338211059570e+01
6.044208526611328125e+01
6.037081360816955566e+01
6.018979954719543457e+01
6.024570798873901367e+01
6.014469361305236816e+01
6.039569807052612305e+01
6.043665313720703125e+01
6.006558299064636230e+01
6.016959452629089355e+01
5.995266437530517578e+01
6.009164524078369141e+01
5.985363030433654785e+01
5.993361306190490723e+01
6.002663898468017578e+01
6.035464859008789062e+01
6.014463496208190918e+01
5.993464422225952148e+01
5.986561512947082520e+01
6.025061941146850586e+01
6.024963617324829102e+01
5.984366798400878906e+01
6.012161326408386230e+01
5.999356651306152344e+01
6.010466384887695312e+01
6.010966682434082031e+01
6.012561559677124023e+01
6.028776502609252930e+01
6.023477411270141602e+01
6.021674060821533203e+01
6.011581659317016602e+01
6.032883572578430176e+01
6.010685610771179199e+01
5.995957875251770020e+01
5.991259026527404785e+01
5.987154579162597656e+01
5.977300286293029785e+01
6.002402877807617188e+01
5.994881010055541992e+01
6.000382351875305176e+01
6.018770837783813477e+01
5.986163997650146484e+01
5.996262288093566895e+01
6.008365702629089355e+01
6.009463548660278320e+01
6.004862332344055176e+01
6.015760827064514160e+01
5.981164431571960449e+01
6.012963819503784180e+01
6.014063739776611328e+01
5.985756564140319824e+01
6.022561812400817871e+01
5.991160273551940918e+01
6.016161942481994629e+01
6.007066512107849121e+01
6.003864789009094238e+01
5.991158914566040039e+01
5.993060708045959473e+01
5.990660548210144043e+01
6.016965126991271973e+01
5.999459528923034668e+01
6.009165430068969727e+01
6.000752854347229004e+01
6.009060716629028320e+01
6.030360579490661621e+01
6.024614191055297852e+01
5.996094679832458496e+01
5.999900746345520020e+01
5.990264010429382324e+01
6.040265011787414551e+01
6.018004179000854492e+01
6.007908296585083008e+01
5.988480424880981445e+01
5.995179891586303711e+01
6.035378193855285645e+01
6.020269012451171875e+01
6.009673976898193359e+01
5.994167661666870117e+01
6.007870793342590332e+01
5.973261666297912598e+01
5.996861910820007324e+01
6.023561596870422363e+01
6.040458703041076660e+01
6.021161079406738281e+01
5.998562169075012207e+01
6.029966640472412109e+01
6.017965030670166016e+01
6.027958893775939941e+01
6.015066814422607422e+01
5.999361801147460938e+01
6.001261758804321289e+01
6.003860354423522949e+01
5.997063088417053223e+01
5.990961790084838867e+01
6.002168416976928711e+01
6.031765794754028320e+01
5.998484706878662109e+01
6.045583486557006836e+01
6.009185981750488281e+01
6.015786409378051758e+01
6.019991564750671387e+01
5.983364892005920410e+01
5.999665641784667969e+01
6.015707755088806152e+01
6.002104425430297852e+01
5.992477869987487793e+01
6.049079537391662598e+01
6.038173103332519531e+01
5.966872334480285645e+01
6.003065943717956543e+01
5.990864014625549316e+01
5.993360590934753418e+01
6.004467201232910156e+01
5.999163103103637695e+01
6.020861077308654785e+01
6.030967760086059570e+01
6.011756086349487305e+01
6.041460943222045898e+01
6.058560466766357422e+01
6.036666607856750488e+01
6.016661238670349121e+01
6.027361249923706055e+01
6.038263344764709473e+01
6.005258178710937500e+01
6.009560775756835938e+01
6.030962085723876953e+01
6.026766633987426758e+01
6.021266222000122070e+01
6.034160995483398438e+01
6.011761403083801270e+01
6.022653746604919434e+01
5.979454565048217773e+01
6.018898224830627441e+01
6.015499877929687500e+01
6.033803987503051758e+01
6.030266833305358887e+01
6.012469983100891113e+01
5.997166395187377930e+01
6.104066085815429688e+01
6.005961918830871582e+01
6.018958950042724609e+01
6.045557284355163574e+01
6.020262145996093750e+01
5.998356676101684570e+01
5.997361779212951660e+01
6.020566940307617188e+01
5.993467044830322266e+01
6.052467393875122070e+01
6.010262298583984375e+01
6.005362772941589355e+01
6.018559360504150391e+01
5.995656561851501465e+01
6.031162190437316895e+01
6.026061844825744629e+01
6.036861681938171387e+01
6.105763483047485352e+01
6.018958878517150879e+01
6.048866939544677734e+01
6.018766593933105469e+01
6.045758962631225586e+01
6.045562624931335449e+01
6.008863830566406250e+01
6.036483883857727051e+01
6.063095426559448242e+01
6.004589676856994629e+01
6.010364294052124023e+01
6.014960837364196777e+01
6.004760813713073730e+01
6.002466177940368652e+01
6.008867645263671875e+01
6.033654713630676270e+01
6.020457530021667480e+01
6.039166164398193359e+01
5.997256374359130859e+01
6.017063546180725098e+01
6.021865844726562500e+01
6.006664657592773438e+01
6.013366222381591797e+01
5.982853722572326660e+01
6.006064581871032715e+01
5.995152425765991211e+01
6.018664598464965820e+01
6.016958642005920410e+01
6.011764287948608398e+01
6.024665951728820801e+01
6.011659526824951172e+01
6.010557556152343750e+01
5.970865368843078613e+01
5.998861670494079590e+01
5.985262370109558105e+01
6.030464601516723633e+01
6.031066703796386719e+01
6.037306141853332520e+01
6.023504853248596191e+01
6.005803489685058594e+01
6.031367111206054688e+01
6.076262378692626953e+01
6.035158944129943848e+01
6.029963612556457520e+01
6.034762263298034668e+01
6.024761986732482910e+01
6.034462738037109375e+01
6.014767551422119141e+01
6.041164255142211914e+01
6.004667091369628906e+01
6.027961969375610352e+01
6.019962477684020996e+01
6.015063905715942383e+01
6.000564718246459961e+01
5.997165083885192871e+01
5.987164878845214844e+01
6.014167404174804688e+01
6.022360563278198242e+01
6.023264098167419434e+01
6.024360442161560059e+01
6.006665062904357910e+01
5.986861228942871094e+01
6.008363819122314453e+01
6.017167162895202637e+01
6.012268710136413574e+01
5.997765088081359863e+01
5.999062538146972656e+01
6.024166965484619141e+01
6.009864425659179688e+01
5.965261602401733398e+01
6.011775755882263184e+01
5.994773840904235840e+01
6.005967807769775391e+01
5.997273063659667969e+01
6.011759018898010254e+01
5.990060400962829590e+01
5.981460475921630859e+01
6.027866148948669434e+01
6.049362969398498535e+01
6.003060579299926758e+01
6.020865726470947266e+01
5.994960570335388184e+01
6.002653646469116211e+01
6.036666107177734375e+01
5.981762290000915527e+01
6.026160669326782227e+01
6.019863510131835938e+01
6.020662498474121094e+01
6.005963635444641113e+01
6.007161021232604980e+01
5.997056126594543457e+01
6.047658562660217285e+01
6.032760524749755859e+01
6.011258149147033691e+01
6.018465518951416016e+01
5.994865107536315918e+01
5.999361038208007812e+01
5.982565188407897949e+01
6.052262115478515625e+01
6.014460492134094238e+01
6.001760411262512207e+01
6.011465406417846680e+01
5.970561504364013672e+01
5.995392227172851562e+01
5.982397198677062988e+01
6.025703597068786621e+01
6.007261991500854492e+01
6.006361603736877441e+01
6.014263582229614258e+01
5.988460969924926758e+01
6.004656386375427246e+01
6.037162280082702637e+01
6.010161614418029785e+01
5.996365451812744141e+01
5.999956774711608887e+01
6.020859479904174805e+01
5.982167077064514160e+01
5.986264324188232422e+01
6.027864027023315430e+01
6.054562330245971680e+01
6.056564259529113770e+01
6.027265858650207520e+01
6.009561300277709961e+01
6.032465076446533203e+01
6.025762128829956055e+01
6.035565590858459473e+01
6.032562160491943359e+01
6.007957434654235840e+01
6.002362060546875000e+01
6.039267706871032715e+01
6.003558945655822754e+01
5.999865078926086426e+01
5.989466691017150879e+01
5.981458687782287598e+01
5.991584229469299316e+01
6.016786956787109375e+01
6.039885783195495605e+01
6.016391229629516602e+01
6.007457995414733887e+01
6.021864271163940430e+01
5.985461735725402832e+01
6.001559758186340332e+01
5.995158433914184570e+01
6.023466205596923828e+01
6.018065237998962402e+01
5.974460911750793457e+01
5.971765995025634766e+01
5.984656190872192383e+01
6.015761423110961914e+01
6.011758470535278320e+01
6.024061226844787598e+01
6.034858894348144531e+01
6.020361542701721191e+01
6.027261543273925781e+01
6.033462500572204590e+01
6.057064175605773926e+01
5.996259760856628418e+01
6.022865080833435059e+01
6.021766972541809082e+01
6.052561950683593750e+01
6.022961306571960449e+01
6.020460724830627441e+01
6.040262150764465332e+01
6.024763131141662598e+01
6.027364015579223633e+01
6.141233444213867188e+01
6.131059002876281738e+01
6.130906844139099121e+01
6.143407058715820312e+01
6.065367794036865234e+01
6.099754643440246582e+01
6.063362002372741699e+01
6.062166047096252441e+01
6.062065315246582031e+01
6.119164037704467773e+01
6.080963253974914551e+01
6.108962273597717285e+01
6.088661408424377441e+01
6.076357054710388184e+01
6.055462026596069336e+01
6.101767039299011230e+01
6.096765160560607910e+01
6.059261727333068848e+01
6.030763220787048340e+01
6.076561594009399414e+01
6.062564206123352051e+01
6.051866793632507324e+01
6.056365084648132324e+01
6.065361690521240234e+01
6.077461838722229004e+01
6.071961736679077148e+01
6.069563865661621094e+01
6.108367156982421875e+01
6.065557456016540527e+01
6.080064749717712402e+01
6.105066776275634766e+01
6.049561452865600586e+01
6.064762258529663086e+01
5.993956160545349121e+01
6.037861394882202148e+01
6.083864235877990723e+01
6.100393986701965332e+01
6.058793711662292480e+01
6.012788319587707520e+01
6.113599109649658203e+01
6.152459669113159180e+01
6.101458430290222168e+01
6.018269491195678711e+01
6.010458064079284668e+01
6.132060861587524414e+01
6.119765734672546387e+01
6.112561273574829102e+01
6.116863322257995605e+01
6.082466912269592285e+01
6.135062265396118164e+01
6.240266871452331543e+01
6.165965843200683594e+01
6.124260520935058594e+01
6.165063524246215820e+01
6.118262219429016113e+01
6.069959163665771484e+01
6.088363409042358398e+01
6.104566311836242676e+01
6.017356824874877930e+01
6.125267362594604492e+01
6.130462288856506348e+01
6.112755942344665527e+01
6.089061522483825684e+01
6.107466936111450195e+01
6.112562012672424316e+01
6.003161120414733887e+01
6.082665395736694336e+01
6.095661997795104980e+01
6.122262477874755859e+01
6.085763192176818848e+01
6.039061450958251953e+01
6.041916942596435547e+01
6.076413941383361816e+01
6.081921267509460449e+01
6.097026205062866211e+01
6.099727773666381836e+01
6.116368627548217773e+01
6.092768120765686035e+01
6.123463726043701172e+01
6.117964458465576172e+01
6.133164453506469727e+01
6.080166053771972656e+01
6.091463088989257812e+01
6.098163318634033203e+01
6.102362442016601562e+01
6.084364509582519531e+01
6.114963436126708984e+01
6.103263401985168457e+01
6.070062828063964844e+01
6.135363197326660156e+01
6.138965773582458496e+01
6.104262447357177734e+01
6.055165719985961914e+01
6.112763571739196777e+01
6.111063766479492188e+01
6.041965985298156738e+01
6.072064113616943359e+01
6.079862427711486816e+01
6.133261466026306152e+01
6.016557860374450684e+01
6.095865178108215332e+01
6.074360752105712891e+01
6.082964515686035156e+01
6.090759944915771484e+01
6.082162952423095703e+01
6.076261186599731445e+01
6.037312340736389160e+01
6.052816557884216309e+01
6.093219113349914551e+01
6.068522095680236816e+01
6.061716198921203613e+01
6.104220747947692871e+01
6.045566844940185547e+01
6.027063870429992676e+01
6.082870864868164062e+01
6.071363759040832520e+01
6.099272394180297852e+01
6.060267281532287598e+01
6.360164642333984375e+01
6.310669112205505371e+01
6.100865578651428223e+01
6.080859088897705078e+01
6.074460864067077637e+01
6.044666886329650879e+01
6.052964234352111816e+01
6.060161280632019043e+01
6.089759588241577148e+01
6.113063716888427734e+01
6.127863574028015137e+01
6.128961992263793945e+01
6.147860193252563477e+01
6.123763585090637207e+01
6.102860975265502930e+01
6.114958548545837402e+01
6.146564197540283203e+01
6.137661552429199219e+01
6.115559387207031250e+01
6.149061846733093262e+01
6.097967147827148438e+01
6.130946803092956543e+01
6.134249019622802734e+01
6.119743227958679199e+01
6.135310983657836914e+01
6.115517950057983398e+01
6.136024761199951172e+01
6.115427708625793457e+01
6.057368183135986328e+01
6.187472796440124512e+01
6.127970719337463379e+01
6.066167855262756348e+01
6.122865891456604004e+01
6.142861318588256836e+01
6.119962644577026367e+01
6.152664637565612793e+01
6.176365399360656738e+01
6.158758544921875000e+01
6.094461917877197266e+01
6.129662299156188965e+01
6.133963418006896973e+01
6.329360747337341309e+01
6.166257929801940918e+01
6.176163506507873535e+01
6.197268795967102051e+01
6.160263657569885254e+01
6.201268219947814941e+01
6.156666111946105957e+01
6.144968104362487793e+01
6.184167218208312988e+01
6.125064778327941895e+01
6.119531464576721191e+01
6.163039112091064453e+01
6.185737347602844238e+01
6.175541234016418457e+01
6.127135753631591797e+01
6.150024461746215820e+01
6.150826191902160645e+01
6.136215710639953613e+01
6.164624166488647461e+01
6.154666590690612793e+01
6.145869827270507812e+01
6.151574182510375977e+01
6.060462522506713867e+01
6.076266956329345703e+01
6.071466422080993652e+01
6.082161855697631836e+01
6.054263663291931152e+01
6.092362189292907715e+01
6.073166131973266602e+01
6.029061126708984375e+01
6.091067051887512207e+01
6.085163807868957520e+01
6.079564356803894043e+01
6.096261286735534668e+01
6.081268596649169922e+01
6.071166682243347168e+01
6.070366883277893066e+01
6.120264673233032227e+01
6.032266688346862793e+01
6.058768749237060547e+01
6.050263619422912598e+01
6.066765522956848145e+01
6.078361463546752930e+01
6.151063609123229980e+01
6.112064337730407715e+01
6.085541462898254395e+01
6.172444725036621094e+01
6.089732527732849121e+01
6.036231112480163574e+01
6.068232417106628418e+01
6.050191187858581543e+01
6.089693737030029297e+01
6.093092083930969238e+01
6.125277996063232422e+01
6.123577833175659180e+01
6.124267601966857910e+01
6.010074162483215332e+01
6.078667855262756348e+01
6.190971755981445312e+01
6.003574943542480469e+01
6.131870532035827637e+01
6.114265203475952148e+01
6.114263558387756348e+01
6.126567244529724121e+01
6.182465720176696777e+01
6.126262378692626953e+01
6.153367948532104492e+01
6.117363548278808594e+01
6.058566021919250488e+01
6.125266623497009277e+01
6.110759902000427246e+01
6.136463475227355957e+01
6.101564764976501465e+01
6.012360024452209473e+01
5.997762751579284668e+01
6.124857139587402344e+01
6.019356513023376465e+01
6.097661638259887695e+01
6.119863700866699219e+01
6.002495336532592773e+01
6.115703082084655762e+01
6.119299340248107910e+01
6.135300564765930176e+01
6.125592398643493652e+01
6.135298299789428711e+01
6.109494090080261230e+01
6.130138182640075684e+01
6.128236317634582520e+01
6.131203341484069824e+01
6.148306846618652344e+01
6.132608556747436523e+01
6.121303486824035645e+01
6.126387619972229004e+01
6.150885915756225586e+01
6.113280153274536133e+01
6.019586086273193359e+01
6.126074767112731934e+01
6.057775902748107910e+01
6.129074788093566895e+01
6.043772625923156738e+01
6.124066114425659180e+01
6.127872967720031738e+01
6.097160387039184570e+01
6.117569279670715332e+01
6.094165515899658203e+01
6.132270860671997070e+01
6.147359085083007812e+01
6.138763880729675293e+01
6.122064232826232910e+01
6.114470267295837402e+01
6.154266262054443359e+01
6.070906782150268555e+01
6.083000087738037109e+01
6.046902251243591309e+01
6.060605978965759277e+01
6.043394136428833008e+01
6.060899305343627930e+01
6.096601963043212891e+01
6.034098672866821289e+01
6.059640336036682129e+01
5.999333715438842773e+01
6.047339415550231934e+01
6.040539097785949707e+01
6.041207146644592285e+01
6.049002027511596680e+01
6.086701393127441406e+01
6.079783821105957031e+01
6.058382892608642578e+01
6.062791109085083008e+01
6.078786778450012207e+01
6.080773591995239258e+01
6.080176901817321777e+01
6.071770977973937988e+01
6.183875226974487305e+01
6.104772567749023438e+01
6.108573341369628906e+01
6.064673304557800293e+01
6.055269479751586914e+01
6.038765692710876465e+01
6.092766952514648438e+01
6.071562981605529785e+01
6.067070889472961426e+01
6.176458358764648438e+01
6.267070364952087402e+01
6.209470272064208984e+01
6.269263577461242676e+01
6.187998986244201660e+01
6.296912288665771484e+01
6.162100100517272949e+01
6.160198068618774414e+01
6.199597716331481934e+01
6.243398427963256836e+01
6.142998409271240234e+01
6.189036726951599121e+01
6.178430485725402832e+01
6.081537795066833496e+01
6.168135070800781250e+01
6.147304224967956543e+01
6.163706898689270020e+01
6.316109561920166016e+01
6.168104147911071777e+01
6.182407355308532715e+01
6.072084522247314453e+01
6.226781487464904785e+01
6.236182808876037598e+01
6.032185792922973633e+01
6.148873496055603027e+01
6.145979976654052734e+01
6.159374904632568359e+01
6.133869814872741699e+01
6.176473450660705566e+01
6.199771833419799805e+01
6.309276652336120605e+01
6.377769446372985840e+01
6.127569222450256348e+01
6.166770911216735840e+01
6.148066854476928711e+01
6.227966094017028809e+01
6.236968231201171875e+01
6.380466890335083008e+01
6.307466340065002441e+01
6.230811476707458496e+01
6.300214886665344238e+01
6.267811846733093262e+01
6.172611379623413086e+01
6.032999777793884277e+01
6.172903323173522949e+01
6.226307177543640137e+01
6.210138154029846191e+01
6.023737525939941406e+01
6.274741983413696289e+01
6.057537984848022461e+01
6.184330129623413086e+01
6.241812229156494141e+01
6.171707868576049805e+01
6.408111262321472168e+01
6.252188777923583984e+01
6.236691260337829590e+01
6.238291001319885254e+01
6.199579977989196777e+01
6.326379036903381348e+01
6.132579421997070312e+01
6.223483228683471680e+01
6.182768106460571289e+01
6.098165011405944824e+01
6.095869874954223633e+01
6.199165654182434082e+01
6.215372467041015625e+01
6.217170476913452148e+01
6.169364309310913086e+01
6.365169429779052734e+01
6.104672288894653320e+01
6.172968816757202148e+01
6.109564900398254395e+01
6.214379620552062988e+01
6.490720939636230469e+01
6.284707522392272949e+01
6.405596256256103516e+01
6.368017768859863281e+01
6.671931910514831543e+01
6.548318982124328613e+01
6.287698984146118164e+01
6.304002332687377930e+01
6.121643877029418945e+01
6.129939746856689453e+01
6.104414582252502441e+01
6.100125861167907715e+01
6.137640023231506348e+01
6.087804722785949707e+01
6.402407002449035645e+01
6.140404844284057617e+01
6.121710085868835449e+01
6.142783021926879883e+01
6.139785313606262207e+01
6.148488068580627441e+01
6.164187812805175781e+01
6.140869450569152832e+01
6.182473492622375488e+01
6.136675071716308594e+01
6.146673560142517090e+01
6.074176192283630371e+01
6.204075884819030762e+01
6.082066035270690918e+01
6.144874215126037598e+01
6.126974153518676758e+01
6.196867036819458008e+01
6.156968259811401367e+01
6.159470486640930176e+01
6.023163342475891113e+01
6.166272091865539551e+01
6.050359010696411133e+01
6.181668877601623535e+01
6.154865050315856934e+01
6.173567175865173340e+01
6.155706286430358887e+01
6.181703829765319824e+01
6.128700184822082520e+01
6.153196096420288086e+01
6.118196249008178711e+01
6.158902096748352051e+01
6.139138293266296387e+01
6.160739016532897949e+01
6.127335500717163086e+01
6.130037975311279297e+01
6.131403589248657227e+01
6.146811771392822266e+01
6.009899497032165527e+01
6.137506103515625000e+01
6.069986057281494141e+01
6.168686366081237793e+01
6.025787305831909180e+01
6.162484002113342285e+01
6.132780957221984863e+01
6.122270512580871582e+01
6.133476233482360840e+01
6.188781619071960449e+01
6.174876213073730469e+01
6.143573713302612305e+01
6.165067076683044434e+01
6.231373882293701172e+01
6.137570190429687500e+01
6.008364892005920410e+01
6.113768339157104492e+01
6.158269834518432617e+01
6.123760366439819336e+01
6.138169264793395996e+01
6.205570650100708008e+01
6.137164950370788574e+01
6.147596788406372070e+01
6.160998511314392090e+01
6.140996837615966797e+01
6.159695482254028320e+01
6.141694974899291992e+01
6.161195421218872070e+01
6.157836484909057617e+01
6.209242582321166992e+01
6.055730485916137695e+01
6.087634801864624023e+01
6.129605865478515625e+01
6.086607527732849121e+01
6.073402476310729980e+01
6.065583944320678711e+01
6.071987462043762207e+01
6.074984335899353027e+01
6.073575758934020996e+01
6.120973563194274902e+01
6.113676357269287109e+01
6.116272521018981934e+01
6.095170497894287109e+01
6.120771050453186035e+01
6.145669054985046387e+01
6.112073850631713867e+01
6.114467740058898926e+01
6.205871486663818359e+01
6.189568424224853516e+01
6.124369645118713379e+01
6.191564226150512695e+01
6.190957975387573242e+01
6.085464048385620117e+01
6.228164815902709961e+01
6.082861542701721191e+01
6.196900892257690430e+01
6.208306169509887695e+01
6.192601275444030762e+01
6.220004415512084961e+01
6.065300345420837402e+01
6.217097353935241699e+01
6.161203432083129883e+01
6.159204483032226562e+01
6.220736956596374512e+01
6.178043556213378906e+01
6.047232651710510254e+01
6.187902975082397461e+01
6.197710752487182617e+01
6.189208078384399414e+01
6.053882908821105957e+01
6.189389538764953613e+01
6.066585874557495117e+01
6.194287943840026855e+01
6.186880159378051758e+01
6.134280896186828613e+01
6.134275388717651367e+01
6.186776399612426758e+01
6.141770601272583008e+01
6.178377151489257812e+01
6.198964691162109375e+01
6.103569483757019043e+01
6.221172618865966797e+01
6.255772495269775391e+01
6.203468084335327148e+01
6.110372376441955566e+01
6.208168292045593262e+01
6.188270545005798340e+01
6.163365435600280762e+01
6.251813101768493652e+01
6.163110566139221191e+01
6.220005917549133301e+01
6.197505354881286621e+01
6.194104051589965820e+01
6.216597080230712891e+01
6.192796516418457031e+01
6.172839808464050293e+01
6.240037250518798828e+01
6.136542820930480957e+01
6.117342615127563477e+01
6.130806350708007812e+01
6.173910164833068848e+01
6.176205539703369141e+01
6.142383837699890137e+01
6.128089737892150879e+01
6.159787869453430176e+01
6.138286447525024414e+01
6.121175789833068848e+01
6.121582460403442383e+01
6.148471188545227051e+01
6.126376199722290039e+01
6.053472542762756348e+01
6.137274861335754395e+01
6.096365904808044434e+01
6.115666747093200684e+01
6.107168436050415039e+01
6.130565094947814941e+01
6.091569733619689941e+01
6.120469784736633301e+01
6.083666253089904785e+01
6.096169042587280273e+01
6.105294013023376465e+01
6.111901426315307617e+01
6.100896692276000977e+01
6.060597157478332520e+01
6.053591942787170410e+01
6.095288681983947754e+01
6.082738089561462402e+01
