7.600000000000000000e+01
2.800000000000000000e+01
2.800000000000000000e+01
2.800000000000000000e+01
4.400000000000000000e+01
5.600000000000000000e+01
6.000000000000000000e+01
2.920000000000000000e+02
5.200000000000000000e+01
5.200000000000000000e+01
8.800000000000000000e+01
2.800000000000000000e+01
3.200000000000000000e+01
4.000000000000000000e+01
4.800000000000000000e+01
6.400000000000000000e+01
6.950000000000000000e+02
8.400000000000000000e+01
5.200000000000000000e+01
4.000000000000000000e+01
1.680000000000000000e+02
2.800000000000000000e+01
3.200000000000000000e+01
4.400000000000000000e+01
5.200000000000000000e+01
1.280000000000000000e+02
1.880000000000000000e+02
5.200000000000000000e+01
4.800000000000000000e+01
4.400000000000000000e+01
1.560000000000000000e+02
2.800000000000000000e+01
4.000000000000000000e+01
4.800000000000000000e+01
6.400000000000000000e+01
6.060000000000000000e+02
8.400000000000000000e+01
5.200000000000000000e+01
4.000000000000000000e+01
4.000000000000000000e+01
1.160000000000000000e+02
3.200000000000000000e+01
4.000000000000000000e+01
4.800000000000000000e+01
8.400000000000000000e+01
2.360000000000000000e+02
5.600000000000000000e+01
5.200000000000000000e+01
4.400000000000000000e+01
3.600000000000000000e+01
1.400000000000000000e+02
3.200000000000000000e+01
4.000000000000000000e+01
5.200000000000000000e+01
1.480000000000000000e+02
2.200000000000000000e+02
4.400000000000000000e+01
4.000000000000000000e+01
4.400000000000000000e+01
3.600000000000000000e+01
1.400000000000000000e+02
3.600000000000000000e+01
4.000000000000000000e+01
5.600000000000000000e+01
8.800000000000000000e+01
2.320000000000000000e+02
5.200000000000000000e+01
4.400000000000000000e+01
4.400000000000000000e+01
3.600000000000000000e+01
1.200000000000000000e+02
3.200000000000000000e+01
4.000000000000000000e+01
4.800000000000000000e+01
6.800000000000000000e+01
3.000000000000000000e+02
5.600000000000000000e+01
5.200000000000000000e+01
4.000000000000000000e+01
4.000000000000000000e+01
1.280000000000000000e+02
2.800000000000000000e+01
4.000000000000000000e+01
5.200000000000000000e+01
6.000000000000000000e+01
1.600000000000000000e+02
1.520000000000000000e+02
4.800000000000000000e+01
4.800000000000000000e+01
4.000000000000000000e+01
1.200000000000000000e+02
2.800000000000000000e+01
2.800000000000000000e+01
4.400000000000000000e+01
4.800000000000000000e+01
6.000000000000000000e+01
3.120000000000000000e+02
8.800000000000000000e+01
5.200000000000000000e+01
4.000000000000000000e+01
1.040000000000000000e+02
2.800000000000000000e+01
2.800000000000000000e+01
3.200000000000000000e+01
4.800000000000000000e+01
6.000000000000000000e+01
1.940000000000000000e+02
1.280000000000000000e+02
4.800000000000000000e+01
4.800000000000000000e+01
1.040000000000000000e+02
2.800000000000000000e+01
2.800000000000000000e+01
4.000000000000000000e+01
5.200000000000000000e+01
7.600000000000000000e+01
2.360000000000000000e+02
5.200000000000000000e+01
4.400000000000000000e+01
4.400000000000000000e+01
1.160000000000000000e+02
3.200000000000000000e+01
4.000000000000000000e+01
4.800000000000000000e+01
6.400000000000000000e+01
5.310000000000000000e+02
1.080000000000000000e+02
5.600000000000000000e+01
4.000000000000000000e+01
4.000000000000000000e+01
1.320000000000000000e+02
3.200000000000000000e+01
4.000000000000000000e+01
4.800000000000000000e+01
6.400000000000000000e+01
2.600000000000000000e+02
4.800000000000000000e+01
5.200000000000000000e+01
4.400000000000000000e+01
3.600000000000000000e+01
1.320000000000000000e+02
3.600000000000000000e+01
4.000000000000000000e+01
4.800000000000000000e+01
1.000000000000000000e+02
2.200000000000000000e+02
4.400000000000000000e+01
4.000000000000000000e+01
4.400000000000000000e+01
3.600000000000000000e+01
1.440000000000000000e+02
3.200000000000000000e+01
4.000000000000000000e+01
5.200000000000000000e+01
8.800000000000000000e+01
2.240000000000000000e+02
4.400000000000000000e+01
4.000000000000000000e+01
4.400000000000000000e+01
3.600000000000000000e+01
1.280000000000000000e+02
3.200000000000000000e+01
4.000000000000000000e+01
4.800000000000000000e+01
8.000000000000000000e+01
2.520000000000000000e+02
5.600000000000000000e+01
5.200000000000000000e+01
4.000000000000000000e+01
3.600000000000000000e+01
1.160000000000000000e+02
2.800000000000000000e+01
4.000000000000000000e+01
5.200000000000000000e+01
5.600000000000000000e+01
5.960000000000000000e+02
1.240000000000000000e+02
6.000000000000000000e+01
4.000000000000000000e+01
4.000000000000000000e+01
1.280000000000000000e+02
2.800000000000000000e+01
3.200000000000000000e+01
4.000000000000000000e+01
6.000000000000000000e+01
8.800000000000000000e+01
2.440000000000000000e+02
5.200000000000000000e+01
4.800000000000000000e+01
4.000000000000000000e+01
1.400000000000000000e+02
2.800000000000000000e+01
3.200000000000000000e+01
4.000000000000000000e+01
4.400000000000000000e+01
6.000000000000000000e+01
2.720000000000000000e+02
1.400000000000000000e+02
5.200000000000000000e+01
4.000000000000000000e+01
1.200000000000000000e+02
2.800000000000000000e+01
3.200000000000000000e+01
4.000000000000000000e+01
5.200000000000000000e+01
7.600000000000000000e+01
2.840000000000000000e+02
5.200000000000000000e+01
4.800000000000000000e+01
4.400000000000000000e+01
1.280000000000000000e+02
2.800000000000000000e+01
3.200000000000000000e+01
4.800000000000000000e+01
6.800000000000000000e+01
1.700000000000000000e+02
1.160000000000000000e+02
4.800000000000000000e+01
4.000000000000000000e+01
4.000000000000000000e+01
1.200000000000000000e+02
3.200000000000000000e+01
4.000000000000000000e+01
5.200000000000000000e+01
7.200000000000000000e+01
2.840000000000000000e+02
4.800000000000000000e+01
5.200000000000000000e+01
4.400000000000000000e+01
3.600000000000000000e+01
1.200000000000000000e+02
3.200000000000000000e+01
4.000000000000000000e+01
4.800000000000000000e+01
8.400000000000000000e+01
2.000000000000000000e+02
5.600000000000000000e+01
4.400000000000000000e+01
4.400000000000000000e+01
3.600000000000000000e+01
1.520000000000000000e+02
3.200000000000000000e+01
4.000000000000000000e+01
5.200000000000000000e+01
8.000000000000000000e+01
2.800000000000000000e+02
5.600000000000000000e+01
4.800000000000000000e+01
4.000000000000000000e+01
3.600000000000000000e+01
1.360000000000000000e+02
3.200000000000000000e+01
4.000000000000000000e+01
5.200000000000000000e+01
8.400000000000000000e+01
2.240000000000000000e+02
4.800000000000000000e+01
4.000000000000000000e+01
4.400000000000000000e+01
3.600000000000000000e+01
1.200000000000000000e+02
2.800000000000000000e+01
4.400000000000000000e+01
4.800000000000000000e+01
6.000000000000000000e+01
3.400000000000000000e+02
5.200000000000000000e+01
5.600000000000000000e+01
4.000000000000000000e+01
4.000000000000000000e+01
1.360000000000000000e+02
2.800000000000000000e+01
3.600000000000000000e+01
5.200000000000000000e+01
6.000000000000000000e+01
3.100000000000000000e+02
1.560000000000000000e+02
4.800000000000000000e+01
4.800000000000000000e+01
4.000000000000000000e+01
1.400000000000000000e+02
2.800000000000000000e+01
2.800000000000000000e+01
4.000000000000000000e+01
5.200000000000000000e+01
6.400000000000000000e+01
2.960000000000000000e+02
4.800000000000000000e+01
5.200000000000000000e+01
4.000000000000000000e+01
1.120000000000000000e+02
2.800000000000000000e+01
2.800000000000000000e+01
3.600000000000000000e+01
4.400000000000000000e+01
5.200000000000000000e+01
1.040000000000000000e+02
2.040000000000000000e+02
5.200000000000000000e+01
4.000000000000000000e+01
1.040000000000000000e+02
2.800000000000000000e+01
3.200000000000000000e+01
4.400000000000000000e+01
5.200000000000000000e+01
2.170000000000000000e+02
1.160000000000000000e+02
4.800000000000000000e+01
4.400000000000000000e+01
3.600000000000000000e+01
1.320000000000000000e+02
3.200000000000000000e+01
3.600000000000000000e+01
5.200000000000000000e+01
6.800000000000000000e+01
2.640000000000000000e+02
8.400000000000000000e+01
4.800000000000000000e+01
4.400000000000000000e+01
3.600000000000000000e+01
1.240000000000000000e+02
3.200000000000000000e+01
4.400000000000000000e+01
5.200000000000000000e+01
8.000000000000000000e+01
2.120000000000000000e+02
5.200000000000000000e+01
4.800000000000000000e+01
4.000000000000000000e+01
4.000000000000000000e+01
1.320000000000000000e+02
3.200000000000000000e+01
4.400000000000000000e+01
5.200000000000000000e+01
2.430000000000000000e+02
1.160000000000000000e+02
5.200000000000000000e+01
4.800000000000000000e+01
4.000000000000000000e+01
4.000000000000000000e+01
1.240000000000000000e+02
3.200000000000000000e+01
4.000000000000000000e+01
5.200000000000000000e+01
2.350000000000000000e+02
1.280000000000000000e+02
4.800000000000000000e+01
4.800000000000000000e+01
4.000000000000000000e+01
3.600000000000000000e+01
1.240000000000000000e+02
2.800000000000000000e+01
4.000000000000000000e+01
6.400000000000000000e+01
8.400000000000000000e+01
2.080000000000000000e+02
5.200000000000000000e+01
4.000000000000000000e+01
4.400000000000000000e+01
3.600000000000000000e+01
1.240000000000000000e+02
3.200000000000000000e+01
4.000000000000000000e+01
4.800000000000000000e+01
6.000000000000000000e+01
3.800000000000000000e+02
9.200000000000000000e+01
5.200000000000000000e+01
4.000000000000000000e+01
4.000000000000000000e+01
1.160000000000000000e+02
2.800000000000000000e+01
3.200000000000000000e+01
4.400000000000000000e+01
5.200000000000000000e+01
1.920000000000000000e+02
2.920000000000000000e+02
5.200000000000000000e+01
4.800000000000000000e+01
4.400000000000000000e+01
1.440000000000000000e+02
2.800000000000000000e+01
3.200000000000000000e+01
4.000000000000000000e+01
4.800000000000000000e+01
6.400000000000000000e+01
5.920000000000000000e+02
9.200000000000000000e+01
5.200000000000000000e+01
4.000000000000000000e+01
1.480000000000000000e+02
2.800000000000000000e+01
2.800000000000000000e+01
3.200000000000000000e+01
4.000000000000000000e+01
4.800000000000000000e+01
7.600000000000000000e+01
2.480000000000000000e+02
5.600000000000000000e+01
5.200000000000000000e+01
6.800000000000000000e+01
3.200000000000000000e+01
3.600000000000000000e+01
5.200000000000000000e+01
6.800000000000000000e+01
2.760000000000000000e+02
8.000000000000000000e+01
4.000000000000000000e+01
4.000000000000000000e+01
3.600000000000000000e+01
1.280000000000000000e+02
3.200000000000000000e+01
4.000000000000000000e+01
6.000000000000000000e+01
7.600000000000000000e+01
2.800000000000000000e+02
4.800000000000000000e+01
4.400000000000000000e+01
3.600000000000000000e+01
3.600000000000000000e+01
1.240000000000000000e+02
3.200000000000000000e+01
4.400000000000000000e+01
5.600000000000000000e+01
2.710000000000000000e+02
1.200000000000000000e+02
5.600000000000000000e+01
4.400000000000000000e+01
3.600000000000000000e+01
3.200000000000000000e+01
1.200000000000000000e+02
2.800000000000000000e+01
4.800000000000000000e+01
5.200000000000000000e+01
3.330000000000000000e+02
1.280000000000000000e+02
5.600000000000000000e+01
4.400000000000000000e+01
3.600000000000000000e+01
3.600000000000000000e+01
1.320000000000000000e+02
2.800000000000000000e+01
4.400000000000000000e+01
5.200000000000000000e+01
1.480000000000000000e+02
1.280000000000000000e+02
5.200000000000000000e+01
4.800000000000000000e+01
4.000000000000000000e+01
3.600000000000000000e+01
1.240000000000000000e+02
3.200000000000000000e+01
4.400000000000000000e+01
5.600000000000000000e+01
7.200000000000000000e+01
2.120000000000000000e+02
5.200000000000000000e+01
4.400000000000000000e+01
4.400000000000000000e+01
3.600000000000000000e+01
1.200000000000000000e+02
3.200000000000000000e+01
4.000000000000000000e+01
4.800000000000000000e+01
6.000000000000000000e+01
4.240000000000000000e+02
8.000000000000000000e+01
5.200000000000000000e+01
4.000000000000000000e+01
4.000000000000000000e+01
1.360000000000000000e+02
2.800000000000000000e+01
3.200000000000000000e+01
4.400000000000000000e+01
4.800000000000000000e+01
8.800000000000000000e+01
2.000000000000000000e+02
5.200000000000000000e+01
4.400000000000000000e+01
4.000000000000000000e+01
1.200000000000000000e+02
2.800000000000000000e+01
3.200000000000000000e+01
4.000000000000000000e+01
4.400000000000000000e+01
6.400000000000000000e+01
5.890000000000000000e+02
1.120000000000000000e+02
4.800000000000000000e+01
4.000000000000000000e+01
9.600000000000000000e+01
2.800000000000000000e+01
2.800000000000000000e+01
3.200000000000000000e+01
4.400000000000000000e+01
5.600000000000000000e+01
6.400000000000000000e+01
3.000000000000000000e+02
5.600000000000000000e+01
5.200000000000000000e+01
1.040000000000000000e+02
3.200000000000000000e+01
4.000000000000000000e+01
6.000000000000000000e+01
1.880000000000000000e+02
1.440000000000000000e+02
5.200000000000000000e+01
4.000000000000000000e+01
3.600000000000000000e+01
2.800000000000000000e+01
1.160000000000000000e+02
3.200000000000000000e+01
4.400000000000000000e+01
5.600000000000000000e+01
4.670000000000000000e+02
7.600000000000000000e+01
4.800000000000000000e+01
4.000000000000000000e+01
3.600000000000000000e+01
2.800000000000000000e+01
1.400000000000000000e+02
3.200000000000000000e+01
4.400000000000000000e+01
6.400000000000000000e+01
3.600000000000000000e+02
8.000000000000000000e+01
4.800000000000000000e+01
4.000000000000000000e+01
4.400000000000000000e+01
2.800000000000000000e+01
1.480000000000000000e+02
3.200000000000000000e+01
4.400000000000000000e+01
7.200000000000000000e+01
4.520000000000000000e+02
8.400000000000000000e+01
6.000000000000000000e+01
4.400000000000000000e+01
3.600000000000000000e+01
3.200000000000000000e+01
1.200000000000000000e+02
3.200000000000000000e+01
4.400000000000000000e+01
5.200000000000000000e+01
1.840000000000000000e+02
1.160000000000000000e+02
5.600000000000000000e+01
4.400000000000000000e+01
3.600000000000000000e+01
3.600000000000000000e+01
1.040000000000000000e+02
3.200000000000000000e+01
4.000000000000000000e+01
5.600000000000000000e+01
8.000000000000000000e+01
1.960000000000000000e+02
5.200000000000000000e+01
4.800000000000000000e+01
4.000000000000000000e+01
3.600000000000000000e+01
1.080000000000000000e+02
3.200000000000000000e+01
3.600000000000000000e+01
4.800000000000000000e+01
6.000000000000000000e+01
3.990000000000000000e+02
7.600000000000000000e+01
5.200000000000000000e+01
4.000000000000000000e+01
4.000000000000000000e+01
1.520000000000000000e+02
2.800000000000000000e+01
3.200000000000000000e+01
4.400000000000000000e+01
4.800000000000000000e+01
8.000000000000000000e+01
2.080000000000000000e+02
5.200000000000000000e+01
4.400000000000000000e+01
3.600000000000000000e+01
1.040000000000000000e+02
2.800000000000000000e+01
3.200000000000000000e+01
3.600000000000000000e+01
5.200000000000000000e+01
6.800000000000000000e+01
7.200000000000000000e+02
1.200000000000000000e+02
4.800000000000000000e+01
4.000000000000000000e+01
1.360000000000000000e+02
3.200000000000000000e+01
2.800000000000000000e+01
3.200000000000000000e+01
4.400000000000000000e+01
5.600000000000000000e+01
6.400000000000000000e+01
3.040000000000000000e+02
5.600000000000000000e+01
5.200000000000000000e+01
1.280000000000000000e+02
3.600000000000000000e+01
5.200000000000000000e+01
7.200000000000000000e+01
2.440000000000000000e+02
6.400000000000000000e+01
4.400000000000000000e+01
3.600000000000000000e+01
2.800000000000000000e+01
2.400000000000000000e+01
1.280000000000000000e+02
3.600000000000000000e+01
4.800000000000000000e+01
6.800000000000000000e+01
1.840000000000000000e+02
5.200000000000000000e+01
4.400000000000000000e+01
3.600000000000000000e+01
3.200000000000000000e+01
2.400000000000000000e+01
1.120000000000000000e+02
3.200000000000000000e+01
4.800000000000000000e+01
7.200000000000000000e+01
2.000000000000000000e+02
5.200000000000000000e+01
4.400000000000000000e+01
3.600000000000000000e+01
3.200000000000000000e+01
2.800000000000000000e+01
1.440000000000000000e+02
3.200000000000000000e+01
4.400000000000000000e+01
6.800000000000000000e+01
2.720000000000000000e+02
8.800000000000000000e+01
4.400000000000000000e+01
4.000000000000000000e+01
4.000000000000000000e+01
2.800000000000000000e+01
1.120000000000000000e+02
3.200000000000000000e+01
4.400000000000000000e+01
5.600000000000000000e+01
4.700000000000000000e+02
1.120000000000000000e+02
5.200000000000000000e+01
4.400000000000000000e+01
3.600000000000000000e+01
3.200000000000000000e+01
1.320000000000000000e+02
3.200000000000000000e+01
4.400000000000000000e+01
5.200000000000000000e+01
8.800000000000000000e+01
2.920000000000000000e+02
4.800000000000000000e+01
4.000000000000000000e+01
4.000000000000000000e+01
3.200000000000000000e+01
1.160000000000000000e+02
3.200000000000000000e+01
3.600000000000000000e+01
5.200000000000000000e+01
6.400000000000000000e+01
3.080000000000000000e+02
8.800000000000000000e+01
5.600000000000000000e+01
3.600000000000000000e+01
3.600000000000000000e+01
1.440000000000000000e+02
2.800000000000000000e+01
3.200000000000000000e+01
4.400000000000000000e+01
5.200000000000000000e+01
2.830000000000000000e+02
3.040000000000000000e+02
5.200000000000000000e+01
4.800000000000000000e+01
3.600000000000000000e+01
1.120000000000000000e+02
2.800000000000000000e+01
3.200000000000000000e+01
3.600000000000000000e+01
4.800000000000000000e+01
6.000000000000000000e+01
4.880000000000000000e+02
9.200000000000000000e+01
5.200000000000000000e+01
3.600000000000000000e+01
1.120000000000000000e+02
3.200000000000000000e+01
2.800000000000000000e+01
3.200000000000000000e+01
4.400000000000000000e+01
4.800000000000000000e+01
7.600000000000000000e+01
2.320000000000000000e+02
5.600000000000000000e+01
5.200000000000000000e+01
7.200000000000000000e+01
3.600000000000000000e+01
5.200000000000000000e+01
9.030000000000000000e+02
9.600000000000000000e+01
4.000000000000000000e+01
3.600000000000000000e+01
3.200000000000000000e+01
2.400000000000000000e+01
2.000000000000000000e+01
1.280000000000000000e+02
3.600000000000000000e+01
4.800000000000000000e+01
7.220000000000000000e+02
1.000000000000000000e+02
4.800000000000000000e+01
3.600000000000000000e+01
3.600000000000000000e+01
2.800000000000000000e+01
2.400000000000000000e+01
1.480000000000000000e+02
3.600000000000000000e+01
5.600000000000000000e+01
2.340000000000000000e+02
1.560000000000000000e+02
4.800000000000000000e+01
4.000000000000000000e+01
3.600000000000000000e+01
2.800000000000000000e+01
2.400000000000000000e+01
1.280000000000000000e+02
3.200000000000000000e+01
6.000000000000000000e+01
8.000000000000000000e+01
2.280000000000000000e+02
5.200000000000000000e+01
4.400000000000000000e+01
3.600000000000000000e+01
3.600000000000000000e+01
2.800000000000000000e+01
1.160000000000000000e+02
3.200000000000000000e+01
4.800000000000000000e+01
7.200000000000000000e+01
2.440000000000000000e+02
8.400000000000000000e+01
4.400000000000000000e+01
4.400000000000000000e+01
3.600000000000000000e+01
2.800000000000000000e+01
1.360000000000000000e+02
3.200000000000000000e+01
4.400000000000000000e+01
5.200000000000000000e+01
1.960000000000000000e+02
1.240000000000000000e+02
5.200000000000000000e+01
4.000000000000000000e+01
4.000000000000000000e+01
2.800000000000000000e+01
1.440000000000000000e+02
3.200000000000000000e+01
4.000000000000000000e+01
5.600000000000000000e+01
6.800000000000000000e+01
2.520000000000000000e+02
4.000000000000000000e+01
5.200000000000000000e+01
3.600000000000000000e+01
3.200000000000000000e+01
1.480000000000000000e+02
3.200000000000000000e+01
3.200000000000000000e+01
5.200000000000000000e+01
6.400000000000000000e+01
1.770000000000000000e+02
1.640000000000000000e+02
4.400000000000000000e+01
4.000000000000000000e+01
3.600000000000000000e+01
1.680000000000000000e+02
2.800000000000000000e+01
3.200000000000000000e+01
4.000000000000000000e+01
5.600000000000000000e+01
6.400000000000000000e+01
3.240000000000000000e+02
5.600000000000000000e+01
5.200000000000000000e+01
4.000000000000000000e+01
1.200000000000000000e+02
3.200000000000000000e+01
3.200000000000000000e+01
3.200000000000000000e+01
4.800000000000000000e+01
5.600000000000000000e+01
1.240000000000000000e+02
2.720000000000000000e+02
5.200000000000000000e+01
5.200000000000000000e+01
1.280000000000000000e+02
4.800000000000000000e+01
6.400000000000000000e+01
2.080000000000000000e+02
5.200000000000000000e+01
4.000000000000000000e+01
3.600000000000000000e+01
2.800000000000000000e+01
2.400000000000000000e+01
2.000000000000000000e+01
1.360000000000000000e+02
5.200000000000000000e+01
6.000000000000000000e+01
2.080000000000000000e+02
5.600000000000000000e+01
4.400000000000000000e+01
3.600000000000000000e+01
2.800000000000000000e+01
2.400000000000000000e+01
2.400000000000000000e+01
1.400000000000000000e+02
4.800000000000000000e+01
5.200000000000000000e+01
2.600000000000000000e+02
7.200000000000000000e+01
4.400000000000000000e+01
4.000000000000000000e+01
3.600000000000000000e+01
2.800000000000000000e+01
2.400000000000000000e+01
1.240000000000000000e+02
3.600000000000000000e+01
5.200000000000000000e+01
3.110000000000000000e+02
1.320000000000000000e+02
5.200000000000000000e+01
4.000000000000000000e+01
3.600000000000000000e+01
3.200000000000000000e+01
2.800000000000000000e+01
1.240000000000000000e+02
3.600000000000000000e+01
6.000000000000000000e+01
7.600000000000000000e+01
2.240000000000000000e+02
5.200000000000000000e+01
4.000000000000000000e+01
3.600000000000000000e+01
3.200000000000000000e+01
3.200000000000000000e+01
1.320000000000000000e+02
3.600000000000000000e+01
4.400000000000000000e+01
6.400000000000000000e+01
3.640000000000000000e+02
8.800000000000000000e+01
5.200000000000000000e+01
3.600000000000000000e+01
3.200000000000000000e+01
3.200000000000000000e+01
1.120000000000000000e+02
3.200000000000000000e+01
4.000000000000000000e+01
5.200000000000000000e+01
7.600000000000000000e+01
2.200000000000000000e+02
5.200000000000000000e+01
4.400000000000000000e+01
4.000000000000000000e+01
3.200000000000000000e+01
1.160000000000000000e+02
3.200000000000000000e+01
3.200000000000000000e+01
5.200000000000000000e+01
6.000000000000000000e+01
4.430000000000000000e+02
8.800000000000000000e+01
5.200000000000000000e+01
4.400000000000000000e+01
3.600000000000000000e+01
1.640000000000000000e+02
2.800000000000000000e+01
3.200000000000000000e+01
4.400000000000000000e+01
4.800000000000000000e+01
8.000000000000000000e+01
2.400000000000000000e+02
5.600000000000000000e+01
5.200000000000000000e+01
4.400000000000000000e+01
1.120000000000000000e+02
3.200000000000000000e+01
3.200000000000000000e+01
3.600000000000000000e+01
5.200000000000000000e+01
6.400000000000000000e+01
2.230000000000000000e+02
1.480000000000000000e+02
4.800000000000000000e+01
5.200000000000000000e+01
1.640000000000000000e+02
5.200000000000000000e+01
3.160000000000000000e+02
6.400000000000000000e+01
4.400000000000000000e+01
3.600000000000000000e+01
2.800000000000000000e+01
2.400000000000000000e+01
2.400000000000000000e+01
2.400000000000000000e+01
1.560000000000000000e+02
5.200000000000000000e+01
3.800000000000000000e+02
1.120000000000000000e+02
4.800000000000000000e+01
4.000000000000000000e+01
3.200000000000000000e+01
2.800000000000000000e+01
2.400000000000000000e+01
2.400000000000000000e+01
1.240000000000000000e+02
4.800000000000000000e+01
8.400000000000000000e+01
1.880000000000000000e+02
4.800000000000000000e+01
4.000000000000000000e+01
3.600000000000000000e+01
3.200000000000000000e+01
3.200000000000000000e+01
2.800000000000000000e+01
1.280000000000000000e+02
5.200000000000000000e+01
5.600000000000000000e+01
2.920000000000000000e+02
8.400000000000000000e+01
4.800000000000000000e+01
3.600000000000000000e+01
3.200000000000000000e+01
3.200000000000000000e+01
2.800000000000000000e+01
1.160000000000000000e+02
4.400000000000000000e+01
5.200000000000000000e+01
3.520000000000000000e+02
1.040000000000000000e+02
5.200000000000000000e+01
3.600000000000000000e+01
3.600000000000000000e+01
3.200000000000000000e+01
3.200000000000000000e+01
1.240000000000000000e+02
3.600000000000000000e+01
5.600000000000000000e+01
7.200000000000000000e+01
2.720000000000000000e+02
5.600000000000000000e+01
5.200000000000000000e+01
4.000000000000000000e+01
3.600000000000000000e+01
3.200000000000000000e+01
1.200000000000000000e+02
3.600000000000000000e+01
4.400000000000000000e+01
5.200000000000000000e+01
2.980000000000000000e+02
1.280000000000000000e+02
4.800000000000000000e+01
4.000000000000000000e+01
4.000000000000000000e+01
3.200000000000000000e+01
1.440000000000000000e+02
3.600000000000000000e+01
4.400000000000000000e+01
5.600000000000000000e+01
6.800000000000000000e+01
3.520000000000000000e+02
6.400000000000000000e+01
5.200000000000000000e+01
4.400000000000000000e+01
3.600000000000000000e+01
1.200000000000000000e+02
3.200000000000000000e+01
3.600000000000000000e+01
4.800000000000000000e+01
6.400000000000000000e+01
1.200000000000000000e+02
2.920000000000000000e+02
6.800000000000000000e+01
5.200000000000000000e+01
4.000000000000000000e+01
8.800000000000000000e+01
2.800000000000000000e+01
3.200000000000000000e+01
4.400000000000000000e+01
4.800000000000000000e+01
6.400000000000000000e+01
5.970000000000000000e+02
1.400000000000000000e+02
6.000000000000000000e+01
5.200000000000000000e+01
