5.357936316841005464e-13
3.861189146192600674e-12
2.959854583650667337e-13
6.390998841254713625e-13
4.568068145971437843e-12
1.865729792882575566e-13
1.379119041189369455e-12
2.900457651833221462e-13
-6.381561945545399794e-13
1.438626995309277845e-12
9.678924328682114719e-13
-5.656586310465172573e-13
1.639799407371356210e-12
1.360689338980591856e-12
4.440892098500626162e-14
5.375311307176389164e-12
2.037092716733468478e-12
1.871836019518013927e-13
3.916866830877552275e-13
1.739497434982695268e-12
-3.808064974464286934e-14
3.087696764936254112e-12
9.427458813604516763e-13
3.061717546160025449e-12
2.937650123158164206e-13
2.734090731593141754e-12
3.241723556257625205e-11
3.885392008129429087e-12
-3.597122599785507191e-13
3.019362537770575727e-12
4.762579219885765269e-12
-8.176792576364277920e-13
3.077094135051083867e-12
5.485556453521667208e-12
2.841726853830550681e-12
1.210992417455258874e-11
3.836375661592228425e-13
6.352141035392833146e-13
8.223810521457153300e-12
1.826760964718232572e-12
3.835098905113909495e-12
-1.055044940301286260e-12
3.403721748895804922e-12
3.725630914885869061e-12
1.118938275368464019e-12
4.639455486454835409e-12
3.895717082258443043e-12
-3.893552147360423987e-13
5.928035839986023348e-13
4.049205415412870934e-12
7.265299473147024401e-13
