7.380000000000000000e+02
4.520000000000000000e+02
1.425000000000000000e+03
5.950000000000000000e+02
5.400000000000000000e+02
1.258000000000000000e+03
4.380000000000000000e+02
7.270000000000000000e+02
9.000000000000000000e+02
5.540000000000000000e+02
1.135000000000000000e+03
4.300000000000000000e+02
5.070000000000000000e+02
4.310000000000000000e+02
4.960000000000000000e+02
6.660000000000000000e+02
6.610000000000000000e+02
6.390000000000000000e+02
6.670000000000000000e+02
4.700000000000000000e+02
1.068000000000000000e+03
7.380000000000000000e+02
8.290000000000000000e+02
4.290000000000000000e+02
1.116000000000000000e+03
7.160000000000000000e+02
1.146000000000000000e+03
7.160000000000000000e+02
1.246000000000000000e+03
1.032000000000000000e+03
6.940000000000000000e+02
5.730000000000000000e+02
1.656000000000000000e+03
5.510000000000000000e+02
1.442000000000000000e+03
1.177000000000000000e+03
4.880000000000000000e+02
1.047000000000000000e+03
9.010000000000000000e+02
7.280000000000000000e+02
5.380000000000000000e+02
6.360000000000000000e+02
8.990000000000000000e+02
1.305000000000000000e+03
4.070000000000000000e+02
1.155000000000000000e+03
1.023000000000000000e+03
6.930000000000000000e+02
1.197000000000000000e+03
1.112000000000000000e+03
5.600000000000000000e+02
