5.652748460218355586e-03 4.699991683646468354e-01 1.672114265964334878e+00 6.004776962237530213e-01 7.430481524227154910e-01 1.970710576650121833e-03 1.303780444673035666e+00 -4.388322426847649504e-01 -5.733481835552577122e-03 1.277956668739022250e+00
6.272312100569616105e-05 4.635005792736068275e-01 1.662432075104858464e+00 5.881902174872226663e-01 7.365356101181846915e-01 2.623873924077067994e-03 1.300393984621428078e+00 -4.319615736872812750e-01 -2.048623385632795599e-02 1.285630782837258845e+00
-5.128633848662262490e-03 4.572805348451667307e-01 1.653015305876351038e+00 5.763607731609695639e-01 7.303722874808937782e-01 3.320625501476110429e-03 1.297171268677984823e+00 -4.249526679065668278e-01 -3.416725005805461984e-02 1.293059301915471027e+00
-9.964460563564262602e-03 4.513178605066687221e-01 1.643879750350899727e+00 5.649820928468525238e-01 7.245607483631323342e-01 4.042865598552550926e-03 1.294110464550175088e+00 -4.178589669106093085e-01 -4.688289038016432708e-02 1.300231447701433174e+00
-1.448582446679964365e-02 4.456115726840914060e-01 1.635035246035269951e+00 5.540430390665392890e-01 7.190682959785910100e-01 4.776526462193449868e-03 1.291204008262939462e+00 -4.107150596134200859e-01 -5.871349450138582671e-02 1.307146596017467743e+00
-1.870217158542964581e-02 4.401506084952773734e-01 1.626482599093203030e+00 5.435162034698093336e-01 7.138838335067614338e-01 5.536574776300181092e-03 1.288420804850490375e+00 -4.035747024678152939e-01 -6.974966805929831704e-02 1.313813262991074815e+00
-2.265793165709760124e-02 4.349233199393266469e-01 1.618216318451381808e+00 5.334004413999422489e-01 7.089857655736968578e-01 6.300140932872225728e-03 1.285772865558634237e+00 -3.964501214666227846e-01 -8.004482499934791051e-02 1.320242976464870654e+00
-2.636441452487834486e-02 4.299066336182992831e-01 1.610246354964270266e+00 5.236690141784086094e-01 7.043760609004251494e-01 7.056527883874482224e-03 1.283250845469978918e+00 -3.893824854681730563e-01 -8.966921326897692168e-02 1.326423353358179291e+00
-2.984661032047490614e-02 4.251090660563618950e-01 1.602548979790664019e+00 5.143067871695546911e-01 7.000094492210187092e-01 7.813419784613863731e-03 1.280844356321407140e+00 -3.823770934836689950e-01 -9.867922865015410494e-02 1.332384976013175404e+00
-3.311819199716738854e-02 4.205051946003607877e-01 1.595129297154828762e+00 5.052961704222889150e-01 6.958932655729799244e-01 8.554964871413377192e-03 1.278554861521683739e+00 -3.754636174835143114e-01 -1.071314533637204580e-01 1.338115932759255555e+00
9.841510936244591765e-03 4.806579835887748176e-01 1.687395314373505650e+00 6.157963713190440780e-01 7.564797354331884716e-01 1.161720147772234320e-03 1.312925674515343699e+00 -4.415232368203663715e-01 2.171334131864151307e-02 1.267960077112997075e+00
3.829215767747330950e-03 4.736253836879893986e-01 1.677307795834509285e+00 6.035100459508295767e-01 7.493474708907255089e-01 1.517637980494070333e-03 1.309159104901302273e+00 -4.355087735255658288e-01 5.011457280763266346e-03 1.275766405315801988e+00
-1.776987221876673339e-03 4.668888972405796367e-01 1.667464568706490624e+00 5.916396395336772640e-01 7.426051676055401840e-01 1.957750963361983790e-03 1.305588370495633255e+00 -4.292146488190661247e-01 -1.045077865622387123e-02 1.283348698182042780e+00
-6.989165887931371099e-03 4.604336770462632011e-01 1.657882520125532722e+00 5.801665303930422235e-01 7.362401610389101014e-01 2.456097825105219793e-03 1.302208823721808573e+00 -4.227309723737469049e-01 -2.479271469236288966e-02 1.290698444466958694e+00
-1.184811690704843344e-02 4.542549170328038510e-01 1.648585845336580480e+00 5.690886399268062501e-01 7.302265135815669828e-01 3.017270747326269726e-03 1.298991199340284508e+00 -4.160933011471090737e-01 -3.811402687772461745e-02 1.297808972572950026e+00
-1.639927378391163593e-02 4.483412349457980839e-01 1.639568377131128241e+00 5.584103743382544671e-01 7.245543973191131970e-01 3.603912770082171122e-03 1.295945967872310867e+00 -4.093673123701967453e-01 -5.050184410707200811e-02 1.304685405029920142e+00
-2.066926359264957200e-02 4.426928303679328880e-01 1.630849778565804042e+00 5.481205657174644807e-01 7.191979130148397070e-01 4.226896942575645959e-03 1.293044916361655972e+00 -4.025804179630354529e-01 -6.203176506324487721e-02 1.311324911562558926e+00
-2.465092128182986078e-02 4.372718629433957616e-01 1.622420890358389434e+00 5.381845280118696673e-01 7.141502631709998328e-01 4.865239278484556965e-03 1.290293238347699045e+00 -3.957779259373970793e-01 -7.279306745789219935e-02 1.317729497014254125e+00
-2.839430306971600301e-02 4.320863326317323505e-01 1.614287745864889212e+00 5.286089399996359850e-01 7.093819084850092604e-01 5.531413357086898894e-03 1.287657544097185802e+00 -3.889831555949706532e-01 -8.284187416068258814e-02 1.323909123758759243e+00
-3.191585799860630068e-02 4.271229293473172151e-01 1.606430869424217978e+00 5.193834757699906657e-01 7.048821941728887763e-01 6.194392682007759249e-03 1.285156562574558459e+00 -3.822359278831765073e-01 -9.224477908266959236e-02 1.329868353634937161e+00
1.428127380127461321e-02 4.938969984837789928e-01 1.704514139386880345e+00 6.297900543223464709e-01 7.720233622432886023e-01 1.518981675025111522e-03 1.323966681324829198e+00 -4.408447102691490094e-01 5.546998226484770034e-02 1.257911667102976194e+00
7.861711527775551087e-03 4.861979262324864215e-01 1.694071521743829578e+00 6.177650059158864559e-01 7.641760238050928633e-01 1.458712328842563018e-03 1.319679074828431276e+00 -4.360638448947319890e-01 3.634186733798386304e-02 1.265735043646385005e+00
1.860091996892231005e-03 4.788308500807866297e-01 1.683820724723043893e+00 6.060772008384222032e-01 7.567459806036692660e-01 1.509238701778457164e-03 1.315652028819932484e+00 -4.308491189932028287e-01 1.865762881736056020e-02 1.273376116731200103e+00
-3.736644833557437387e-03 4.717828898041886432e-01 1.673796547959873537e+00 5.947197649882186576e-01 7.497109797894382366e-01 1.689492620512966434e-03 1.311830815440014231e+00 -4.252832488741567496e-01 2.278091199035095146e-03 1.280828495652561294e+00
-8.967661231573073252e-03 4.650383582611129496e-01 1.664031793884276578e+00 5.837035059205958332e-01 7.430736168287562782e-01 1.966150867542975668e-03 1.308212554858966259e+00 -4.194376659071455959e-01 -1.289610537678670572e-02 1.288073738313869399e+00
-1.385444764031178513e-02 4.585879291954159109e-01 1.654541540608628347e+00 5.730218384978237323e-01 7.368028200587481980e-01 2.310035286426984340e-03 1.304794553998031681e+00 -4.133818399099671304e-01 -2.698224257400504839e-02 1.295100271880970322e+00
-1.843298969638579657e-02 4.524134538116451054e-01 1.645320881826357606e+00 5.626849245436956748e-01 7.308785845796877956e-01 2.724617087663871746e-03 1.301558880568763454e+00 -4.071452497665460912e-01 -4.007339852864805901e-02 1.301927753718742586e+00
-2.272602967376361263e-02 4.465293431760494758e-01 1.636408428072686716e+00 5.526836889075903425e-01 7.252939617062289512e-01 3.176566898082255289e-03 1.298479915941137097e+00 -4.008528919304556459e-01 -5.225385857330958755e-02 1.308514082170500581e+00
-2.676318885888354787e-02 4.408948767566290838e-01 1.627775565957592763e+00 5.430143929286264104e-01 7.200143993091506767e-01 3.662283623619281333e-03 1.295574204297630816e+00 -3.944500551170717073e-01 -6.360472711038374360e-02 1.314893855552763169e+00
-3.054631389522769261e-02 4.354998567238397844e-01 1.619435476645439742e+00 5.336563440488607535e-01 7.150375992528069657e-01 4.187691870611071412e-03 1.292808092597238057e+00 -3.880190378695700937e-01 -7.420717651791285119e-02 1.321057953818016495e+00
1.854491557842483443e-02 5.103571948667803282e-01 1.723172319004965924e+00 6.415387382934857330e-01 7.897224720436778478e-01 3.116267590242107182e-03 1.337643500232256200e+00 -4.355337630593678067e-01 9.670010881637487732e-02 1.248285166176585914e+00
1.173393253234959049e-02 5.018693651519162691e-01 1.712501364422996941e+00 6.301322213752119650e-01 7.810625226124549014e-01 2.496824521746069010e-03 1.332684777301194501e+00 -4.324043487263924401e-01 7.464106494619504595e-02 1.255949530982042539e+00
5.358105394437610337e-03 4.937441400046450046e-01 1.701925633576417685e+00 6.189321539927810090e-01 7.728338370589816764e-01 2.067651972265406850e-03 1.328021357516575796e+00 -4.286491350299454495e-01 5.424471634445095225e-02 1.263521423207979444e+00
-5.918251002355992595e-04 4.859796654741979083e-01 1.691516918835880068e+00 6.079517641085464552e-01 7.650330554474924494e-01 1.787358337277988700e-03 1.323641823477547996e+00 -4.243858863862707276e-01 3.537471029461104755e-02 1.270947688376531826e+00
-6.152378459066955470e-03 4.785388948001237930e-01 1.681293048493300413e+00 5.972167687588376683e-01 7.576596131837571857e-01 1.618745766328605817e-03 1.319549323668052887e+00 -4.196840894508347963e-01 1.790901153156479117e-02 1.278228789653243158e+00
-1.137265084595744102e-02 4.714569464785866026e-01 1.671314463383171800e+00 5.867571270034400710e-01 7.506698032883559746e-01 1.576235491950489292e-03 1.315679841953010465e+00 -4.146285380038209345e-01 1.723642976164951879e-03 1.285327303077966832e+00
-1.626930575439669222e-02 4.646636116304361797e-01 1.661587015148242585e+00 5.765724161750928056e-01 7.440868989048899929e-01 1.647783548935993769e-03 1.312022846253422692e+00 -4.092747353163448398e-01 -1.329161683660597462e-02 1.292255514367458558e+00
-2.086334177197562631e-02 4.581805434992249904e-01 1.652141935487777102e+00 5.666640757621653757e-01 7.378641978930525758e-01 1.807887043713349556e-03 1.308562446205343788e+00 -4.036904352750252389e-01 -2.724425870550543222e-02 1.298981674361577188e+00
-2.517601053483863732e-02 4.519831669572024757e-01 1.642982032837299711e+00 5.570371345235889393e-01 7.319949239590375356e-01 2.036153295073116296e-03 1.305293670560551789e+00 -3.979367086464132286e-01 -4.022688069740949779e-02 1.305505948768291402e+00
-2.922818917735779676e-02 4.460697473491940235e-01 1.634100783133406454e+00 5.476921069954202581e-01 7.264524381795414154e-01 2.317805057159188446e-03 1.302201126336347325e+00 -3.920741284984521347e-01 -5.230752518168692994e-02 1.311843652099589308e+00
2.223076537928706312e-02 5.306449345645146698e-01 1.742859319354511438e+00 6.500910362253353725e-01 8.096391757063774453e-01 6.051119662683089595e-03 1.354572600415298922e+00 -4.244979747692012584e-01 1.464643947899464116e-01 1.239664833865550486e+00
1.511864609857842615e-02 5.212293967726556732e-01 1.732169392882490389e+00 6.396696262244009334e-01 8.000637506103217556e-01 4.695641935424748475e-03 1.348852436548807487e+00 -4.234213162738438840e-01 1.209881498905380770e-01 1.246951283434405200e+00
8.437517834152370722e-03 5.122205821256541336e-01 1.721441792121211734e+00 6.293035881351235483e-01 7.909388214226099612e-01 3.584778427895128454e-03 1.343476930496465993e+00 -4.215463347734517141e-01 9.740171891797939907e-02 1.254240709597155723e+00
2.183999422318931398e-03 5.035964390420922809e-01 1.710767394998861324e+00 6.190182225513622960e-01 7.822809054898802739e-01 2.707017178478301513e-03 1.338414743251391315e+00 -4.189658284760537366e-01 7.557176187552963609e-02 1.261483289514384154e+00
-3.695127326239935114e-03 4.953549315948014842e-01 1.700200630334383733e+00 6.088758550034076844e-01 7.740584748944890903e-01 2.022886123659410618e-03 1.333653653100644654e+00 -4.157785370987999718e-01 5.535429353455881968e-02 1.268649865782119690e+00
-9.212912161429442914e-03 4.874817921730534853e-01 1.689799679942759258e+00 5.988906533911974028e-01 7.662686393484652303e-01 1.511525187689116310e-03 1.329178518757501593e+00 -4.120573248781960185e-01 3.662556283996492440e-02 1.275706813221001878e+00
-1.440315909172189789e-02 4.799726210222903244e-01 1.679602893457238011e+00 5.890975653121885980e-01 7.588906279570646340e-01 1.126055825090010358e-03 1.324983604833821493e+00 -4.079041855901181513e-01 1.926233756337163497e-02 1.282623940029342657e+00
-1.928384458959547104e-02 4.727960021696116510e-01 1.669639463259767753e+00 5.795069934042561544e-01 7.519291301186742382e-01 8.738237279130284902e-04 1.321030042497562507e+00 -4.033924620376533321e-01 3.148176004986508094e-03 1.289393257978616258e+00
-2.388099752984632063e-02 4.659576440493556349e-01 1.659939716628069606e+00 5.701319980326100545e-01 7.453343926403971365e-01 7.279494982293397082e-04 1.317307524023214826e+00 -3.985675338631370357e-01 -1.181781695826309396e-02 1.295993422516275029e+00
-2.819410657846330159e-02 4.594155373282681754e-01 1.650504751061003583e+00 5.609678585909187998e-01 7.391221341631089015e-01 6.848604932727998026e-04 1.313792682680015034e+00 -3.935071449736072813e-01 -2.573742148264836910e-02 1.302430414815197501e+00
2.500622322665439073e-02 5.554993178032379131e-01 1.763000584418261019e+00 6.545652876484586713e-01 8.317660498791216162e-01 1.143038834857330009e-02 1.374074499775140179e+00 -4.070020342610233821e-01 2.054387873545141241e-01 1.232689857466285677e+00
