9.965801470279693604e+02
6.184527008533477783e+02
1.954960182189941406e+03
8.105667021274566650e+02
7.405325160026550293e+02
1.722143542766571045e+03
6.007783563137054443e+02
9.966618559360504150e+02
1.231316601753234863e+03
7.622982673645019531e+02
1.552986949443817139e+03
5.900162279605865479e+02
6.943169207572937012e+02
5.923835859298706055e+02
6.811896314620971680e+02
9.118972172737121582e+02
9.097590878009796143e+02
8.785703527927398682e+02
9.146448483467102051e+02
6.436738710403442383e+02
1.462671489715576172e+03
1.011268610000610352e+03
1.141091950654983521e+03
5.893471927642822266e+02
1.530058693885803223e+03
9.817881689071655273e+02
1.569410526037216187e+03
9.812884318828582764e+02
1.711767633914947510e+03
1.421440714120864868e+03
9.502708609104156494e+02
7.837890241146087646e+02
2.278539760351181030e+03
7.567202184200286865e+02
1.986156399011611938e+03
1.619399025201797485e+03
6.702995262145996094e+02
1.439033243894577026e+03
1.236854472398757935e+03
9.991113755702972412e+02
7.355354571342468262e+02
8.689300236701965332e+02
1.235226238250732422e+03
1.791698847532272339e+03
5.597950549125671387e+02
1.586857347011566162e+03
1.401085883617401123e+03
9.524411401748657227e+02
1.639557833433151245e+03
1.520226822853088379e+03
7.765522263050079346e+02
