6.101335144042968750e+01
6.159139847755432129e+01
6.221734952926635742e+01
6.162504196166992188e+01
6.198002171516418457e+01
6.191007804870605469e+01
6.066784381866455078e+01
6.011883592605590820e+01
6.146687126159667969e+01
6.119372773170471191e+01
6.125877642631530762e+01
6.192272424697875977e+01
6.159679031372070312e+01
6.171574044227600098e+01
6.146365809440612793e+01
6.156469178199768066e+01
6.160869574546813965e+01
6.055467033386230469e+01
6.196361112594604492e+01
6.212068223953247070e+01
6.233170938491821289e+01
6.216166162490844727e+01
6.083368730545043945e+01
6.043363451957702637e+01
6.168169283866882324e+01
6.185417604446411133e+01
6.286526226997375488e+01
6.110304474830627441e+01
6.154103875160217285e+01
6.165302491188049316e+01
6.190741324424743652e+01
6.198239326477050781e+01
6.267449331283569336e+01
6.203606247901916504e+01
6.270105957984924316e+01
6.368185019493103027e+01
6.238489651679992676e+01
6.347686982154846191e+01
6.123981571197509766e+01
6.142181849479675293e+01
6.035474300384521484e+01
6.118367338180541992e+01
6.148175406455993652e+01
6.198170757293701172e+01
6.323770904541015625e+01
6.246468853950500488e+01
6.275367188453674316e+01
6.224366211891174316e+01
6.213268947601318359e+01
6.299403572082519531e+01
6.184096503257751465e+01
