-1.667554982986985124e-13
1.637523450170874639e-12
1.449895759009223184e-12
-4.052314039881821373e-14
4.751588011941976220e-12
1.573241537045078076e-12
1.665390048088966068e-12
5.005107439615130716e-12
4.422240351686923532e-12
1.529609772177309424e-12
1.341371458352114132e-12
-3.161915174132445827e-13
6.051381618021878239e-12
2.544076060928546212e-13
3.171463092144222173e-12
2.758904216193514003e-14
7.682188218893770681e-13
2.517708264093698745e-12
3.806566173381042972e-12
2.194633363927778191e-12
8.690270725253412820e-13
2.378486296805704114e-12
1.466160526319981727e-12
-4.501954364855009771e-13
3.774758283725532237e-13
1.312450148560628804e-12
1.094085932962229890e-11
-1.236788449432424386e-13
2.778721697183073047e-12
1.325223264458941230e-11
-3.207434318142077245e-13
1.058597653980086761e-13
2.693956169252942345e-13
4.949929355291260435e-13
2.315703184763151512e-12
4.163891453856649605e-13
3.595457265248569456e-13
1.594502307966649823e-12
2.544076060928546212e-13
4.891032023834895881e-12
4.777678253020667398e-12
-1.149080830487037019e-13
2.320865721827658490e-12
2.381983499333273357e-13
7.360778653264787863e-13
6.499800697667978966e-13
2.188971226502189893e-12
1.968203378055477515e-12
2.977063040532357263e-13
3.404831971920430078e-12
2.306438373622654581e-11
-1.080247002960277314e-13
2.001232513038075922e-12
4.774514117400485702e-13
2.111644192837047740e-13
9.166223335910217429e-12
2.382927188904204741e-12
1.271482918951960528e-12
6.393496843060120227e-12
-3.089750677531810652e-13
3.162747841400914695e-12
2.610689442406055605e-13
8.621992009238965693e-13
3.027633699304033144e-12
1.711297770157216291e-12
1.660449555629384122e-12
2.972622148433856637e-13
6.968148280606101252e-12
5.790201651478810163e-12
2.035205337591605712e-12
3.521538616269026534e-11
7.448319738756481456e-12
5.451472606665674903e-12
-1.186939435626754857e-12
6.394884621840901673e-13
4.903022432500847572e-12
2.001343535340538438e-12
3.886835298061441790e-12
-5.374589662210382812e-13
3.694877737103752224e-12
1.190768039727174710e-10
1.206740263270944524e-11
6.222800053024002409e-14
2.466304938053553997e-12
4.163169808890643253e-12
2.498667939221377310e-12
6.063649582443986219e-12
5.440037309512035790e-12
1.727507026316743577e-12
8.693656905478519548e-12
1.025305840229862042e-09
7.418446412721380057e-10
9.863276861921121963e-12
1.102185009926870407e-11
-2.825517597671023395e-12
1.414135475386046892e-11
-3.910205492729801335e-13
1.543720706820295163e-11
-1.300071161836058309e-12
1.038752417414912088e-11
7.773781618425346096e-13
1.424194095989150810e-12
6.148970221886429499e-13
5.007660952571768576e-13
2.977451618590976068e-12
-3.907985046680551022e-13
2.462474668618597207e-13
8.998357614586893760e-14
1.239675029296449793e-12
4.500344541469303294e-12
4.105049633551516308e-13
1.412758798835511698e-13
2.658540054767399852e-12
3.366640299873324693e-12
-4.130029651605582330e-13
2.285893696551966059e-12
2.358724326967376328e-12
4.065636716177323251e-13
-1.650901637617607776e-13
2.562783318893480100e-12
1.710909192098597487e-12
9.139911050226601219e-13
2.403632848313463910e-14
3.098854506333736936e-12
2.417122058062659562e-12
6.860123580310073521e-12
2.388089725968711718e-12
6.356026815979021194e-14
9.479084184249586542e-13
1.645295011343250735e-12
5.219713550275173475e-13
-4.013456234019940894e-13
-1.064703880615525122e-13
1.299238494567589441e-12
1.139810468231416962e-12
3.846922780326167413e-14
1.655509063169802175e-12
8.762435221854047995e-13
1.119382364578314082e-12
1.189603970885855233e-13
1.059541343551018144e-12
-3.227418332585330063e-13
-4.740652315149418428e-14
-6.727951529228448635e-14
7.334688412186096684e-13
4.972411371539919855e-12
6.547484776575629439e-12
1.347866263046171298e-12
5.604183783702865185e-12
-4.947153797729697544e-13
2.722266856380883837e-12
1.510291891548831700e-12
1.691036199957807185e-12
8.748390900592539765e-12
2.172984014947587639e-12
1.983579966946535933e-12
-7.283063041541026905e-14
2.085442929455894046e-12
3.846367668813854834e-13
8.720246746918292047e-13
4.621802940363295420e-12
5.901001909336400786e-12
2.930600206951794462e-12
9.652056931486185931e-12
2.982669666806714304e-12
4.913291995478630270e-13
1.297406626576957933e-12
7.183142969324762817e-13
1.930899884428072255e-12
5.730971253115058062e-13
5.584588347318231172e-12
9.336531547887716442e-12
-5.684341886080801487e-13
1.223465773136922508e-13
2.414679567408484218e-12
2.787492459077611784e-12
6.848410727400278120e-13
3.061439990403869160e-13
4.958256027975949110e-12
4.696742994525493486e-12
1.538102978315691871e-11
3.948175120171981689e-12
8.165745857269257613e-12
2.627881245942376154e-11
2.667643883569326135e-12
8.046341370970822027e-13
2.616185046377950130e-12
1.262601134754959276e-12
1.699085316886339569e-12
7.096045973042919286e-12
8.681372287711042190e-11
5.830785854143982760e-11
5.891565013627086955e-12
1.759942191981167525e-11
1.585997999598021124e-11
1.599259613627168619e-11
-2.048472502735876333e-12
1.920907877206445846e-12
4.675704268208846770e-13
-1.005973082612854341e-12
-4.779510121011298907e-13
1.500410906629667807e-12
2.284172850863797066e-12
2.281952404814546753e-12
2.714439784057276484e-12
-1.894040480010517058e-13
1.145528116808236518e-12
2.181588243388432602e-12
7.865930129469234089e-14
1.318278819439910876e-12
1.630362511662042380e-13
5.282441151166494819e-13
-5.743183706385934784e-13
5.574984918155223568e-13
1.571465180205677825e-12
-5.674349878859175078e-13
-9.159339953157541458e-14
7.971401316808623960e-14
-1.377786773559819267e-13
1.030231455700914012e-12
-6.726841306203823478e-13
1.885158695813515806e-13
8.213985047689220664e-13
-1.693090112553363724e-13
3.189004615933299647e-12
6.036782185248057431e-12
-3.296252160112089769e-13
2.735034421164073137e-13
3.875233467454108904e-13
5.695444116327053052e-13
3.558431327377320486e-12
2.549072064539359417e-13
2.336464355323641939e-13
6.672440377997190808e-13
2.479627614349055875e-12
1.019351270059587478e-12
2.594036097036678257e-13
1.115219028235969745e-13
1.004751837285766669e-14
4.884981308350688778e-15
3.221312105949891702e-13
1.876665489675133358e-12
3.769817791265950291e-12
-6.550315845288423588e-15
3.135824933053754648e-13
5.559608329264165150e-12
-1.988409437103655364e-13
5.432931882154434788e-12
1.084632383907546682e-12
3.474276422110733620e-12
-1.298960938811433152e-13
1.646016656309257087e-12
1.295685780888788941e-12
-3.982369989330436510e-13
6.942779684493416426e-13
-4.657385588302531687e-13
2.566280521421049343e-13
1.136868377216160297e-13
-5.728750807065807749e-14
2.309263891220325604e-13
-4.259925745486725646e-13
2.514655150775979564e-12
8.754330593774284353e-12
1.069866417680032100e-12
2.699507284376068128e-13
5.533296043580548940e-12
1.105282532165574594e-12
6.096789739729047142e-13
3.991806885039750341e-13
-8.811840146449867461e-13
-2.314815006343451387e-13
5.414058090735807127e-12
5.524247725929853914e-12
2.688071987222429016e-12
4.791778085433406886e-12
1.811156780107125996e-11
8.421985331352743742e-12
6.916134331902412669e-13
6.646516670372193403e-12
3.557820704713776649e-12
1.023013340706313556e-10
2.468192317195416763e-12
1.700917184876971078e-12
1.071531752216969835e-12
7.381317779220353259e-13
5.051514762044462259e-13
5.046796314189805344e-12
7.693179426837559731e-12
2.417122058062659562e-12
1.078026556911027001e-12
7.874684238018403448e-11
5.680300674271165917e-11
1.732769483453466819e-11
2.226702155994075838e-11
4.039807377509418984e-11
-9.193756866920921311e-13
1.445837893854218237e-11
3.971989404050191297e-12
9.650780175007867001e-12
1.123490189769427161e-12
1.115052494782275971e-12
5.219713550275173475e-13
7.113754030285690533e-13
2.717659430828689437e-12
8.033018694675320148e-13
-3.763656053479280672e-14
2.647326802218685771e-13
6.116773754172299959e-13
8.160694342507213150e-13
-1.290079154614431900e-13
9.661160760288112215e-13
3.199274178911082345e-12
1.032507412901395583e-13
1.862288101506237581e-12
6.633971150193929134e-12
1.075084465895770336e-12
-2.947642130379790615e-13
8.562595077421519818e-13
3.864131237207857339e-13
1.739108856924076463e-12
-2.410294186461214849e-13
-4.148903443024209992e-13
8.184009026024341438e-13
2.287947609147522599e-12
-6.209477376728500531e-13
2.470301740942204560e-12
-3.443911822387235588e-13
9.986456106503283081e-14
1.380356939861826504e-11
-2.162714451969804941e-13
3.470723708431933119e-12
2.026101508789679428e-12
-1.701971896750364976e-13
1.557642903549094626e-12
6.607603353359081666e-12
5.073164111024652811e-13
7.090439346768562245e-13
1.759703494030873117e-14
1.513844605227632201e-12
4.075351167642793371e-12
2.036537605221155900e-12
2.348732319745749919e-12
-3.573807916268378904e-13
1.726674359048274709e-12
-5.658806756514422887e-13
4.308164935906688697e-12
2.063016424358465883e-12
2.586209024713070903e-12
1.053213072310654752e-12
3.969602424547247210e-13
2.752853500709306900e-12
2.298550239032692843e-12
2.342182003900461496e-12
-1.677546990208611533e-13
1.008249039813335912e-12
1.329159005081237410e-12
2.750466521206362813e-12
9.841016890277387574e-13
3.800793013652992158e-12
4.342637360821299808e-13
2.061129045216603117e-13
1.018241047034962321e-12
7.029099524658022347e-12
2.974120949517100598e-12
3.105460333330256617e-12
3.346822818883765649e-12
1.197708598965618876e-12
4.419575816427823156e-12
1.325883847158593198e-12
3.550493232751250616e-13
1.902306090428851348e-11
-4.790612351257550472e-13
-4.674038933671909035e-14
1.157740570079113240e-12
6.753264614189902204e-12
1.300293206440983340e-12
8.461564782180630573e-13
3.582689700465380156e-12
2.128852649718737666e-13
-1.755262601932372490e-13
1.561477058764637604e-10
1.570160668151743266e-11
1.590105824789134203e-11
-2.207123372954811202e-12
5.509814826609726879e-12
2.251476782788586206e-12
1.277650207853753273e-11
4.501232719889003420e-12
1.771194302335743487e-12
5.343725462125803460e-12
9.316131199810229191e-11
8.983791488503811706e-11
5.042577466696229749e-12
-6.961098364399731508e-13
3.318029184740112214e-11
3.282596416909200343e-11
7.662759315962830442e-12
2.010669408747389753e-12
4.590217095312709716e-13
1.690647621899188380e-12
6.099565297290610033e-13
-2.055022818581164756e-13
-1.010302952408892452e-14
1.069089261562794491e-12
2.351452366156081553e-13
7.831291171100929205e-12
2.289557432533229075e-12
1.442124197836847088e-12
-2.845501612114276213e-13
4.456657265450303385e-12
1.727507026316743577e-13
-2.405853294362714223e-13
-4.841682610390307673e-13
-1.458833054357455694e-13
1.578903674470666374e-12
3.624323063888823526e-13
1.991240505816449513e-12
1.050270981295398087e-13
-5.668798763736049295e-13
4.227729277772596106e-13
2.861044734459028405e-12
9.667266986923550576e-13
1.479388833658390467e-11
-5.140332604014474782e-13
1.068034549689400592e-12
3.704259121661834797e-13
1.751376821346184443e-13
-2.711164626134632272e-13
2.444711100224594702e-13
9.817147095247946709e-13
5.622169396701792721e-13
-2.812194921375521517e-13
5.306477479649629458e-12
-8.700817843987351807e-13
-2.320366121466577169e-14
-5.018208071305707563e-13
5.328515406688438816e-13
5.691558335740865004e-13
2.643385510481266465e-12
1.275868299899229896e-12
2.793765219166743918e-12
2.265132525991475632e-12
1.553146500299362742e-12
4.007905118896815111e-13
7.955858194463871769e-13
4.066025294235942056e-12
3.721467578543524724e-13
-8.892886427247503889e-14
3.241240609241913262e-12
2.525091247207456036e-12
6.341593916658894159e-12
6.456890577766216666e-12
-9.174883075502293650e-13
-2.827738043720273708e-13
-6.757927550893327862e-13
-9.504619313815965143e-13
-8.493206138382447534e-14
-2.665645482125000854e-13
1.643407632201387969e-12
-2.584599201327364426e-13
2.325234449429558481e-11
-3.047562202596054703e-13
1.080296962996385446e-11
4.235278794340047170e-12
2.218392136654756541e-12
7.368272658681007670e-12
1.203481758693669690e-12
-5.641043188120420382e-13
4.383715612732430600e-13
-4.429789868254374596e-14
2.932376563791194712e-12
1.478817068800708512e-13
-3.552713678800500929e-14
-3.719247132494274410e-14
2.383371278114054803e-12
6.213363157314688578e-13
9.549583346313283982e-13
-1.770805724277124682e-13
1.145472605657005261e-12
1.867006549360894496e-12
3.158345807108275949e-11
-1.895816836849917308e-12
2.931488385371494587e-12
6.401046359627571292e-12
8.668565865121991010e-12
-1.008304550964567170e-12
-3.811395643538162403e-13
1.547428851722543186e-12
3.815892046787894287e-12
2.980060642698845186e-12
1.103500624211051218e-11
1.676120353621968206e-11
-1.095346036095179443e-12
6.590117340721235450e-12
2.652322805829498975e-12
1.320515918834530567e-11
3.313455065878656569e-11
6.919298467522594365e-12
3.808287019069211965e-12
1.046329689557978782e-12
-8.026912468039881787e-14
9.153233726522103098e-13
8.207046153785313436e-12
-5.315747841905249516e-13
2.572997370720031540e-12
-4.672928710647283879e-13
5.309086503757498576e-13
1.782796132943076373e-12
2.704947377196731395e-12
1.659783421814609028e-14
4.324263169763753467e-12
1.314892639214804149e-12
-1.147970607462411863e-13
1.724620446452718170e-12
5.229150445984487305e-13
-3.747002708109903324e-13
-2.212674488077936985e-13
2.953193245502916398e-13
-1.406652572200073337e-13
2.547795308061040487e-12
1.068645172352944428e-12
-6.752376435770202079e-13
1.466993193588450595e-12
1.812050509641949247e-12
2.518263375606011323e-12
2.642719376666491371e-12
-2.601252546696741774e-13
2.517597241791236229e-12
-4.785061236134424689e-14
-2.514655150775979564e-13
2.263966791815619217e-12
3.352318422855660174e-13
7.618350394977824180e-13
-2.938760346182789363e-13
4.301503597758937758e-12
2.866373804977229156e-12
5.870304242705515207e-13
6.747935543671701453e-13
3.265221426573816643e-12
2.222610984148332136e-12
-8.124612094206895563e-13
2.512989816239041829e-13
-3.467226505904363876e-13
2.832567513877393139e-12
-4.723998969780041080e-13
6.377676164959211746e-13
2.090716488822863539e-12
1.576572206118953545e-12
2.224165296382807355e-12
3.712585794346523471e-13
4.154288024693642001e-12
1.891986567414960518e-12
1.002364857782822583e-12
1.362798762727379653e-13
8.492373471113978667e-12
6.601996727084724625e-12
2.594202630490372030e-12
5.464684260658714265e-12
-1.699751450701114663e-13
-6.094014182167484250e-13
-6.926681450636351656e-13
-2.025046796916285530e-13
7.868705687030796980e-13
6.403211294525590347e-13
5.144218384600662830e-13
1.108169112029600001e-12
1.452171716209704755e-13
3.000433235200716808e-12
-3.781419621873283177e-13
1.100675106613380194e-12
-1.983413433492842159e-12
9.670708678299888561e-12
1.216426959160799015e-11
7.805422974627163057e-13
-6.338263247585018689e-13
1.638744695497962311e-12
1.638134072834418475e-13
1.001421168211891199e-13
1.985356323785936183e-12
1.665168003484041037e-12
4.470313008653192810e-13
-1.013855666087692953e-12
1.183675379934356897e-11
4.848399459689289870e-12
-9.237055564881302416e-13
3.932909553583385787e-12
1.941513616543488752e-11
7.642775301519577624e-13
2.733646642383291692e-12
5.793865387460073180e-12
2.355787787067242789e-11
2.090322359649121609e-11
8.027206677141407454e-11
-3.531619441332622955e-13
1.174932373615433789e-11
5.688283177818220793e-12
8.577416554800265658e-12
-1.526112569649740180e-12
1.016353667893099555e-12
1.728839293946293765e-12
8.080758284734201879e-13
2.015054789694659121e-12
1.481037514849958825e-13
8.333889134348737571e-13
1.167343999242120844e-12
5.636824340626844787e-12
3.314570840018404851e-13
1.755928735747147584e-12
-2.999822612537172972e-13
9.111378318493734696e-12
-7.780442956573097035e-13
5.359601651377943199e-13
1.387279180420364355e-12
8.374967386259868363e-13
7.036038418561929575e-13
-4.188871471910715627e-13
1.331545984584181497e-12
3.253453062512789984e-12
1.221966972053678546e-12
-1.411093464298573963e-13
-6.183942247162121930e-14
-5.032640970625834598e-13
1.111832848010863017e-12
3.487765631859929272e-13
2.888800310074657318e-13
9.221901020595169030e-12
8.946177132429511403e-13
-2.442490654175344389e-13
2.870759185924498524e-12
1.720290576656680059e-13
1.123101611710808356e-12
1.527944437640371689e-12
8.287259767314480996e-13
-1.326716514427062066e-13
1.243949387941256646e-12
5.972999872483342187e-14
1.959543638463401294e-14
9.643952303406422288e-13
3.176126028847647831e-12
2.687905453768735242e-12
-9.547918011776346248e-14
2.594369163944065804e-12
1.141586825070817213e-12
1.291133866487825799e-12
4.246603069191223767e-14
-6.801226248853708967e-13
6.683376074789748600e-12
7.506772981002995948e-13
4.092226557617095750e-12
8.077982727172638988e-13
-6.884492975700595707e-13
-4.329869796038110508e-13
7.647937838584084602e-12
4.612032977746594042e-12
9.578449144953538053e-13
3.058664432842306269e-12
-1.065481036732762732e-12
1.004696326134535411e-12
1.872113575274170216e-12
-1.031397189876770426e-13
2.280842181789921597e-12
1.115940673201976097e-12
9.538869694125651222e-12
2.098932139205089697e-12
1.922517700592152323e-12
1.319888642825617353e-12
2.542410726391608478e-13
4.572453526918707212e-13
2.577271729364838393e-12
1.794675519306565548e-13
1.273647853849979583e-12
1.478595024195783481e-12
2.680244914898821662e-12
9.535150446993156947e-13
4.441724765769095029e-12
5.507150291350626503e-12
8.368694626170736228e-12
-8.665290707199346798e-13
1.630084955905886090e-12
4.505840145441197819e-13
2.267908083553038523e-12
5.842881733997273841e-12
2.935690579519700805e-11
1.636868418586345797e-11
-5.950795411990839057e-14
-2.635669460460121627e-13
1.789129955298562891e-11
5.085654120051685823e-12
-9.069411888162903779e-13
-7.612799279854698398e-13
-2.497335671591827122e-12
-5.531131108682529884e-13
6.770140004164204584e-13
5.936529046124405795e-12
6.481093439703045078e-12
1.171329699900525156e-11
-1.172839603214015369e-12
-1.032174345994008036e-12
4.999778369096929964e-12
-5.538902669854905980e-13
3.645417301356701500e-13
2.040589919261037721e-12
1.590672038531693033e-12
1.039390795654071553e-12
4.798605957034851599e-12
7.638889520933389576e-13
1.657507464614127457e-12
5.493439036996505820e-12
2.664535259100375697e-15
-2.123856646107924462e-13
1.035171948160495958e-12
3.866740261315726457e-12
6.267764085521321249e-13
1.915856362444401384e-12
-3.815836535636663029e-13
1.158573237347582108e-12
-1.657562975765358715e-13
3.785305402459471225e-13
2.089994843856857187e-13
2.630562434546845907e-12
8.934519790670947259e-13
1.286748485540556430e-12
1.463218435304725062e-12
-4.208855486353968445e-13
1.942890293094023946e-15
3.185729458010655435e-12
-9.858780458671390079e-14
6.530775920055020833e-12
1.872668686786482795e-12
1.204758515171988620e-12
-5.986322548778844066e-13
-2.516875596825229877e-13
4.205136239221474170e-12
-4.028999356364693085e-13
3.895939126863368074e-12
8.089640068931203132e-13
1.177558051068672285e-12
-5.323519403077625611e-13
1.010580508165048741e-12
1.568745133795346192e-12
2.547406730002421682e-13
8.674727602908660629e-13
1.455224829527423935e-12
-6.978861932793734013e-13
1.079136779935652157e-13
-3.579359031391504686e-13
-2.716715741257758054e-13
1.824096429459132196e-12
8.953393582089574920e-13
1.500077839722280260e-12
1.317113085264054462e-12
3.522515612530696671e-12
1.662392445922478146e-12
2.187139358511558385e-12
3.561761996451195955e-12
2.898514761540127438e-12
-7.308598171107405506e-13
3.485545185810678959e-13
-3.503863865716994042e-13
5.124400903611103786e-12
9.861667038535415486e-12
3.241296120393144520e-13
6.119993400943712913e-12
1.966260487762383491e-12
9.610645612667667592e-13
7.032319171429435301e-12
-5.948574965941588744e-13
-9.974243653232406359e-13
1.407818306375929751e-12
-1.057154364048074058e-12
6.190958856677752919e-11
3.043121310497554077e-12
2.904365636879902013e-11
1.670497074002241789e-12
1.457262088777611098e-11
2.360944773016626641e-12
1.921213188538217764e-11
3.586575481051568204e-13
1.233402269207317659e-12
4.427569422205124283e-13
6.450950884584472078e-13
2.160738254985972162e-11
-6.835643162617088819e-13
1.623318146570795761e-11
1.077193889642558133e-12
6.870781721346475024e-12
4.794886709902357325e-12
-3.822497873784413969e-13
-5.929701174522961082e-13
-3.447242491461111058e-13
6.068395785874258763e-11
5.182132500891611926e-12
4.499900452259453232e-12
2.969624546267368714e-12
-2.498001805406602216e-14
5.344058529033191007e-13
8.800182804691303318e-13
-2.234878948570440116e-13
-1.867284105117050785e-12
3.019973160434119563e-12
1.650901637617607776e-12
3.140765425513336595e-12
6.444844657949033717e-14
-3.307354390358341334e-13
3.624267552737592268e-12
3.097244682948030459e-12
3.674283099996955571e-13
1.697975093861714413e-12
2.725597525454759307e-14
2.688071987222429016e-12
-7.870371021567734715e-13
-4.337641357210486603e-13
6.910028105266974308e-12
3.764044631537899477e-12
1.287858708565181587e-14
-7.635003740347201528e-13
2.974009927214638083e-12
-4.182210133762964688e-13
2.373434782043659652e-12
1.606215160876445225e-12
5.128675262255910638e-13
-3.463895836830488406e-13
3.195665954081050586e-12
7.887968056508043446e-12
1.514788294798563584e-12
6.161182675157306221e-13
1.824596029820213516e-12
2.215394534488268619e-12
8.280931496074117604e-12
-2.731148640577885089e-14
1.080413536413971087e-12
-1.071143174158351030e-12
-1.356692536091941292e-13
-1.021294160352681502e-12
1.900479773553342966e-12
4.252709295826662128e-13
5.526690216584029258e-12
9.045486581982231655e-12
7.168154958492323203e-13
-1.764144386129373743e-13
5.499822819388100470e-12
1.066052801590444687e-11
3.154310146413763505e-12
1.801059301698160198e-12
7.331912854624533793e-13
1.437905350343271493e-12
1.886546474594297251e-12
3.216704680397697302e-12
1.002792293647303268e-11
7.227551890309769078e-13
9.356126984272350455e-12
3.304745366250472216e-12
-6.467049118441536848e-13
4.945210907436603520e-12
-5.877520692365578725e-13
1.656452752740733558e-13
1.581790254334691781e-12
2.504663143554353155e-13
-1.915134717478395032e-13
-4.910516437917067378e-13
3.420208560811488496e-12
-2.673417043297376949e-13
3.157196726277788912e-12
3.121947145245940192e-13
6.545042285921454095e-12
8.478218127550007921e-13
-1.684208328356362472e-13
7.320088979412275876e-12
5.690448112716239848e-13
1.141364780465892181e-12
6.535716412514602780e-12
-3.660405312189141114e-13
8.307243781757733814e-13
4.099498518428390526e-13
1.569133711853964996e-12
2.415179167769565538e-12
2.116085084935548366e-12
2.749578342786662688e-12
1.538047467164460613e-12
1.252331571777176578e-13
2.395572629154685274e-11
4.978517598175358216e-12
6.041556144253945604e-12
5.468792085849827345e-12
9.940381850981339085e-13
1.002820049222918897e-11
7.628842002560531910e-12
4.887762417027374795e-11
2.053357484044227022e-13
6.428635401789506432e-12
2.963057577076710913e-11
5.328626428990901331e-12
6.239397887242148499e-12
2.990330205676627884e-12
1.392313486725527127e-10
1.059602405817372528e-11
6.789291351338988534e-12
9.676703882632864406e-13
1.472155730652957573e-11
1.021988049743072224e-11
