9.250000000000000000e+02
5.180000000000000000e+02
9.030000000000000000e+02
9.420000000000000000e+02
5.390000000000000000e+02
1.238000000000000000e+03
5.940000000000000000e+02
7.060000000000000000e+02
5.720000000000000000e+02
6.390000000000000000e+02
7.590000000000000000e+02
5.620000000000000000e+02
1.412000000000000000e+03
5.840000000000000000e+02
7.600000000000000000e+02
3.420000000000000000e+02
1.107000000000000000e+03
1.302000000000000000e+03
8.470000000000000000e+02
8.810000000000000000e+02
9.480000000000000000e+02
1.049000000000000000e+03
7.490000000000000000e+02
7.840000000000000000e+02
3.750000000000000000e+02
9.150000000000000000e+02
1.133000000000000000e+03
5.180000000000000000e+02
5.840000000000000000e+02
5.830000000000000000e+02
6.710000000000000000e+02
8.030000000000000000e+02
1.106000000000000000e+03
5.730000000000000000e+02
3.640000000000000000e+02
8.090000000000000000e+02
5.620000000000000000e+02
5.480000000000000000e+02
5.090000000000000000e+02
1.310000000000000000e+03
4.080000000000000000e+02
5.620000000000000000e+02
8.130000000000000000e+02
7.980000000000000000e+02
3.750000000000000000e+02
4.520000000000000000e+02
7.860000000000000000e+02
1.263000000000000000e+03
7.710000000000000000e+02
3.200000000000000000e+02
7.160000000000000000e+02
3.860000000000000000e+02
1.068000000000000000e+03
3.390000000000000000e+02
6.620000000000000000e+02
2.760000000000000000e+02
3.880000000000000000e+02
6.390000000000000000e+02
6.200000000000000000e+02
3.860000000000000000e+02
7.370000000000000000e+02
3.380000000000000000e+02
5.290000000000000000e+02
6.100000000000000000e+02
6.500000000000000000e+02
9.330000000000000000e+02
5.830000000000000000e+02
4.620000000000000000e+02
3.640000000000000000e+02
7.820000000000000000e+02
8.840000000000000000e+02
8.090000000000000000e+02
8.260000000000000000e+02
5.180000000000000000e+02
2.870000000000000000e+02
7.380000000000000000e+02
6.360000000000000000e+02
4.730000000000000000e+02
4.190000000000000000e+02
1.018000000000000000e+03
6.610000000000000000e+02
4.520000000000000000e+02
5.440000000000000000e+02
5.070000000000000000e+02
6.940000000000000000e+02
5.510000000000000000e+02
4.730000000000000000e+02
4.290000000000000000e+02
4.410000000000000000e+02
2.970000000000000000e+02
8.810000000000000000e+02
9.250000000000000000e+02
1.293000000000000000e+03
7.930000000000000000e+02
9.290000000000000000e+02
1.034000000000000000e+03
5.270000000000000000e+02
4.300000000000000000e+02
4.130000000000000000e+02
9.360000000000000000e+02
3.300000000000000000e+02
3.950000000000000000e+02
1.034000000000000000e+03
3.530000000000000000e+02
6.170000000000000000e+02
3.860000000000000000e+02
1.013000000000000000e+03
6.500000000000000000e+02
5.070000000000000000e+02
4.630000000000000000e+02
8.580000000000000000e+02
9.060000000000000000e+02
7.380000000000000000e+02
1.247000000000000000e+03
8.800000000000000000e+02
3.420000000000000000e+02
1.116000000000000000e+03
8.470000000000000000e+02
6.390000000000000000e+02
1.080000000000000000e+03
9.480000000000000000e+02
6.280000000000000000e+02
8.680000000000000000e+02
7.560000000000000000e+02
4.960000000000000000e+02
2.980000000000000000e+02
2.980000000000000000e+02
3.750000000000000000e+02
5.830000000000000000e+02
7.930000000000000000e+02
6.830000000000000000e+02
1.248000000000000000e+03
7.650000000000000000e+02
3.730000000000000000e+02
7.170000000000000000e+02
6.500000000000000000e+02
1.020000000000000000e+03
1.100000000000000000e+03
4.410000000000000000e+02
3.960000000000000000e+02
4.860000000000000000e+02
5.400000000000000000e+02
1.057000000000000000e+03
7.830000000000000000e+02
3.630000000000000000e+02
6.110000000000000000e+02
6.500000000000000000e+02
5.720000000000000000e+02
7.650000000000000000e+02
3.090000000000000000e+02
4.410000000000000000e+02
1.189000000000000000e+03
7.380000000000000000e+02
2.540000000000000000e+02
3.970000000000000000e+02
6.610000000000000000e+02
5.730000000000000000e+02
5.290000000000000000e+02
4.940000000000000000e+02
6.720000000000000000e+02
6.280000000000000000e+02
1.127000000000000000e+03
5.250000000000000000e+02
5.510000000000000000e+02
5.580000000000000000e+02
1.090000000000000000e+03
6.940000000000000000e+02
4.850000000000000000e+02
1.016000000000000000e+03
1.227000000000000000e+03
7.050000000000000000e+02
6.610000000000000000e+02
4.310000000000000000e+02
8.480000000000000000e+02
5.000000000000000000e+02
5.750000000000000000e+02
5.400000000000000000e+02
1.262000000000000000e+03
8.040000000000000000e+02
8.140000000000000000e+02
5.940000000000000000e+02
1.261000000000000000e+03
1.073000000000000000e+03
8.990000000000000000e+02
5.400000000000000000e+02
4.960000000000000000e+02
3.410000000000000000e+02
5.870000000000000000e+02
8.140000000000000000e+02
6.360000000000000000e+02
8.810000000000000000e+02
1.090000000000000000e+03
6.810000000000000000e+02
8.930000000000000000e+02
9.830000000000000000e+02
6.280000000000000000e+02
1.125000000000000000e+03
3.640000000000000000e+02
3.300000000000000000e+02
8.910000000000000000e+02
1.093000000000000000e+03
7.710000000000000000e+02
8.140000000000000000e+02
3.300000000000000000e+02
6.080000000000000000e+02
6.390000000000000000e+02
1.002000000000000000e+03
1.038000000000000000e+03
8.700000000000000000e+02
4.610000000000000000e+02
5.290000000000000000e+02
6.280000000000000000e+02
8.810000000000000000e+02
1.001000000000000000e+03
3.860000000000000000e+02
1.245000000000000000e+03
8.170000000000000000e+02
5.280000000000000000e+02
7.260000000000000000e+02
7.370000000000000000e+02
6.930000000000000000e+02
1.257000000000000000e+03
5.950000000000000000e+02
6.280000000000000000e+02
5.290000000000000000e+02
5.290000000000000000e+02
3.850000000000000000e+02
7.790000000000000000e+02
5.710000000000000000e+02
8.260000000000000000e+02
3.090000000000000000e+02
8.510000000000000000e+02
6.170000000000000000e+02
9.350000000000000000e+02
3.530000000000000000e+02
4.160000000000000000e+02
6.930000000000000000e+02
5.730000000000000000e+02
3.860000000000000000e+02
5.840000000000000000e+02
1.320000000000000000e+03
1.255000000000000000e+03
1.300000000000000000e+03
6.500000000000000000e+02
8.700000000000000000e+02
7.460000000000000000e+02
2.870000000000000000e+02
9.950000000000000000e+02
5.940000000000000000e+02
6.720000000000000000e+02
4.140000000000000000e+02
3.850000000000000000e+02
4.440000000000000000e+02
7.190000000000000000e+02
5.160000000000000000e+02
7.370000000000000000e+02
5.390000000000000000e+02
4.070000000000000000e+02
3.970000000000000000e+02
4.840000000000000000e+02
4.390000000000000000e+02
7.820000000000000000e+02
1.091000000000000000e+03
6.500000000000000000e+02
5.590000000000000000e+02
9.690000000000000000e+02
2.870000000000000000e+02
6.930000000000000000e+02
8.150000000000000000e+02
5.080000000000000000e+02
5.070000000000000000e+02
1.295000000000000000e+03
5.070000000000000000e+02
9.730000000000000000e+02
6.500000000000000000e+02
2.970000000000000000e+02
4.610000000000000000e+02
4.930000000000000000e+02
3.420000000000000000e+02
7.980000000000000000e+02
1.310000000000000000e+03
3.750000000000000000e+02
8.140000000000000000e+02
1.387000000000000000e+03
7.820000000000000000e+02
8.910000000000000000e+02
1.013000000000000000e+03
1.178000000000000000e+03
9.580000000000000000e+02
4.630000000000000000e+02
5.070000000000000000e+02
3.930000000000000000e+02
6.940000000000000000e+02
8.910000000000000000e+02
8.920000000000000000e+02
8.880000000000000000e+02
1.045000000000000000e+03
1.024000000000000000e+03
8.690000000000000000e+02
5.840000000000000000e+02
7.040000000000000000e+02
6.280000000000000000e+02
6.270000000000000000e+02
5.720000000000000000e+02
1.025000000000000000e+03
9.590000000000000000e+02
3.970000000000000000e+02
3.200000000000000000e+02
5.040000000000000000e+02
3.640000000000000000e+02
8.620000000000000000e+02
8.250000000000000000e+02
4.580000000000000000e+02
9.170000000000000000e+02
6.820000000000000000e+02
1.085000000000000000e+03
5.070000000000000000e+02
6.940000000000000000e+02
7.980000000000000000e+02
4.740000000000000000e+02
7.690000000000000000e+02
9.330000000000000000e+02
4.740000000000000000e+02
7.820000000000000000e+02
8.580000000000000000e+02
5.840000000000000000e+02
8.260000000000000000e+02
3.090000000000000000e+02
7.260000000000000000e+02
6.450000000000000000e+02
3.090000000000000000e+02
4.850000000000000000e+02
1.191000000000000000e+03
7.490000000000000000e+02
8.690000000000000000e+02
8.150000000000000000e+02
1.015000000000000000e+03
3.310000000000000000e+02
5.690000000000000000e+02
7.080000000000000000e+02
3.790000000000000000e+02
1.232000000000000000e+03
4.300000000000000000e+02
4.080000000000000000e+02
3.470000000000000000e+02
7.710000000000000000e+02
8.810000000000000000e+02
1.039000000000000000e+03
6.340000000000000000e+02
7.160000000000000000e+02
7.880000000000000000e+02
1.330000000000000000e+03
2.870000000000000000e+02
7.830000000000000000e+02
1.478000000000000000e+03
5.620000000000000000e+02
1.247000000000000000e+03
4.630000000000000000e+02
4.850000000000000000e+02
6.840000000000000000e+02
3.420000000000000000e+02
3.090000000000000000e+02
5.950000000000000000e+02
3.750000000000000000e+02
4.840000000000000000e+02
6.060000000000000000e+02
8.700000000000000000e+02
4.840000000000000000e+02
3.530000000000000000e+02
4.400000000000000000e+02
9.270000000000000000e+02
5.400000000000000000e+02
5.940000000000000000e+02
1.134000000000000000e+03
6.050000000000000000e+02
4.070000000000000000e+02
7.940000000000000000e+02
6.120000000000000000e+02
7.210000000000000000e+02
4.840000000000000000e+02
5.840000000000000000e+02
5.070000000000000000e+02
6.710000000000000000e+02
8.150000000000000000e+02
3.640000000000000000e+02
7.650000000000000000e+02
7.270000000000000000e+02
5.840000000000000000e+02
3.420000000000000000e+02
5.060000000000000000e+02
4.850000000000000000e+02
5.950000000000000000e+02
8.280000000000000000e+02
7.500000000000000000e+02
5.360000000000000000e+02
1.061000000000000000e+03
4.610000000000000000e+02
7.760000000000000000e+02
5.170000000000000000e+02
3.750000000000000000e+02
8.800000000000000000e+02
4.560000000000000000e+02
7.140000000000000000e+02
5.230000000000000000e+02
8.040000000000000000e+02
1.084000000000000000e+03
3.310000000000000000e+02
6.160000000000000000e+02
3.860000000000000000e+02
3.750000000000000000e+02
5.180000000000000000e+02
7.970000000000000000e+02
4.950000000000000000e+02
4.520000000000000000e+02
9.690000000000000000e+02
8.480000000000000000e+02
6.710000000000000000e+02
1.155000000000000000e+03
5.730000000000000000e+02
6.720000000000000000e+02
3.530000000000000000e+02
7.150000000000000000e+02
3.750000000000000000e+02
5.290000000000000000e+02
9.360000000000000000e+02
5.180000000000000000e+02
5.840000000000000000e+02
6.620000000000000000e+02
5.810000000000000000e+02
8.370000000000000000e+02
9.240000000000000000e+02
6.160000000000000000e+02
4.520000000000000000e+02
5.940000000000000000e+02
8.830000000000000000e+02
4.230000000000000000e+02
6.610000000000000000e+02
5.210000000000000000e+02
8.470000000000000000e+02
7.160000000000000000e+02
1.215000000000000000e+03
5.820000000000000000e+02
1.063000000000000000e+03
3.420000000000000000e+02
6.170000000000000000e+02
4.960000000000000000e+02
4.740000000000000000e+02
4.190000000000000000e+02
6.720000000000000000e+02
6.390000000000000000e+02
7.160000000000000000e+02
4.410000000000000000e+02
3.640000000000000000e+02
7.480000000000000000e+02
3.950000000000000000e+02
1.399000000000000000e+03
3.640000000000000000e+02
6.940000000000000000e+02
1.530000000000000000e+03
6.170000000000000000e+02
4.290000000000000000e+02
6.660000000000000000e+02
4.950000000000000000e+02
2.980000000000000000e+02
1.136000000000000000e+03
5.730000000000000000e+02
6.720000000000000000e+02
8.850000000000000000e+02
5.400000000000000000e+02
9.900000000000000000e+02
4.510000000000000000e+02
4.080000000000000000e+02
1.207000000000000000e+03
7.420000000000000000e+02
7.380000000000000000e+02
5.510000000000000000e+02
3.300000000000000000e+02
4.780000000000000000e+02
4.720000000000000000e+02
5.840000000000000000e+02
9.580000000000000000e+02
4.730000000000000000e+02
1.061000000000000000e+03
4.410000000000000000e+02
6.390000000000000000e+02
5.820000000000000000e+02
1.167000000000000000e+03
3.740000000000000000e+02
1.004000000000000000e+03
5.070000000000000000e+02
5.940000000000000000e+02
6.390000000000000000e+02
7.900000000000000000e+02
1.070000000000000000e+03
1.036000000000000000e+03
7.300000000000000000e+02
8.260000000000000000e+02
9.470000000000000000e+02
1.124000000000000000e+03
5.270000000000000000e+02
5.390000000000000000e+02
7.050000000000000000e+02
4.300000000000000000e+02
9.900000000000000000e+02
3.310000000000000000e+02
4.290000000000000000e+02
8.580000000000000000e+02
1.044000000000000000e+03
3.860000000000000000e+02
4.630000000000000000e+02
7.900000000000000000e+02
9.320000000000000000e+02
6.320000000000000000e+02
9.360000000000000000e+02
1.178000000000000000e+03
6.610000000000000000e+02
5.620000000000000000e+02
8.260000000000000000e+02
8.150000000000000000e+02
3.090000000000000000e+02
4.240000000000000000e+02
8.840000000000000000e+02
4.740000000000000000e+02
2.980000000000000000e+02
7.840000000000000000e+02
9.680000000000000000e+02
4.950000000000000000e+02
9.140000000000000000e+02
6.740000000000000000e+02
6.500000000000000000e+02
1.198000000000000000e+03
4.490000000000000000e+02
8.260000000000000000e+02
6.610000000000000000e+02
7.540000000000000000e+02
6.910000000000000000e+02
5.830000000000000000e+02
4.630000000000000000e+02
3.040000000000000000e+02
6.170000000000000000e+02
4.290000000000000000e+02
4.680000000000000000e+02
6.630000000000000000e+02
6.610000000000000000e+02
1.255000000000000000e+03
4.740000000000000000e+02
3.860000000000000000e+02
5.840000000000000000e+02
6.170000000000000000e+02
5.730000000000000000e+02
4.960000000000000000e+02
7.280000000000000000e+02
4.950000000000000000e+02
3.200000000000000000e+02
8.260000000000000000e+02
5.070000000000000000e+02
1.056000000000000000e+03
9.000000000000000000e+02
6.850000000000000000e+02
1.182000000000000000e+03
9.070000000000000000e+02
7.930000000000000000e+02
5.110000000000000000e+02
3.310000000000000000e+02
3.410000000000000000e+02
3.400000000000000000e+02
3.710000000000000000e+02
5.010000000000000000e+02
1.381000000000000000e+03
7.580000000000000000e+02
4.900000000000000000e+02
7.660000000000000000e+02
3.420000000000000000e+02
8.020000000000000000e+02
9.950000000000000000e+02
5.290000000000000000e+02
5.810000000000000000e+02
5.730000000000000000e+02
5.070000000000000000e+02
4.800000000000000000e+02
7.930000000000000000e+02
7.700000000000000000e+02
6.390000000000000000e+02
7.750000000000000000e+02
5.170000000000000000e+02
1.298000000000000000e+03
8.900000000000000000e+02
6.640000000000000000e+02
5.830000000000000000e+02
3.310000000000000000e+02
5.180000000000000000e+02
8.150000000000000000e+02
1.272000000000000000e+03
6.060000000000000000e+02
1.364000000000000000e+03
1.268000000000000000e+03
3.940000000000000000e+02
4.750000000000000000e+02
4.410000000000000000e+02
4.390000000000000000e+02
7.160000000000000000e+02
7.980000000000000000e+02
7.160000000000000000e+02
5.070000000000000000e+02
4.190000000000000000e+02
1.246000000000000000e+03
7.160000000000000000e+02
1.053000000000000000e+03
8.140000000000000000e+02
5.160000000000000000e+02
8.690000000000000000e+02
6.610000000000000000e+02
4.740000000000000000e+02
3.860000000000000000e+02
4.300000000000000000e+02
6.600000000000000000e+02
7.820000000000000000e+02
4.400000000000000000e+02
5.870000000000000000e+02
5.840000000000000000e+02
7.760000000000000000e+02
3.750000000000000000e+02
3.750000000000000000e+02
1.007000000000000000e+03
6.500000000000000000e+02
5.070000000000000000e+02
4.740000000000000000e+02
8.260000000000000000e+02
6.390000000000000000e+02
4.410000000000000000e+02
1.029000000000000000e+03
8.590000000000000000e+02
5.860000000000000000e+02
8.200000000000000000e+02
7.160000000000000000e+02
5.620000000000000000e+02
4.740000000000000000e+02
7.390000000000000000e+02
5.180000000000000000e+02
8.810000000000000000e+02
7.380000000000000000e+02
9.350000000000000000e+02
3.080000000000000000e+02
5.630000000000000000e+02
6.750000000000000000e+02
6.720000000000000000e+02
2.650000000000000000e+02
5.880000000000000000e+02
8.690000000000000000e+02
5.200000000000000000e+02
5.400000000000000000e+02
5.530000000000000000e+02
9.250000000000000000e+02
8.370000000000000000e+02
8.700000000000000000e+02
3.410000000000000000e+02
5.290000000000000000e+02
1.074000000000000000e+03
5.620000000000000000e+02
5.840000000000000000e+02
7.040000000000000000e+02
5.730000000000000000e+02
5.070000000000000000e+02
3.750000000000000000e+02
4.510000000000000000e+02
4.850000000000000000e+02
3.080000000000000000e+02
5.100000000000000000e+02
6.490000000000000000e+02
9.910000000000000000e+02
5.950000000000000000e+02
6.050000000000000000e+02
4.410000000000000000e+02
5.180000000000000000e+02
7.460000000000000000e+02
4.070000000000000000e+02
5.180000000000000000e+02
6.720000000000000000e+02
4.080000000000000000e+02
5.840000000000000000e+02
7.490000000000000000e+02
6.490000000000000000e+02
4.300000000000000000e+02
1.897000000000000000e+03
6.140000000000000000e+02
7.820000000000000000e+02
6.060000000000000000e+02
8.850000000000000000e+02
6.610000000000000000e+02
5.830000000000000000e+02
3.850000000000000000e+02
8.830000000000000000e+02
6.980000000000000000e+02
8.490000000000000000e+02
5.170000000000000000e+02
9.140000000000000000e+02
5.940000000000000000e+02
4.080000000000000000e+02
3.570000000000000000e+02
8.520000000000000000e+02
6.830000000000000000e+02
6.060000000000000000e+02
9.470000000000000000e+02
7.860000000000000000e+02
4.410000000000000000e+02
7.120000000000000000e+02
5.590000000000000000e+02
7.160000000000000000e+02
5.500000000000000000e+02
7.380000000000000000e+02
5.730000000000000000e+02
4.960000000000000000e+02
8.850000000000000000e+02
7.710000000000000000e+02
3.190000000000000000e+02
4.300000000000000000e+02
4.620000000000000000e+02
5.620000000000000000e+02
6.390000000000000000e+02
8.670000000000000000e+02
4.190000000000000000e+02
9.820000000000000000e+02
3.310000000000000000e+02
6.710000000000000000e+02
6.830000000000000000e+02
6.940000000000000000e+02
7.040000000000000000e+02
9.570000000000000000e+02
4.930000000000000000e+02
4.400000000000000000e+02
3.860000000000000000e+02
5.390000000000000000e+02
2.980000000000000000e+02
3.740000000000000000e+02
8.810000000000000000e+02
8.580000000000000000e+02
4.520000000000000000e+02
4.290000000000000000e+02
7.040000000000000000e+02
4.410000000000000000e+02
6.090000000000000000e+02
5.450000000000000000e+02
5.290000000000000000e+02
7.050000000000000000e+02
5.060000000000000000e+02
5.730000000000000000e+02
5.070000000000000000e+02
5.810000000000000000e+02
6.830000000000000000e+02
4.080000000000000000e+02
6.320000000000000000e+02
4.180000000000000000e+02
3.090000000000000000e+02
6.510000000000000000e+02
5.180000000000000000e+02
4.190000000000000000e+02
9.340000000000000000e+02
6.170000000000000000e+02
3.080000000000000000e+02
6.540000000000000000e+02
7.480000000000000000e+02
9.520000000000000000e+02
8.250000000000000000e+02
9.100000000000000000e+02
6.930000000000000000e+02
8.190000000000000000e+02
7.850000000000000000e+02
3.920000000000000000e+02
3.530000000000000000e+02
5.500000000000000000e+02
1.078000000000000000e+03
3.410000000000000000e+02
5.620000000000000000e+02
6.060000000000000000e+02
7.950000000000000000e+02
6.390000000000000000e+02
9.820000000000000000e+02
4.740000000000000000e+02
4.850000000000000000e+02
3.520000000000000000e+02
5.230000000000000000e+02
5.840000000000000000e+02
5.290000000000000000e+02
7.160000000000000000e+02
5.960000000000000000e+02
6.490000000000000000e+02
1.116000000000000000e+03
4.610000000000000000e+02
8.700000000000000000e+02
4.990000000000000000e+02
7.540000000000000000e+02
6.160000000000000000e+02
7.730000000000000000e+02
4.500000000000000000e+02
6.720000000000000000e+02
9.030000000000000000e+02
8.920000000000000000e+02
7.050000000000000000e+02
7.590000000000000000e+02
1.010000000000000000e+03
7.630000000000000000e+02
7.260000000000000000e+02
7.530000000000000000e+02
4.960000000000000000e+02
5.950000000000000000e+02
8.540000000000000000e+02
1.057000000000000000e+03
6.950000000000000000e+02
7.740000000000000000e+02
6.390000000000000000e+02
7.270000000000000000e+02
5.620000000000000000e+02
6.370000000000000000e+02
1.067000000000000000e+03
4.180000000000000000e+02
9.820000000000000000e+02
4.300000000000000000e+02
5.400000000000000000e+02
8.260000000000000000e+02
6.120000000000000000e+02
4.410000000000000000e+02
3.570000000000000000e+02
6.460000000000000000e+02
4.240000000000000000e+02
4.620000000000000000e+02
3.310000000000000000e+02
7.630000000000000000e+02
3.970000000000000000e+02
7.160000000000000000e+02
5.290000000000000000e+02
5.510000000000000000e+02
8.260000000000000000e+02
4.180000000000000000e+02
7.820000000000000000e+02
6.280000000000000000e+02
7.610000000000000000e+02
9.200000000000000000e+02
5.610000000000000000e+02
8.140000000000000000e+02
5.950000000000000000e+02
5.770000000000000000e+02
1.378000000000000000e+03
1.043000000000000000e+03
7.940000000000000000e+02
2.870000000000000000e+02
6.830000000000000000e+02
5.940000000000000000e+02
7.630000000000000000e+02
1.015000000000000000e+03
1.128000000000000000e+03
5.170000000000000000e+02
5.070000000000000000e+02
1.200000000000000000e+03
3.200000000000000000e+02
4.960000000000000000e+02
5.100000000000000000e+02
3.760000000000000000e+02
6.940000000000000000e+02
5.950000000000000000e+02
4.400000000000000000e+02
6.640000000000000000e+02
5.600000000000000000e+02
8.040000000000000000e+02
4.190000000000000000e+02
1.398000000000000000e+03
7.190000000000000000e+02
4.520000000000000000e+02
3.970000000000000000e+02
6.600000000000000000e+02
5.390000000000000000e+02
8.370000000000000000e+02
8.830000000000000000e+02
8.000000000000000000e+02
6.980000000000000000e+02
5.990000000000000000e+02
6.770000000000000000e+02
5.910000000000000000e+02
8.920000000000000000e+02
6.830000000000000000e+02
5.760000000000000000e+02
6.380000000000000000e+02
6.060000000000000000e+02
7.710000000000000000e+02
7.710000000000000000e+02
3.190000000000000000e+02
6.720000000000000000e+02
9.250000000000000000e+02
5.380000000000000000e+02
4.520000000000000000e+02
9.980000000000000000e+02
1.156000000000000000e+03
5.170000000000000000e+02
7.480000000000000000e+02
1.232000000000000000e+03
7.780000000000000000e+02
1.103000000000000000e+03
7.490000000000000000e+02
5.830000000000000000e+02
5.400000000000000000e+02
4.510000000000000000e+02
