8.426592756904938142e-14
6.589173651150304067e-14
2.159383782895929471e-13
2.290390099801697943e-13
4.014566457044566050e-13
1.462219234582562422e-12
8.837930387528558640e-12
2.242939167729218752e-11
2.061961712485071985e-12
8.143485885625523224e-13
1.066369215152462857e-13
4.037326029049381759e-13
1.851852005074761109e-13
5.743738817898247362e-13
1.077804512306101969e-12
5.637379452139157365e-12
1.926648840466782531e-10
3.103295398432237562e-12
9.682810109268302767e-13
8.029688025601444679e-13
1.524336212810339930e-13
1.567079799258408457e-13
4.689026944504348648e-13
8.489875469308572065e-13
2.876643367955011854e-12
6.580963551883201035e-11
7.486622433106049357e-12
1.291688978000138377e-12
1.374900193695793860e-12
4.133360320679457800e-13
2.707833957060756802e-13
2.453037772909283376e-13
4.130584763117894909e-13
1.447064690296429035e-12
4.907130257691960651e-12
9.078082729985226251e-11
2.849165348095539230e-12
1.530220394840853260e-12
1.472877375618963924e-12
3.251843239127083507e-13
2.760014439218139159e-13
2.675637489346627262e-13
7.042144645197367936e-13
2.685074385055941093e-12
2.067618298795537157e-11
2.553385280990028150e-11
2.261191234254056326e-12
1.170397112559840025e-12
5.392353230604385317e-13
3.327338404801594152e-13
1.506572644416337425e-13
4.557465516086267598e-13
1.155797679786019216e-12
2.267741550099344749e-12
3.831812644961019032e-11
3.313316288000578425e-11
1.598443599704069129e-12
7.832068327218166814e-13
3.674838211509268149e-13
3.383404667545164557e-13
3.179123631014135754e-13
3.413380689210043784e-13
5.046518758433649054e-13
2.248479180622098283e-12
1.999067578140056867e-11
1.255390236210018884e-11
2.489619621570682284e-12
8.653078253928470076e-13
6.594169654761117272e-13
3.359534872515723691e-13
1.937339177970898163e-13
3.124167591295190505e-13
7.479572516899679613e-13
2.120359443580355219e-12
1.168903862591719189e-11
8.138029139459490580e-11
2.523981024182830879e-12
1.128319659926546592e-12
5.585532036889162555e-13
3.079758670310184243e-13
1.220690215575359616e-13
2.337019466835954518e-13
3.270717030545711168e-13
9.032774528350273613e-13
2.794653397586444044e-12
3.828110606285406448e-10
5.465572439078414391e-12
1.285693773667162532e-12
5.578870698741411616e-13
4.631295347223840508e-13
2.344235916496018035e-13
1.619815392928103392e-13
2.121636200058674149e-13
6.739053759474700200e-13
1.080358025262739829e-12
6.515510353466424931e-12
3.667638415194574009e-11
2.327638082277871945e-12
1.057876009014080410e-12
2.324251902052765217e-13
9.336975637097566505e-14
8.104628079763642745e-14
2.853273173286652309e-13
2.500222251455852529e-13
9.996448113724909490e-13
3.660238778735447340e-12
1.457475251598339128e-10
5.246525436319871005e-12
1.182609565830716747e-12
5.869194019680890051e-13
1.218469769526109303e-13
1.914024494453769876e-13
2.434163981490655715e-13
5.297984273511247011e-13
3.212596855206584223e-12
1.418293260613268103e-11
1.750050104831757380e-11
4.871936187811343189e-12
8.242295734817162156e-13
1.271371896649498012e-12
1.913469382941457297e-13
2.673972154809689528e-13
3.816391647148975608e-13
1.146971406740249222e-12
3.922362434849446799e-12
7.272315527551143077e-10
3.264888359666429096e-12
1.108169112029600001e-12
1.076527755827783039e-12
2.274291865944633173e-13
1.595945597898662527e-13
2.712274849159257428e-13
1.240341163111224887e-12
1.236344360222574323e-12
1.252042913790774037e-11
2.592898118436437471e-11
1.442179708988078346e-12
1.604771870944432521e-12
4.790057239745237894e-13
3.952949079177869862e-13
2.015054789694659121e-13
3.481659405224490911e-13
8.009148899645879283e-13
3.083755473198834807e-12
2.620720307433543894e-11
8.712031096536065888e-12
2.524536135695143457e-12
5.018763182818020141e-13
4.065636716177323251e-13
3.309574836407591647e-13
1.538769112130466965e-13
3.038125306886740873e-13
8.380518501382994145e-13
2.136790744344807536e-12
4.450101398489891835e-11
1.043343189621737110e-11
1.514732783647332326e-12
5.460076835106519866e-13
5.213607323639735114e-13
2.971511925409231480e-13
1.562083795647595252e-13
3.217426325363703654e-13
6.579736755440990237e-13
2.440436741579787849e-12
1.866395926697350660e-11
2.558625533666258889e-11
1.670774629758398078e-12
7.807643420676413371e-13
4.258815522462100489e-13
4.610756221268275112e-13
3.128053371881378553e-13
2.596811654598241148e-13
5.391243007579760160e-13
1.472655331014038893e-12
4.169498080131006645e-12
3.030194428710331067e-10
4.177436174757076515e-12
1.401045945925716296e-12
7.400191570638980920e-13
3.523292768647934281e-13
1.607047828144914092e-13
1.779132396961813356e-13
3.086420008457935182e-13
6.012967901369847823e-13
3.601896558791395364e-12
2.187383607576975919e-11
8.918199512208957458e-12
2.214617378371031009e-12
7.305267502033530036e-13
3.917977053902177431e-13
1.094679902280404349e-13
4.118372309847018187e-13
2.143285549038864701e-13
4.222733274161782902e-13
9.659495425751174480e-13
4.160394251329080362e-12
3.482794552756018902e-09
4.476363724137399913e-12
2.039701740841337596e-12
7.623901510100949963e-13
1.051381204320023244e-13
8.887335312124378106e-14
1.608158051169539249e-13
3.555489236362063821e-13
1.138533711753098032e-12
5.552003301545482827e-12
2.745914606805399671e-11
2.234934459721671374e-12
1.226740931059566719e-12
4.067302050714260986e-13
1.674216321134736063e-13
2.028932577502473578e-13
2.517430708337542455e-13
7.246425681728396739e-13
3.454569963423637091e-12
8.964933795319041110e-10
4.085232152561957264e-12
1.297850715786807996e-12
8.704148513061227277e-13
3.062550213428494317e-13
1.930677839823147224e-13
2.202682480856310576e-13
5.503375533066900971e-13
1.167066443485964555e-12
9.199752071253897157e-12
2.083971883948265713e-11
1.363242851937229716e-12
7.417400027520670847e-13
4.701794509287537949e-13
3.402833570476104796e-13
1.478817068800708512e-13
3.395062009303728701e-13
6.201150704043811857e-13
1.405930927234066985e-12
3.711203566680865151e-11
8.969547327097870948e-12
1.628697177125104645e-12
7.177036742689324456e-13
6.872835633942031563e-13
5.365707878013381560e-13
2.161604228945179784e-13
4.430900091278999753e-13
6.816214259686148580e-13
2.579436664262857448e-12
6.985723111085917481e-11
7.201295115777384126e-12
1.582900477359316938e-12
6.439293542825907934e-13
3.494426970007680211e-13
2.907674101493284979e-13
1.394440118929196615e-13
3.323452624215406104e-13
6.714073741420634178e-13
2.164490808809205191e-12
3.811045923285405479e-11
9.060696637419596300e-12
1.990629883152905677e-12
8.461564782180630573e-13
2.762234885267389473e-13
8.337774914934925619e-13
1.963429419049589342e-13
4.760636329592671245e-13
4.971578704271450988e-13
1.792899162467165297e-12
1.179040198806546869e-11
3.411665394636997917e-11
3.155531391740851177e-12
1.331046384223100176e-12
3.718136909469649254e-13
3.314570840018404851e-13
1.265654248072678456e-13
1.903477375719830889e-13
5.465072838717333070e-13
9.341416529196067131e-13
3.083033828232828455e-12
5.081465803691287419e-10
4.297506794870287194e-12
3.171463092144222173e-12
5.112021916886533290e-13
1.639077762405349858e-12
1.618150058391165658e-13
1.547095784815155639e-13
3.777533841287095129e-13
5.012101844670269202e-13
1.338484878488088725e-12
1.194544463345437180e-11
3.840305851099401480e-11
1.996847132090806554e-12
1.137312466426010360e-12
4.225508831723345793e-13
1.088573675644965988e-13
2.959299472138354758e-13
2.942646126768977410e-13
3.570477247194503434e-13
7.382983113757290994e-13
1.730560139634462757e-12
4.081202042982567946e-11
1.073696687114988890e-11
2.382372077391892162e-12
7.068234886276059115e-13
1.599831378484850575e-13
2.538524945805420430e-13
1.896260926059767371e-13
6.405986852087153238e-13
3.164968287450165008e-12
1.485842560100536502e-10
3.649303081942889548e-12
1.454003584200336263e-12
9.170997294916105602e-13
2.656763697927999601e-13
1.575961583455409709e-13
4.437006317914438114e-13
5.935252289646086865e-13
9.089395902606156596e-13
8.633371795241373547e-12
3.228473044458723962e-11
1.422528761452213075e-12
7.658318423864329816e-13
8.149037000748649007e-13
4.437561429426750692e-13
1.846300889951635327e-13
2.795541576006144169e-13
5.600520047721602168e-13
1.083688694336615299e-12
3.303535223153630795e-11
9.675427126154545476e-12
1.273647853849979583e-12
2.706057600221356552e-12
2.783884234247580025e-13
4.432010314303624909e-13
1.896816037572079949e-13
2.680633492957440467e-13
5.706546346573304618e-13
2.608080418298186487e-12
7.086764508557052977e-11
5.471179065352771431e-12
1.030897589515689106e-12
5.750955267558310879e-13
3.960720640350245958e-13
3.219091659900641389e-13
1.925126724700021441e-13
1.902034085787818185e-12
9.737766148987248016e-13
1.745936728525521175e-12
1.829159601562935222e-10
6.993516876718786079e-12
1.097860691245955422e-11
4.954370247389761062e-13
2.736144644188698294e-13
3.154698724472382310e-13
1.677546990208611533e-13
2.643441021632497723e-13
5.836997551966760511e-13
1.567301843863333488e-12
1.515576553146047445e-11
1.770572577441953399e-11
1.673772231924886000e-12
1.109834446566537736e-12
8.368306048112117423e-13
5.894729149247268651e-13
1.061373211541649653e-13
3.114730695585876674e-13
4.501399253342697193e-13
9.501288644742089673e-13
5.776712441729614511e-12
7.124822953841203343e-11
3.224365219267610883e-12
8.593126210598711623e-13
5.487277299209836201e-13
5.029865413064271706e-13
1.023070517192081752e-13
2.247646513353629416e-13
3.670397319410767523e-13
8.015810237793630222e-13
1.589672837809530392e-12
7.700401427612746375e-11
8.399836382011471869e-12
1.803168725444947995e-12
8.443801213786628068e-13
2.746691762922637281e-13
1.127986593019159045e-13
1.706412788848865603e-13
2.510214258677478938e-13
5.443978601249455096e-13
9.074963003286029561e-13
5.011546733157956623e-12
1.464379173476970664e-10
3.929634395660741575e-12
1.174893515809571909e-12
1.386946113512976808e-12
6.755707104844077548e-14
1.457722831332830538e-13
1.960653861488026450e-13
2.619571226603056857e-13
5.729861030090432905e-13
1.544320227253592748e-12
1.916550251834792107e-11
2.387950948090633574e-11
2.944255950154683887e-12
1.118882764217232761e-12
7.710498906021712173e-14
1.453281939234329911e-13
5.189737528610294248e-13
1.075972644315470461e-12
4.988565116548215883e-12
1.650690695242928996e-11
1.392885806694721396e-12
8.366085602062867110e-13
4.213296378452469071e-13
2.666755705149626010e-13
1.311173392082309874e-13
2.466915560717097833e-13
8.261724637748102396e-13
1.012079309248292702e-12
3.021471961517363525e-11
4.063471781279304196e-12
1.131095217488109483e-12
4.009015341921440267e-13
2.978173263556982420e-13
2.494671136332726746e-13
1.454947273771267646e-13
2.018940570280847169e-13
5.681011217006926017e-13
3.109901225428757243e-12
6.725623946657321994e-10
4.304279155320500649e-12
1.245226144419575576e-12
4.840017275853369938e-13
2.587929870401239896e-13
1.757483047981622803e-13
2.209343819004061515e-13
3.581024365928442421e-13
1.138034111392016712e-12
4.197531211502791848e-12
5.676445091751247674e-09
4.059086400332034827e-12
9.394707234378074645e-13
5.225264665398299258e-13
4.365396932826115517e-13
5.170308625679354009e-13
1.419420136983262637e-13
2.559064071760985826e-13
5.882516695976391929e-13
2.370603713330865503e-12
1.336916688465805692e-10
6.508293903806361413e-12
1.193156684564655734e-12
3.456124275658112310e-13
3.718692020981961832e-13
2.700617507400693285e-13
2.252087405452130042e-13
2.611799665430680761e-13
5.387357226993572112e-13
1.827482609684238923e-12
1.579847364041597757e-11
1.110633807144267848e-11
1.852906716948155008e-12
5.463962615692707914e-13
3.763656053479280672e-13
2.323141679028140061e-13
1.007527394847329560e-13
1.912359159916832141e-13
3.526068326209497172e-13
9.416911694870577776e-13
5.099254352103343990e-12
9.224898622761656952e-11
2.571720614241712610e-12
1.322886244992105276e-12
3.868572129306357965e-13
3.752553823233029107e-13
1.536548666081216652e-13
1.852962228099386266e-13
3.124167591295190505e-13
5.538347558342593402e-13
2.273681243281089337e-12
6.251171802418298284e-11
1.446220920797713916e-11
2.931044296161644525e-12
1.665390048088966068e-12
6.257216966787382262e-13
1.464384169480581477e-13
1.672550986597798328e-13
2.106648189226234535e-13
4.201083925181592349e-13
1.094346835373016802e-12
2.793765219166743918e-12
1.495104873239228027e-09
4.372446849032485261e-12
1.652178394095926706e-12
7.089884235256249667e-13
1.014188732995080500e-13
1.245670233629425638e-13
1.915134717478395032e-13
3.279043703230399842e-13
5.566103133958222315e-13
1.565192420116545691e-12
1.307409736028830594e-11
5.820388615518368169e-11
2.726652237328153205e-12
1.022792961435925463e-12
9.919842725025773689e-14
1.655342529716108402e-13
5.512812428776214801e-13
2.140065902267451747e-12
2.779487751070064405e-10
3.108568957799207055e-12
9.180434190625419433e-13
5.225264665398299258e-13
2.993716385901734611e-13
3.897437927946612035e-13
1.567079799258408457e-13
2.547406730002421682e-13
5.682676551543863752e-13
3.287092820158932227e-12
8.110534466254648578e-11
1.614652855863596415e-12
6.741274205523950513e-13
3.904099266094362974e-13
2.676747712371252419e-13
2.977618152044669841e-13
1.314504061156185344e-13
2.543520949416233634e-13
6.719069745031447383e-13
3.251232616463539671e-12
5.072214870338598303e-11
1.410371819332567611e-12
1.549760320074256015e-12
3.849587315585267788e-12
3.212430321752890450e-13
2.310929225757263339e-13
2.056133041605789913e-13
3.610445276081009069e-13
5.817013537523507694e-13
3.376743329397413618e-12
1.491294310262958334e-10
2.210565064331149188e-12
6.599165658371930476e-13
5.570544026056722942e-13
3.921307722976052901e-13
2.376432384210147575e-13
1.476596622751458199e-13
2.905453655444034666e-13
5.912492717641271156e-13
2.056688153118102491e-12
1.632452728550504162e-09
3.262001779802403689e-12
1.285638262515931274e-12
4.228284389284908684e-13
4.338751580235111760e-13
2.471356452815598459e-13
1.547650896327468217e-13
3.363975764614224317e-13
3.412825577697731205e-13
1.154965012517550349e-12
2.337419147124819574e-11
8.122114092401488961e-12
1.415478845245843331e-12
1.295907825493713972e-12
3.726463582154337928e-13
2.384203945382523671e-13
1.287303597052869009e-13
2.737254867213323450e-13
3.784195179434846068e-13
1.263433802023428143e-12
5.517808432387028006e-12
1.002410932038344527e-10
2.544853217045783822e-12
8.628653347386716632e-13
5.828115767769759259e-13
1.020850071142831439e-12
1.002531391236516356e-13
1.553757122962906578e-13
2.474132010377161350e-13
5.356826093816380308e-13
1.765698698363848962e-12
2.576344693139276387e-11
9.633738251579870848e-12
1.741051747217170487e-12
9.623413177450856892e-13
5.193068197684169718e-13
7.832623438730479393e-14
1.380007219609069580e-13
2.856603842360527779e-13
3.871347686867920856e-13
7.830958104193541658e-13
3.645250767903007727e-12
1.146804484708496830e-09
3.252509372941858601e-12
4.498013073117590466e-12
8.405498519437060168e-13
8.265610418334290443e-14
1.122435477896033262e-13
4.516942375687449385e-13
2.957079026089104445e-13
6.117328865684612538e-13
2.411071342578452459e-12
1.170202823530530623e-11
2.764377615704916025e-11
2.762123862964926957e-12
1.308231301067053209e-12
1.382782777170632471e-13
3.602118603396320395e-13
6.087907955532045889e-13
3.901046152776643794e-12
1.038485963889002051e-11
1.260047621798321416e-12
4.075073611886637082e-13
2.391975506554899766e-13
2.471911564327911037e-13
3.462230502293550671e-13
1.696420781627239194e-13
2.343680804983705457e-13
7.746581154322029761e-13
6.081413150837988724e-12
1.023497953056562437e-11
8.009148899645879283e-13
3.426703365505545662e-13
2.632338791386246157e-13
2.411404409485840006e-13
2.623457007189244905e-13
1.613709166292665032e-13
2.199906923294747685e-13
8.062439604827886797e-13
1.092770318678049080e-11
1.372124636134230968e-11
1.717459507943885910e-12
3.976818874207310728e-13
1.109612401961612704e-12
2.476907567938724242e-13
1.569855356819971348e-13
1.024180740216706909e-13
4.072298054325074190e-13
9.545697565727095935e-13
5.213440790186041340e-12
1.443445363236151024e-11
9.878209361602330318e-13
5.402900349338324304e-13
2.765010442828952364e-13
2.857714065385152935e-13
2.933209231059663580e-13
1.175171071565728198e-13
3.064770659477744630e-13
7.694400672164647403e-13
2.640998530978322378e-12
2.017505051910006841e-10
6.004141628324077828e-12
1.235178626046717909e-12
4.590772206825022295e-13
4.379829832146242552e-13
2.430833312416780245e-13
1.967315199635777390e-13
1.731947918415244203e-13
4.517497487199761963e-13
1.107336444761131133e-12
4.535677389227998901e-11
6.757372439381015283e-12
9.587330929150539305e-13
1.450062292462916957e-12
4.768963002277359919e-13
5.112021916886533290e-13
1.291744489151369635e-13
2.161604228945179784e-13
3.583799923490005312e-13
8.637535131583717884e-13
4.873768055801974697e-12
3.448741292544355019e-11
3.749722754520234957e-12
9.962031199961529637e-13
5.713762796233368135e-13
8.041900478872321401e-13
1.259548021437240095e-13
1.041944308610709413e-13
3.758104938356154889e-13
7.533418333593999705e-13
7.769618282083001759e-12
6.064804214389596382e-11
6.590006318418772935e-12
1.816324868286756100e-12
8.282818875215980370e-13
4.938272013532696292e-13
1.361688539702754497e-13
1.341704525259501679e-13
4.946043574705072388e-13
4.133915432191770378e-13
2.340294624758598729e-12
4.065747738479785767e-12
1.767376245354057573e-10
3.977040918812235759e-12
3.602895759513558005e-12
6.233902283270253974e-13
7.521760991835435561e-14
1.326161402914749488e-13
1.219579992550734460e-13
1.685318551380987628e-13
5.930811397547586239e-13
2.862599046693503624e-12
2.433553358827111879e-11
2.012229272096988097e-11
3.374689416801857078e-12
2.521927111587274339e-12
1.552091788425968844e-13
2.549627176051671995e-13
1.362854273878610911e-12
1.974935709414538110e-08
1.523448034390639805e-12
2.541356014518214579e-12
2.075006833024417574e-13
3.109179580462750891e-13
1.775246616375625308e-13
2.098321516541545861e-13
1.275646255294304865e-13
3.297917494649027503e-13
1.715239061894635597e-12
3.874146115023791026e-09
1.321165399303936283e-12
6.194489365896060917e-13
3.608779941544071335e-13
3.223532551999142015e-13
7.223110998211268452e-13
2.168820678605243302e-13
1.624811396538916597e-13
3.865796571744795074e-13
1.143363181910217463e-12
1.895873458224173191e-10
2.789268815917012034e-12
7.332467966136846371e-13
3.442246487850297854e-13
3.798072967242660525e-13
2.619571226603056857e-13
2.901012763345534040e-13
1.174060848541103041e-13
3.675948434533893305e-13
9.188760863310108107e-13
1.398520188544694065e-11
6.049050149670165410e-12
8.705258736085852433e-13
4.514166818125886493e-13
2.912114993591785606e-13
3.465006059855113563e-13
7.125966483556567255e-13
1.595945597898662527e-13
2.369771046062396636e-13
1.034616836648183380e-12
4.026667888012980256e-12
1.639188784707812374e-11
1.628086554461560809e-12
1.717015418734035848e-12
4.188871471910715627e-13
3.216871213851391076e-13
6.868949853355843516e-13
9.064970996064403153e-14
2.814415367424771830e-13
4.043432255684820120e-13
1.927347170749271754e-12
8.252972194533469974e-10
5.611178188758003671e-12
1.168842800325364806e-12
5.895284260759581230e-13
4.612421555805212847e-13
3.341771304121721187e-13
1.205702204742920003e-13
3.855804564523168665e-13
5.835332217429822776e-13
1.142641536944211111e-12
1.050726172735494401e-11
1.457434173346427997e-11
2.703004486903637371e-12
1.012634420760605281e-12
5.658251645002110308e-13
7.143730051950569759e-13
1.743050148661495768e-13
1.810773753163630317e-13
2.436384427539906028e-13
6.781797345922768727e-13
3.083588939745141033e-12
1.121355119870770523e-09
6.814382391695517072e-12
1.736832899723594892e-12
6.834532939592463663e-13
7.536193891155562596e-13
1.154076834097850224e-13
1.529887327933465713e-13
2.082223282684481092e-13
3.096412015679561591e-13
1.828481810406401564e-12
9.540035428301507636e-12
4.617617399560458580e-11
4.417910481890885421e-12
1.482369782479509013e-12
1.533162485856109924e-12
9.098277686803157849e-14
1.512678871051775786e-13
1.735833699001432251e-13
4.355960037116801686e-13
9.500178421717464516e-13
5.929645663371729825e-12
7.814016100837761769e-11
4.677225273752583234e-11
2.389921593959343227e-12
1.597277865528212715e-12
9.259260025373805547e-14
4.246047957678911189e-13
3.894384814628892855e-12
4.535760655954845788e-12
4.971578704271450988e-13
2.567390744445674500e-13
2.243760732767441368e-13
2.581268532253488956e-13
2.116640196447860944e-13
1.686428774405612785e-13
4.169442568979775388e-13
4.735656311538605223e-13
5.202949182603333611e-12
6.272982133737059485e-12
1.058819698585011793e-12
3.653188862529077596e-13
2.561839629322548717e-13
3.042011087472928921e-13
1.911248936892206984e-13
1.802447080478941643e-13
2.799427356592332217e-13
4.720113189193853032e-13
1.749156375296934129e-12
1.963507134661313103e-11
1.159183860011125944e-12
5.925260282424460456e-13
3.815836535636663029e-13
2.350897254643768974e-13
2.958189249113729602e-13
3.042566198985241499e-13
2.078892613610605622e-13
3.350653088318722439e-13
1.580235942100216562e-12
3.968546815058537902e-07
2.373934382404740973e-12
9.761080832504376303e-13
4.796718577892988833e-13
1.283195771861755929e-12
4.587441537751146825e-13
4.831690603168681264e-13
1.469380173091394681e-13
5.939138070232274913e-13
9.926504063173524628e-13
1.343208877457868766e-11
7.367995102924851381e-12
1.298350316147889316e-12
6.519784712111231784e-13
4.183320356787589844e-13
1.456390563703280350e-12
3.868572129306357965e-13
1.384448111707570206e-13
2.432498646953717980e-13
6.215583603363938892e-13
3.792688385573228516e-12
8.744988067022063660e-11
3.573585871663453872e-12
1.729838494668456406e-12
7.162048731856884842e-13
4.379274720633929974e-13
3.986810881428937137e-13
1.477706845776083355e-13
2.312039448781888495e-13
4.545253062815390876e-13
1.833311280563520995e-12
4.992672941739328962e-11
1.183858566733420048e-11
1.727340492863049803e-12
1.526501147708358985e-12
7.399081347614355764e-13
6.020184351029911340e-13
8.099076964640516962e-14
2.181588243388432602e-13
2.508548924140541203e-13
1.037059327302358724e-12
4.746980586389781820e-12
3.473761833738819860e-10
4.480416038177281735e-12
1.512623359900544529e-12
9.517941990111467021e-13
1.941558025464473758e-12
1.074695887837151531e-13
1.557087792036782048e-13
2.909894547542535292e-13
5.644373857194295852e-13
2.273570220978626821e-12
3.467298670400964511e-11
1.376426750354653450e-11
3.469446951953614189e-12
1.955824391330907019e-12
1.154187856400312739e-12
7.399636459126668342e-14
1.388333892293758254e-13
1.563194018672220409e-13
3.905209489118988131e-13
1.173505737028790463e-12
1.730415810641261487e-11
5.478053677343552863e-09
1.234778945757852853e-11
2.628286477346364336e-12
1.731337295751700367e-12
3.518851876549433655e-13
1.271205363195804239e-12
9.510442433580124089e-11
1.137756555635860423e-12
6.353251258417458303e-13
6.445954880973658874e-13
2.460809334081659472e-13
1.864064458345637831e-13
3.916311719365239696e-13
1.458277942845143116e-13
2.742805982336449233e-13
1.266153848433759777e-12
5.333096186888042212e-10
1.608546629228158054e-12
2.348843342048212435e-12
4.872213743567499478e-13
3.615996391204134852e-13
3.445577156924173323e-13
3.421707361894732458e-13
2.740030424774886342e-13
1.881828026739640336e-13
1.277478123284936373e-12
1.545380490242109772e-11
8.212819313513364250e-12
8.384404281969182193e-13
5.992428775414282427e-13
5.309641615269811155e-13
3.784195179434846068e-13
3.765876499528530985e-13
2.645661467681748036e-13
3.635425294135075092e-13
7.148170944049070386e-13
3.271882764721567582e-12
2.705818902271062143e-11
1.827815676591626470e-12
1.180500142083928949e-12
7.008282842946300661e-13
8.307798893270046392e-13
3.521072322598683968e-13
3.548827898214312881e-13
1.967315199635777390e-13
3.541056337041936786e-13
2.007949362337058119e-12
1.867521137732808256e-10
3.055056208012274510e-12
1.363076318483535943e-12
5.523359547510153789e-13
5.824229987183571211e-13
5.406786129924512352e-13
4.078404280960512551e-13
1.766919943690936634e-13
4.096722960866827634e-13
7.714939798120212799e-13
8.714196031434084944e-12
2.760797146450499895e-11
2.437661184018224958e-12
2.316036251670539059e-12
1.065647570186456505e-12
8.814060592499117774e-13
1.255384685094895758e-12
1.912914271429144719e-13
2.813860255912459252e-13
6.046274592108602519e-13
3.191447106587474991e-12
5.317473128485517009e-10
1.445588093673677577e-11
2.527700271315325153e-12
3.508249246664263410e-12
1.516953229696582639e-12
1.145417094505774003e-12
1.819655537360631570e-13
2.347566585569893505e-13
4.684030940893535444e-13
2.249089803285642120e-12
8.268496998198315850e-12
4.656597329955047826e-11
4.182099111460502172e-12
3.816280624846513092e-12
1.640909630395981367e-12
1.647959546602351111e-12
1.363908985752004810e-13
1.784683512084939139e-13
4.172218126541338279e-13
8.754108549169359321e-13
3.004763104996754919e-12
9.217643315295731554e-11
3.872774323454564183e-11
4.818756504931798190e-12
3.136435555717298485e-12
2.114364239247379373e-12
1.001421168211891199e-13
1.416089467909387167e-13
1.764699497641686321e-13
4.957700916463636531e-13
1.686650819010537816e-12
7.627620757233444237e-12
1.210813393992538067e-09
1.632977086885034623e-11
3.437361506541947165e-12
2.391697950798743477e-12
