-8.439195636428732383e-01 -7.077303444751341654e-01 1.900616192236639357e-01
-9.476286489753149578e-01 -8.292714989036178430e-01 1.870284524962825545e-01
-1.052640371601113678e+00 -9.583646531369722776e-01 1.754802839491171607e-01
-1.159799198095800232e+00 -1.093115818580739251e+00 1.547891983573304042e-01
-1.269787657607014841e+00 -1.230508133027788276e+00 1.244558166557761109e-01
-1.382960336433839199e+00 -1.366536433591031940e+00 8.426438000932683081e-02
-1.499123503659792078e+00 -1.496608853271879092e+00 3.450597663947703453e-02
4.665903491288052152e+00 -1.616190140169419864e+00 -2.377043764170481271e-02
4.547751098278530080e+00 -1.721520219465717094e+00 -8.854838056191523255e-02
4.432652081535055189e+00 -1.810202322890698934e+00 -1.568004456922862389e-01
2.213366775192985525e+00 8.060049497383051653e-01 -2.953372639288303070e+00
2.111230515567266153e+00 9.306127428497554810e-01 -2.962939024857423220e+00
2.006819312482095885e+00 1.061573473063544881e+00 -2.981173394260267617e+00
1.899323154236056910e+00 1.196453925489252335e+00 -3.008711064629560283e+00
1.788155959728003230e+00 1.331799631510115711e+00 -3.046013099061214646e+00
1.673132798974918289e+00 1.463390577271063586e+00 -3.093177149463119946e+00
7.837905021822191287e+00 1.586743057241509991e+00 -3.149694922279982823e+00
7.717462978088052594e+00 1.697772735554714085e+00 -3.214198194934521968e+00
7.597403124262315011e+00 1.793446740000072426e+00 -3.284301169219824956e+00
7.481127829211382085e+00 1.872219611018548058e+00 -3.356655825017318406e+00
5.283127616911889035e+00 -8.931398243594627084e-01 -6.100841077690569492e+00
5.182299518557602624e+00 -1.018880130143314133e+00 -6.115913867182117158e+00
5.078308194635296147e+00 -1.149779855511750437e+00 -6.139740874181493169e+00
4.970426690822588256e+00 -1.283018545434371216e+00 -6.172962101527279977e+00
4.858193934024368943e+00 -1.414888842918464729e+00 -6.215987544085355587e+00
4.741626113250383412e+00 -1.541135484245216514e+00 -6.268783786923168400e+00
7.763059485951417926e+00 1.657510200905645936e+00 -3.189027522308367946e+00
7.641014651828603732e+00 1.760414134816050247e+00 -3.258240191691105458e+00
7.519844338121623117e+00 1.847460985384790311e+00 -3.332135671297924429e+00
7.403202348466537686e+00 1.917781569648305817e+00 -3.407144003458380421e+00
5.227208158499290214e+00 -9.625338874605161577e-01 -6.108214081434303999e+00
5.127408711968493904e+00 -1.088047589459176345e+00 -6.127458725287991292e+00
5.023728189528082311e+00 -1.217758569230925403e+00 -6.155502484793140994e+00
4.915535503183116717e+00 -1.348597451881625053e+00 -6.192982268746927588e+00
4.802501707213937543e+00 -1.476734888772878618e+00 -6.240250981324169999e+00
1.096801543849307947e+01 -1.597973323712539973e+00 -6.297152188653095450e+00
1.084669346472537121e+01 -1.708314425296225680e+00 -6.362761623659360488e+00
1.072370382032150360e+01 -1.804571345370210356e+00 -6.435180046304511237e+00
1.060206184098719007e+01 -1.884846492579630439e+00 -6.511491590484886238e+00
1.048557888161972151e+01 -1.948746778515512368e+00 -6.587997328762511096e+00
8.332190348983782968e+00 1.008442431258198102e+00 -9.255965005090256881e+00
8.233083277197618344e+00 1.133242753351674903e+00 -9.277857345441928416e+00
8.129616878976568373e+00 1.261624310351797451e+00 -9.308570029065842633e+00
8.021236870484170112e+00 1.390381420956224856e+00 -9.348732166444900571e+00
7.907720136774235797e+00 1.515635700967964183e+00 -9.398650030964020630e+00
1.407258817388510863e+01 1.633261855591936262e+00 -9.458076847735183534e+00
1.395062684262152608e+01 1.739446671482569151e+00 -9.525954495251392373e+00
1.382719014207449604e+01 1.831274185789814046e+00 -9.600228185771577216e+00
1.370544301392487974e+01 1.907155529228259372e+00 -9.677852632018199230e+00
1.358927372812321721e+01 1.966978965490287168e+00 -9.755070624904309540e+00
1.145909917355986352e+01 -1.026918219691451251e+00 -1.240032205583758618e+01
1.136027760559887057e+01 -1.151303066774897133e+00 -1.242325317081275315e+01
1.125690344405874299e+01 -1.279030090857334656e+00 -1.245501210338613518e+01
1.114845587730103382e+01 -1.406843694149092938e+00 -1.249622233523018444e+01
1.103475728213171969e+01 -1.530853991982547901e+00 -1.254717053812162320e+01
1.719938784295977285e+01 -1.646966747023406175e+00 -1.260756952637112072e+01
1.707720070163201243e+01 -1.751451377259053643e+00 -1.267630878936345695e+01
1.695362478519683691e+01 -1.841495983667273517e+00 -1.275127039130132012e+01
1.683188212882395973e+01 -1.915632282998428026e+00 -1.282936061969465236e+01
1.671588537378569228e+01 -1.973855087331415126e+00 -1.290680536418082625e+01
1.460908424257856808e+01 1.016354535398016123e+00 -1.554031386140706594e+01
1.451009929034541557e+01 1.140986355130947816e+00 -1.556265317105473223e+01
1.440667151024573300e+01 1.269095965672905502e+00 -1.559381594753152278e+01
1.429826287940217711e+01 1.397455762663098788e+00 -1.563442893045574955e+01
1.418466659294976218e+01 1.522183775263736827e+00 -1.568479101307991108e+01
2.034943035849993009e+01 1.639165820674225671e+00 -1.574463740247652588e+01
2.022737176689187422e+01 1.744623693013074295e+00 -1.581288712444196243e+01
2.010387065630272829e+01 1.835687542738810629e+00 -1.588746018151912054e+01
1.998212236895346550e+01 1.910819951665738703e+00 -1.596528864133489201e+01
1.986602512845126611e+01 1.969954582594517056e+00 -1.604260686100875688e+01
1.778148243660809413e+01 -9.776712234622754183e-01 -1.867650319506691048e+01
1.768190891505343387e+01 -1.102999965232790425e+00 -1.869663100169243464e+01
1.757829713450549747e+01 -1.232319944477118012e+00 -1.872556592939336539e+01
1.747004020777987066e+01 -1.362514889998281964e+00 -1.876394213272532241e+01
1.735684314199686185e+01 -1.489734861939368216e+00 -1.881209820995838911e+01
2.352213414108317835e+01 -1.609806812945327792e+00 -1.886984956393737534e+01
2.340059055731855864e+01 -1.718790021737145457e+00 -1.893622688000653653e+01
2.327743722998090803e+01 -1.813586838752157426e+00 -1.900928011034645237e+01
2.315574249646074634e+01 -1.892404268662711386e+00 -1.908604912250264007e+01
2.303934485600298743e+01 -1.954945430533824968e+00 -1.916281376316518248e+01
2.097401681310529753e+01 9.142103786685475963e-01 -2.181079489942818483e+01
2.087349986893568143e+01 1.039989450060768039e+00 -2.182715521092100275e+01
2.076960350892032281e+01 1.170633636512667719e+00 -2.185228518154136879e+01
2.066162578739982081e+01 1.303242466299842972e+00 -2.188682514941102042e+01
2.054914296189917877e+01 1.434063629121967054e+00 -2.193116871725405659e+01
2.043222530160127448e+01 1.558853008133412432e+00 -2.198524750338726363e+01
2.031168965662297765e+01 1.673433180654691155e+00 -2.204827318510918488e+01
2.018932541874789166e+01 1.774329084838486059e+00 -2.211851024537238075e+01
2.006797207995056453e+01 1.859305819622133926e+00 -2.219319508975743815e+01
1.995133740146323120e+01 1.927645631379751201e+00 -2.226871380373630060e+01
1.790024362366282418e+01 -8.313007141807149392e-01 -2.494583003999256832e+01
1.779849175572861952e+01 -9.563970622480487682e-01 -2.495702382481275095e+01
1.769420957158015639e+01 -1.087505322461058688e+00 -2.497691508661585758e+01
1.758660700642606756e+01 -1.222072888430682847e+00 -2.500614068762548214e+01
1.747512675530032311e+01 -1.356560753606575798e+00 -2.504514896165384741e+01
1.735964139026540209e+01 -1.486722858565555638e+00 -2.509400235332124396e+01
2.352387798624605608e+01 -1.608132262317771843e+00 -2.515213005419318648e+01
2.340292593821532563e+01 -1.716840661585191885e+00 -2.521807908513009622e+01
2.328248542013080424e+01 -1.810004777366827744e+00 -2.528937198810528031e+01
2.316603815135212230e+01 -1.886283831305539227e+00 -2.536258907871717838e+01
2.112019787839037122e+01 7.387042737745695975e-01 -2.808428004261103794e+01
2.101371237639571987e+01 8.654172429976079162e-01 -2.808970513242915601e+01
2.090537893745083053e+01 9.998730091694325584e-01 -2.810429461098213011e+01
2.079423030889559243e+01 1.139799857296366348e+00 -2.812877514850964289e+01
2.067950020444294168e+01 1.281673442164951604e+00 -2.816372677552048032e+01
2.056081843845623425e+01 1.420930479455450479e+00 -2.820938176986930657e+01
2.043848196200906742e+01 1.552503070265731422e+00 -2.826535191173900330e+01
2.031375343035655590e+01 1.671597660584073664e+00 -2.833032435402470739e+01
2.018908291193581661e+01 1.774513533152065614e+00 -2.840184019283280747e+01
2.006807805857799920e+01 1.859237944849354562e+00 -2.847631334604087883e+01
1.789525253554127460e+01 -8.373250603341374498e-01 -3.122937546584703838e+01
1.779063100465846858e+01 -9.662198870257898697e-01 -3.124141239879206111e+01
1.768314591729332719e+01 -1.101442491004605895e+00 -3.126270467650995855e+01
1.757191239103684666e+01 -1.240173268702632559e+00 -3.129397559521801853e+01
1.745630591822721200e+01 -1.378497298216011746e+00 -3.133573741999974516e+01
1.733619009345168394e+01 -1.511743615988603073e+00 -3.138805965403479803e+01
2.349538213184726132e+01 -1.635112390700866891e+00 -3.145027892141307291e+01
2.336920341682359492e+01 -1.744432462562842012e+00 -3.152071120058598908e+01
2.324371229874137867e+01 -1.836869133275867538e+00 -3.159651513336567774e+01
2.312283198695513065e+01 -1.911315024408865026e+00 -3.167383010028983747e+01
2.096903601950333851e+01 9.203781303842277772e-01 -3.437778949593144517e+01
2.086606482178949662e+01 1.049359817510602921e+00 -3.439504990020778052e+01
2.075938337511754384e+01 1.183383775612182554e+00 -3.442156656722744401e+01
2.064822797609199512e+01 1.319285972716176980e+00 -3.445804746237774907e+01
2.053214435607415567e+01 1.452977638623128342e+00 -3.450492311884632812e+01
2.669442015703448590e+01 1.579872192599131031e+00 -3.456209867376990275e+01
2.656963171999152351e+01 1.695524412162489503e+00 -3.462865931581082179e+01
2.644299974670158093e+01 1.796349886910246108e+00 -3.470262492100872720e+01
2.631771186646766481e+01 1.880194521021820275e+00 -3.478088511632937241e+01
2.619784131640982849e+01 1.946601302150122281e+00 -3.485945725634663006e+01
2.406184533098775091e+01 -9.812080406298038238e-01 -3.752652335229821290e+01
2.396026646296283147e+01 -1.109077803949134688e+00 -3.754735727551614133e+01
2.385438075614098352e+01 -1.241054348503131788e+00 -3.757739178948153835e+01
2.374354801508786394e+01 -1.373790929743319955e+00 -3.761730791814569841e+01
2.362746720787507471e+01 -1.503168154754913388e+00 -3.766745938231994018e+01
2.978962303719874072e+01 -1.624744350678092975e+00 -3.772761442402671861e+01
2.966482417783328884e+01 -1.734395069093928488e+00 -3.779667573814486303e+01
2.953852783713046293e+01 -1.828967277220201915e+00 -3.787246728476065982e+01
2.941408597703450312e+01 -1.906770182555671100e+00 -3.795174296402282010e+01
2.929562022999479254e+01 -1.967730171635247993e+00 -3.803049732460703325e+01
2.717640819128909868e+01 1.015155767005126108e+00 -4.067287691437745423e+01
2.707589089048771314e+01 1.141712536725019378e+00 -4.069554700657334223e+01
2.697076848135672122e+01 1.271862444010303239e+00 -4.072732816716009552e+01
2.686048527497729310e+01 1.402203304337930057e+00 -4.076887511581195866e+01
2.674484701432361078e+01 1.528643399061690999e+00 -4.082048523947968732e+01
3.290745391679801202e+01 1.646872288344759516e+00 -4.088184809144884468e+01
3.278323824743899451e+01 1.752973535665149241e+00 -4.095177206380812152e+01
3.265776118282756357e+01 1.844040859676839839e+00 -4.102800016459549681e+01
3.253442550623628193e+01 1.918614036283708302e+00 -4.110725326118667056e+01
3.241732456655840622e+01 1.976791488334898261e+00 -4.118556765751096549e+01
3.031399190882633832e+01 -1.020200183101682256e+00 -4.381522440721280987e+01
3.021414095219040874e+01 -1.145904909070906808e+00 -4.383802578415474471e+01
3.010969339994640137e+01 -1.275104639282325758e+00 -4.386982998126349997e+01
3.000012975176627705e+01 -1.404428156356563928e+00 -4.391127183749224372e+01
2.988528624806075129e+01 -1.529843096793723767e+00 -4.396263044368843254e+01
3.604878531075852521e+01 -1.647112140110523981e+00 -4.402358111783768635e+01
3.592556686094415852e+01 -1.752392435760632416e+00 -4.409293290743385541e+01
3.580116876314474439e+01 -1.842835469467910547e+00 -4.416845586801775170e+01
3.567894836418361848e+01 -1.917004996080027501e+00 -4.424692101875136530e+01
3.556293017984818761e+01 -1.974989210309487264e+00 -4.432443540337004606e+01
3.347405593953001102e+01 9.969759061522834864e-01 -4.695344363641206797e+01
3.337446198974858902e+01 1.122389598050430148e+00 -4.697476231423134863e+01
3.327056986252715376e+01 1.251587211779211284e+00 -4.700496309110318549e+01
3.316184089217033204e+01 1.381309191836945338e+00 -4.704467250910500553e+01
3.304807400106847126e+01 1.507595926535594266e+00 -4.709418409410857720e+01
3.921282760076348950e+01 1.626227573722722086e+00 -4.715322133685196349e+01
3.909093528537877660e+01 1.733309589127515649e+00 -4.722068308757313559e+01
3.896780559534131072e+01 1.825874111416189383e+00 -4.729445727514437436e+01
3.884666221952101495e+01 1.902321174266974779e+00 -4.737143933130354156e+01
3.873142907472847440e+01 1.962562381424296065e+00 -4.744782855936220045e+01
3.665444362852261406e+01 -9.484176864613440561e-01 -5.008882196166612033e+01
3.655473391892036261e+01 -1.073681174514728331e+00 -5.010716694047484765e+01
3.645126856202320198e+01 -1.203374400162115831e+00 -5.013426322900173204e+01
3.634345577690550044e+01 -1.334430903162092452e+00 -5.017073343235625060e+01
3.623100721289289083e+01 -1.463000961372038722e+00 -5.021690902265306278e+01
4.239734638060469507e+01 -1.584850314929408865e+00 -5.027260952140910177e+01
4.227712141356995801e+01 -1.695932266912619335e+00 -5.033688792442458748e+01
4.215551562049238754e+01 -1.793010000328979503e+00 -5.040783203536599189e+01
4.203553663666320972e+01 -1.874146050880967307e+00 -5.048253252351285880e+01
4.192096510651688845e+01 -1.938909162119720087e+00 -5.055731469258552835e+01
3.985199583847406757e+01 8.792025741709587061e-01 -5.322353456919177717e+01
3.975184650481898530e+01 1.003753449746761950e+00 -5.323758661794575886e+01
3.964866652983735662e+01 1.133673802825788668e+00 -5.326024318168067850e+01
3.954180200099356313e+01 1.266186538327796818e+00 -5.329212152696298688e+01
3.943085728028066228e+01 1.397623274694645756e+00 -5.333360087987679776e+01
3.931590549592623063e+01 1.523754540420222625e+00 -5.338461759719319843e+01
4.548090821267731343e+01 1.640336954281361725e+00 -5.344442373184651984e+01
4.536119874424455389e+01 1.743753256328909762e+00 -5.351136595690574893e+01
4.524267782911173441e+01 1.831572805181832297e+00 -5.358279784344920671e+01
4.512891574245271187e+01 1.902856009920798508e+00 -5.365523124045328274e+01
4.306329884456557977e+01 -7.950192945133031097e-01 -5.635998331086116053e+01
4.296239953025627045e+01 -9.176338442709079946e-01 -5.636865827814842334e+01
4.285931363503526370e+01 -1.046712494802284343e+00 -5.638576345843683413e+01
4.275333748598400518e+01 -1.179886867912731452e+00 -5.641190843338261374e+01
4.264398032907540426e+01 -1.313785027793066051e+00 -5.644751511012528056e+01
4.253114414744678129e+01 -1.444272544674120695e+00 -5.649264011955855835e+01
4.241535093155997771e+01 -1.566938833855797686e+00 -5.654674639444888840e+01
4.229797287264374006e+01 -1.677742895860327543e+00 -5.660847325151451770e+01
4.218137161819095127e+01 -1.773645663085352542e+00 -5.667549451654513604e+01
4.206883212602068767e+01 -1.853040056718963324e+00 -5.674457903450137763e+01
3.994653459460250389e+01 7.657258095940739917e-01 -5.950064957565281532e+01
3.983549369556954645e+01 8.994869894272393696e-01 -5.950849305324991434e+01
3.972172451546855854e+01 1.041666968214335798e+00 -5.952653666807039201e+01
3.960414938887861780e+01 1.189347991831311901e+00 -5.955569818561654216e+01
3.948194748279864541e+01 1.338102979062580467e+00 -5.959667772384081275e+01
3.935483261970702529e+01 1.482358156009214500e+00 -5.964967827878142259e+01
4.550660680515522927e+01 1.616191292582800365e+00 -5.971403149607449734e+01
4.537279664927459777e+01 1.734387849543365778e+00 -5.978781905486512471e+01
4.523995018625296183e+01 1.833427229077208231e+00 -5.986767882775464500e+01
4.511268714017435144e+01 1.912037841570781049e+00 -5.994901002006817947e+01
4.300853411062275455e+01 -8.609377895651647572e-01 -6.264689096729815532e+01
4.289953378717082444e+01 -9.960970929474441959e-01 -6.266128447441236204e+01
4.278682433555663067e+01 -1.137986045302977089e+00 -6.268591541948266865e+01
4.266945513884876107e+01 -1.283119718316214186e+00 -6.272165880750463884e+01
4.254681259934782389e+01 -1.426742772290833239e+00 -6.276908615584468976e+01
4.241892757400941605e+01 -1.563342192852941626e+00 -6.282815360706930363e+01
4.228684282866309019e+01 -1.687508362484861246e+00 -6.289782807666045983e+01
4.215293362395302523e+01 -1.794906857379944487e+00 -6.297576501831753149e+01
4.202096385194925432e+01 -1.883052567654784237e+00 -6.305824531357470875e+01
4.189571088901052320e+01 -1.951613195422762459e+00 -6.314054409358548980e+01
3.980602354099933393e+01 9.359817038272868484e-01 -6.579537695878826753e+01
3.969893504792896977e+01 1.070392568841743941e+00 -6.581455169910466907e+01
3.958741982147575555e+01 1.210120188716977019e+00 -6.584387141850987746e+01
3.947068498458610009e+01 1.351384349472874558e+00 -6.588415174102973992e+01
3.934833495583561103e+01 1.489366004329565563e+00 -6.593583062755105573e+01
4.550386996326431444e+01 1.618795061570978744e+00 -6.599864830056485232e+01
4.537229856927613270e+01 1.734792764393715991e+00 -6.607129246948323953e+01
4.523950019923478294e+01 1.833733352460166444e+00 -6.615114442105439707e+01
4.510943540802413310e+01 1.913848929238198382e+00 -6.623432512061246769e+01
4.498686321615729611e+01 1.975369913365891961e+00 -6.631615758300728203e+01
4.290821443344940178e+01 -9.852030823924446956e-01 -6.894298116465820669e+01
4.280286149880706859e+01 -1.117835661667968994e+00 -6.896500222732754537e+01
4.269267899485080875e+01 -1.254852519190986504e+00 -6.899698988969380764e+01
4.257702050110741254e+01 -1.392378094430425151e+00 -6.903969800908726029e+01
4.245566116438499193e+01 -1.525673009573977668e+00 -6.909345669099869269e+01
4.861229709498801554e+01 -1.649734348747220913e+00 -6.915786060337453023e+01
4.848213730391194076e+01 -1.760087832334618740e+00 -6.923143906408134285e+01
4.835120500385260556e+01 -1.853567582321860918e+00 -6.931146185997963016e+01
4.822349192438356624e+01 -1.928804740736850487e+00 -6.939404391265266270e+01
4.810363755823764365e+01 -1.986289167223296737e+00 -6.947464665898290548e+01
4.603332059659933151e+01 1.005904200050614206e+00 -7.208745123628224860e+01
4.592945352347393850e+01 1.136684598247090117e+00 -7.211042235666337774e+01
4.582067825031391806e+01 1.271431594894615325e+00 -7.214313428568205211e+01
4.570644147469912610e+01 1.406312723033428025e+00 -7.218628958321311018e+01
4.558661533907925900e+01 1.536717741462144238e+00 -7.224015587706981023e+01
4.860339280010362017e+01 -1.657846673813664129e+00 -6.916267452780274994e+01
4.847521630337494258e+01 -1.765462934355453317e+00 -6.923553063978887678e+01
4.834650780694460792e+01 -1.856606031027211445e+00 -6.931442721493512238e+01
4.822116954842751824e+01 -1.930035238234787398e+00 -6.939558003274798637e+01
4.810369372763928908e+01 -1.986265213304927224e+00 -6.947460849622503076e+01
4.603934157899075785e+01 9.983385872815934148e-01 -7.208637564510496532e+01
4.593665939678601262e+01 1.127635032514734403e+00 -7.210856263164440350e+01
4.582927737780245536e+01 1.260954352129650902e+00 -7.214023993634049248e+01
4.571668356648113019e+01 1.394594977229866695e+00 -7.218207704457522311e+01
4.559876812806258073e+01 1.524091418519066377e+00 -7.223432693375632141e+01
5.175929548886414011e+01 1.644769183040891480e+00 -7.229654767956172634e+01
5.163344818122291002e+01 1.752457464185687597e+00 -7.236731495394904812e+01
5.150710598355554026e+01 1.844181190792316238e+00 -7.244405909010266953e+01
5.138399707910855341e+01 1.918605249704150806e+00 -7.252316941434654041e+01
5.126845258179855591e+01 1.976087717911293895e+00 -7.260042668048677683e+01
4.920743436162222650e+01 -9.651228742376591896e-01 -7.522357287335840681e+01
4.910561543893364700e+01 -1.093201364767476091e+00 -7.524345055866561438e+01
4.899954373310685440e+01 -1.225763015725563898e+00 -7.527255669288622641e+01
4.888870216487605092e+01 -1.359315046032535612e+00 -7.531154377597060545e+01
4.877293875125974409e+01 -1.489553367485677349e+00 -7.536068845035730135e+01
5.493591535352135935e+01 -1.611863927969137578e+00 -7.541963264893684027e+01
5.481264287947188052e+01 -1.722010504126978425e+00 -7.548711032687722877e+01
5.468876773384025114e+01 -1.816825960680730878e+00 -7.556077128549527799e+01
5.456778237579287349e+01 -1.894689824439540260e+00 -7.563723233680207159e+01
5.445383118614495288e+01 -1.955644979766439695e+00 -7.571244829505045004e+01
5.239295922264236083e+01 9.104801439778973382e-01 -7.835909452183699386e+01
5.229167905741849864e+01 1.037151605379687869e+00 -7.837536982869634983e+01
5.218677153837325733e+01 1.169083665811490924e+00 -7.840060492046414709e+01
5.207769014950601871e+01 1.303076722033751578e+00 -7.843544343489018900e+01
5.196420714501331872e+01 1.435029168773428010e+00 -7.848020694271997399e+01
5.184664942046001102e+01 1.560372111493116831e+00 -7.853465805599354610e+01
5.172616422640012956e+01 1.674721813399673520e+00 -7.859773999514789011e+01
5.160491871515113615e+01 1.774583643902162056e+00 -7.866737709971165771e+01
5.148609701392722116e+01 1.857895314658664310e+00 -7.874047173133310196e+01
5.137363371560557113e+01 1.924234828257939345e+00 -7.881317739365319142e+01
4.930939192116440495e+01 -8.394850314097532795e-01 -8.149499121234840970e+01
4.920831367392442246e+01 -9.640238302223366196e-01 -8.150662177957417498e+01
4.910434680035975674e+01 -1.094799012723436382e+00 -8.152693370127182959e+01
4.899692038303384578e+01 -1.228997989160704796e+00 -8.155656641581150268e+01
4.888572069338393078e+01 -1.362802213506978166e+00 -8.159589130714410032e+01
4.877091374545430114e+01 -1.491728613873919640e+00 -8.164480334661813288e+01
5.493657297848439214e+01 -1.611233845457123115e+00 -8.170247578916630005e+01
5.481815876270439958e+01 -1.717420383821727015e+00 -8.176714268481676129e+01
5.470169277058418800e+01 -1.807662912715706227e+00 -8.183603335451489613e+01
5.459083936144032378e+01 -1.880928486532970956e+00 -8.190554934388731567e+01
5.252005082540411962e+01 7.573702827208259603e-01 -8.463321087899244333e+01
5.241880020575278820e+01 8.786699700818977332e-01 -8.463941725344727729e+01
5.231545932655041753e+01 1.007220364473256913e+00 -8.465401181985572521e+01
5.220944417551257288e+01 1.140694739928710399e+00 -8.467763056833432245e+01
5.210037730289473501e+01 1.275668342756628881e+00 -8.471069295024480539e+01
5.198827462412427991e+01 1.407852956489463292e+00 -8.475322100503780121e+01
5.187377320308122108e+01 1.532605950319691823e+00 -8.480461246702618894e+01
5.804154710262542238e+01 1.645629251854710207e+00 -8.486341934694600297e+01
5.792768568502807369e+01 1.743659915697466589e+00 -8.492722461785534449e+01
5.781871937128771322e+01 1.824936975333108835e+00 -8.499272915311644283e+01
5.563584633082346187e+01 -7.876937624813247218e-01 -8.777563498920957841e+01
5.551804907365225716e+01 -9.309320807269324538e-01 -8.778597475763041302e+01
5.539625724834424148e+01 -1.083805698155724473e+00 -8.780809281160337321e+01
5.526927669792301856e+01 -1.242320102669780324e+00 -8.784320664501164799e+01
5.513629190611953845e+01 -1.400519238347167184e+00 -8.789215831322088945e+01
5.499730055752198155e+01 -1.551179401183881312e+00 -8.795497509774480704e+01
5.485365455159386983e+01 -1.687123933108168883e+00 -8.803032395257265819e+01
5.470851290551014756e+01 -1.802760569294532766e+00 -8.811505887085111510e+01
5.456684515238999467e+01 -1.895239062684735964e+00 -8.820421044112033826e+01
5.443474827944112349e+01 -1.964750400669931674e+00 -8.829166558794980801e+01
5.242102057988389419e+01 8.759515279003011745e-01 -9.092238143615513479e+01
5.230544288884545523e+01 1.019820149648009933e+00 -9.093905725764408032e+01
5.218502029448035273e+01 1.171270481298814392e+00 -9.096746704103119896e+01
5.205874864434975535e+01 1.325727211772682601e+00 -9.100870683943124106e+01
5.192611079439330268e+01 1.477039621445457973e+00 -9.106337952007824299e+01
5.807071308449555147e+01 1.618345788103420224e+00 -9.113114214190341045e+01
5.792805275258916708e+01 1.743366108193251662e+00 -9.121019637341542818e+01
5.778493558069465763e+01 1.847717381876731624e+00 -9.129697521698321339e+01
5.764654906828416614e+01 1.929717361846978729e+00 -9.138633067351214834e+01
5.751880448876526231e+01 1.990383971945937525e+00 -9.147236432991341815e+01
5.551065633400843069e+01 -9.401251313308935931e-01 -9.407017152228765156e+01
5.539734767161885998e+01 -1.082431380468499960e+00 -9.409102897086073369e+01
5.527869719094113776e+01 -1.230733188568274628e+00 -9.412338145775402154e+01
5.515390706431318080e+01 -1.380246932627868128e+00 -9.416819466899660540e+01
5.502272806690980644e+01 -1.524945720318147790e+00 -9.422586549103596099e+01
6.116909078102047914e+01 -1.658455805631860347e+00 -9.429578061921007759e+01
6.102880392373988627e+01 -1.775262011722876343e+00 -9.437587292478059453e+01
6.088886412987677232e+01 -1.871808479267560665e+00 -9.446242065620678829e+01
6.075441915026268447e+01 -1.947072532562244884e+00 -9.455034677425454959e+01
6.063107418818785277e+01 -2.002426946704607413e+00 -9.463408362199356816e+01
5.862312751311527137e+01 9.764931361092362705e-01 -9.721616641120783697e+01
5.851207820875526977e+01 1.116259218508371509e+00 -9.723902397614166659e+01
5.839554304217588054e+01 1.261082822247219903e+00 -9.727301624353641785e+01
5.827289139783442806e+01 1.406221917745361871e+00 -9.731899790791091220e+01
5.814406229155217432e+01 1.545897730856988117e+00 -9.737722633886173185e+01
5.800997257856810307e+01 1.674169382931141703e+00 -9.744695308195927907e+01
5.787290486965399339e+01 1.786029856094837109e+00 -9.752603742543192311e+01
5.773664292995869118e+01 1.878361937454572805e+00 -9.761081156295138328e+01
5.760613186913834483e+01 1.950400686155376651e+00 -9.769641713455747833e+01
5.748666977026658742e+01 2.003545965176050103e+00 -9.777761234916418687e+01
5.547499368923200080e+01 -9.846909190883996743e-01 -1.003588393573014201e+02
5.536610059345161261e+01 -1.121775695524450889e+00 -1.003817146093005306e+02
5.525187660533996592e+01 -1.263612449453317410e+00 -1.004153021273100279e+02
5.513180808044742065e+01 -1.405641257607200822e+00 -1.004603795399400639e+02
5.500591538017141602e+01 -1.542361693481810292e+00 -1.005171420517581424e+02
5.487514867935831120e+01 -1.668138084908286300e+00 -1.005848301871908319e+02
5.474171579814868238e+01 -1.778218236014679432e+00 -1.006613892277517976e+02
5.460922052592940190e+01 -1.869601153910171565e+00 -1.007433469951976406e+02
5.448232618397126004e+01 -1.941472834258765490e+00 -1.008261315003215230e+02
5.436605410628212098e+01 -1.995046494317668007e+00 -1.009047860758242479e+02
5.234754350196553929e+01 9.669785201893879023e-01 -1.034981382837170969e+02
5.224060375754650210e+01 1.101520072769507586e+00 -1.035193505103976719e+02
5.212873237574436303e+01 1.241032518071088608e+00 -1.035508320297581690e+02
5.201146421198869518e+01 1.381230902802248028e+00 -1.035933131803592318e+02
5.188882812746606987e+01 1.516886687101143716e+00 -1.036469914041255720e+02
5.804487314289310262e+01 1.642561724593358363e+00 -1.037111923945349901e+02
5.791525096176644638e+01 1.753548740385438620e+00 -1.037840525712216220e+02
5.778645203595930724e+01 1.846719394731656472e+00 -1.038623937667808121e+02
5.766282457518220639e+01 1.920984521665113798e+00 -1.039419623533071473e+02
5.754913482087417265e+01 1.977208257929373714e+00 -1.040180534576406615e+02
5.552101303794444220e+01 -9.272520691840903106e-01 -1.066351375908039500e+02
5.541574900776182488e+01 -1.059236017722287926e+00 -1.066533331990750639e+02
5.530611860052664497e+01 -1.196801481792525434e+00 -1.066813515040080773e+02
5.519167548561474490e+01 -1.336014341728838151e+00 -1.067199031880917630e+02
5.507239728462714368e+01 -1.471932659196492743e+00 -1.067692272086036240e+02
6.123218684409469148e+01 -1.599246904919661594e+00 -1.068287906908715286e+02
6.110642879199995292e+01 -1.713161394076697208e+00 -1.068969880588606287e+02
6.098125861348725607e+01 -1.810245940666166620e+00 -1.069709882188433454e+02
6.086066863820474282e+01 -1.888960358935780626e+00 -1.070468875589035491e+02
6.074917583592392134e+01 -1.949682498418380927e+00 -1.071202235936511471e+02
5.870894024552739410e+01 8.701602232593430575e-01 -1.097714778844090233e+02
5.860500070042278509e+01 9.992321423881296294e-01 -1.097856130818281031e+02
5.849737038826337709e+01 1.134744011652365270e+00 -1.098091322019080280e+02
5.838560166308411681e+01 1.273191452923235101e+00 -1.098427384723072322e+02
5.826960420628435600e+01 1.409965128321629679e+00 -1.098867339470911162e+02
5.814991960630860035e+01 1.539880517638659629e+00 -1.099407503635224259e+02
6.116960077291853537e+01 -1.657993967945628588e+00 -1.068618744421713700e+02
6.104802592483451917e+01 -1.760464047670937671e+00 -1.069308355280512330e+02
6.093039103633678621e+01 -1.845169324180322201e+00 -1.070025139283589084e+02
6.082094204076441457e+01 -1.911874578967783345e+00 -1.070727087779008286e+02
5.876670123304737814e+01 8.004428933805590729e-01 -1.097672799706931528e+02
5.866366568990444819e+01 9.259362285251491187e-01 -1.097765910596009604e+02
5.855766762099965916e+01 1.058824214450891255e+00 -1.097948558413646793e+02
5.844826663567823744e+01 1.196112219386952447e+00 -1.098227800854282066e+02
5.833530384952920400e+01 1.333602014463534546e+00 -1.098607318039364031e+02
5.821915069302785639e+01 1.466294629997575205e+00 -1.099085082858668869e+02
6.438415885627593127e+01 1.589114868272928804e+00 -1.099650727130779018e+02
6.426613256372343130e+01 1.697771194999094568e+00 -1.100283473496525204e+02
6.415145280086966295e+01 1.789475142708615074e+00 -1.100952010871230158e+02
6.404406481523149353e+01 1.863262178035043792e+00 -1.101617226528075406e+02
6.197501989555735236e+01 -7.224606064679359729e-01 -1.129072098647913123e+02
6.187240221979956090e+01 -8.435519953766555945e-01 -1.129111762054162966e+02
6.176755919301954378e+01 -9.729377268488184072e-01 -1.129236711414586836e+02
6.166007212378098501e+01 -1.108203980649802300e+00 -1.129454114782929963e+02
6.154973613093678608e+01 -1.245665155104807242e+00 -1.129768306813291474e+02
6.143677257934685798e+01 -1.380617367944312557e+00 -1.130178786546598531e+02
6.132208392074608838e+01 -1.507939608447280033e+00 -1.130677815212519022e+02
6.749066182845095341e+01 -1.622923936155071356e+00 -1.131248241497443132e+02
6.737892466160431582e+01 -1.722084420945545036e+00 -1.131862730950615372e+02
6.727366783845037901e+01 -1.803637274403169899e+00 -1.132485400913329983e+02
6.504530893275104120e+01 8.058992498839938623e-01 -1.160507036243663919e+02
6.491816013007253616e+01 9.616701675585719311e-01 -1.160638509694369702e+02
6.478525342646217666e+01 1.128843309888928559e+00 -1.160911055673237513e+02
6.464529246422075914e+01 1.301595995026675112e+00 -1.161341153852349919e+02
6.449762037154144423e+01 1.471447487079401428e+00 -1.161938053337523939e+02
7.062615133963953440e+01 1.628675684546124103e+00 -1.162696339428554779e+02
7.046743906558846504e+01 1.764632394811085803e+00 -1.163587845401391263e+02
7.031016159231076301e+01 1.873965838879335211e+00 -1.164557920758235952e+02
7.016172080290508006e+01 1.955680754964877810e+00 -1.165532022760376805e+02
7.002975070384975709e+01 2.012583179083074381e+00 -1.166432475293458282e+02
6.812189173287745803e+01 -8.846461261852947011e-01 -1.191974363138106696e+02
6.799737326640305923e+01 -1.040009717888702889e+00 -1.192165304778654473e+02
6.786651153232774902e+01 -1.204222059648482945e+00 -1.192495070594114992e+02
6.772829098628832867e+01 -1.370947446986106932e+00 -1.192977484227093612e+02
6.758248333885845227e+01 -1.531831476577798723e+00 -1.193617727850963917e+02
7.371354486885314827e+01 -1.678056102953745299e+00 -1.194405220972327584e+02
7.355853334997077297e+01 -1.802424551086510007e+00 -1.195307024333407639e+02
7.340633493547535693e+01 -1.901083060364563870e+00 -1.196266696600765869e+02
7.326406587215122101e+01 -1.974075422004539115e+00 -1.197212860113868089e+02
7.313864330917000700e+01 -2.024576489358592468e+00 -1.198075324982161050e+02
7.122139138282852855e+01 9.366763605851892160e-01 -1.223441211995412630e+02
7.109983360056145330e+01 1.089333971589750094e+00 -1.223666236578010142e+02
7.097176139447603305e+01 1.249039462748842810e+00 -1.224025053230638349e+02
7.083643320719951930e+01 1.409443159948269519e+00 -1.224529134253629508e+02
7.069394972823700130e+01 1.562648583457717288e+00 -1.225180725291202180e+02
7.054588870199526696e+01 1.700711242092721509e+00 -1.225966456460751317e+02
7.039583109886551426e+01 1.817458667652092297e+00 -1.226852149442404425e+02
7.024933009316292498e+01 1.909851874990371678e+00 -1.227783105693990677e+02
7.011303414541379198e+01 1.978309428169629847e+00 -1.228692888778772669e+02
6.999323790473293627e+01 2.025922789400866453e+00 -1.229517793895132911e+02
6.806054512181215443e+01 -9.606794303659819123e-01 -1.254885073689189312e+02
6.794213895403562731e+01 -1.109612436337657604e+00 -1.255120554779135347e+02
6.781739200917290589e+01 -1.264654660196422142e+00 -1.255483300345885027e+02
6.768577472032069409e+01 -1.419726031866831439e+00 -1.255983043046375656e+02
6.754756630259953454e+01 -1.567466329850095930e+00 -1.256620468007401286e+02
6.740443102738323944e+01 -1.700595748603721535e+00 -1.257381622657946139e+02
6.725983219608309582e+01 -1.813517745422035476e+00 -1.258233703578304556e+02
6.711896845555399693e+01 -1.903483731731537842e+00 -1.259125757964441732e+02
6.698798127027943394e+01 -1.970842515477766010e+00 -1.259996591796505072e+02
6.687268988209632425e+01 -2.018356779626398811e+00 -1.260787434007439742e+02
6.492075621147256470e+01 9.584264679184268942e-01 -1.286298260917159837e+02
6.480550148834909407e+01 1.103374095082990447e+00 -1.286524454919176321e+02
6.468433108258703612e+01 1.254236904623117210e+00 -1.286870842948080167e+02
6.455684356228083232e+01 1.405347371025107650e+00 -1.287346067492226211e+02
6.442338134694486484e+01 1.549850755969988558e+00 -1.287950414280881830e+02
6.428551794730388735e+01 1.680918631991238366e+00 -1.288670960845192894e+02
6.414643447096065643e+01 1.793179482481624953e+00 -1.289477875965838223e+02
6.401086943895536763e+01 1.883802993129806591e+00 -1.290324904132179427e+02
6.388447011383472329e+01 1.952786674638024245e+00 -1.291155910060402050e+02
6.377270443527412169e+01 2.002411954887013401e+00 -1.291915768185221509e+02
6.179913166758563392e+01 -9.335446398249929167e-01 -1.317685552921422527e+02
6.168684236553023226e+01 -1.074478416500513456e+00 -1.317887169721375642e+02
6.156922164598766045e+01 -1.221680369938527688e+00 -1.318201919163110176e+02
6.144594085467183220e+01 -1.369975430842542696e+00 -1.318637891456381510e+02
6.131731635246934076e+01 -1.512979447710018910e+00 -1.319195753217977654e+02
6.746792172301893231e+01 -1.644158429163340873e+00 -1.319864527679631863e+02
6.733419286391972491e+01 -1.758134403937450907e+00 -1.320618185013022696e+02
6.720355306279135732e+01 -1.851751439165852275e+00 -1.321415551118560359e+02
6.708116933465076670e+01 -1.924464014859948779e+00 -1.322205341184965448e+02
6.697221798138083670e+01 -1.977963635151724686e+00 -1.322935388796084055e+02
6.497559327843809740e+01 8.904276403109651072e-01 -1.349058997885102542e+02
6.486592247851355353e+01 1.027235470211912860e+00 -1.349224845135894384e+02
6.475159734407465351e+01 1.171012622438055262e+00 -1.349497061102245254e+02
6.463232553171556560e+01 1.317135679705139450e+00 -1.349883530160814473e+02
6.450835534305339536e+01 1.459689316506325607e+00 -1.350385730593887956e+02
7.066403315682316588e+01 1.592358983064400046e+00 -1.350995023207548797e+02
7.053539484540664262e+01 1.709633021978610667e+00 -1.351689439365870555e+02
7.040935023022836958e+01 1.807881478088785299e+00 -1.352432953291405795e+02
7.029059270653536373e+01 1.885885392031158903e+00 -1.353179038341395426e+02
7.018402729630187764e+01 1.944647306936306830e+00 -1.353878258512165189e+02
6.816390008406830248e+01 -8.335024156318348032e-01 -1.380432946765300812e+02
6.805637673286004485e+01 -9.658900847334375150e-01 -1.380555213150942677e+02
6.794491479447785309e+01 -1.106118336951172232e+00 -1.380777500742721315e+02
6.782924617526468580e+01 -1.250169993254365064e+00 -1.381107705900712688e+02
6.770953916838202247e+01 -1.392633757709855091e+00 -1.381548268908465502e+02
6.758672927926176044e+01 -1.527417035052535788e+00 -1.382092938889640266e+02
7.374601763897892681e+01 -1.648836793894461916e+00 -1.382723715051842817e+02
7.362426257762832904e+01 -1.752721489454929227e+00 -1.383409568626558439e+02
7.350886918579809048e+01 -1.837089007677769503e+00 -1.384108687032738487e+02
7.340446290838389132e+01 -1.902159596833603805e+00 -1.384774431343805361e+02
7.136154683951227184e+01 7.667969772141667306e-01 -1.411820840923869014e+02
7.125560437385476575e+01 8.943325024757275976e-01 -1.411894323175257853e+02
7.114643914797997581e+01 1.030596206682186544e+00 -1.412061908406219004e+02
7.103380835951492145e+01 1.172228959141334848e+00 -1.412331655711645055e+02
7.091781298758071728e+01 1.314384309549351260e+00 -1.412706990093032005e+02
7.079918380804855360e+01 1.451255835580056219e+00 -1.413183900373307438e+02
7.696276668184138714e+01 1.577030125392250515e+00 -1.413748059601562090e+02
7.684495588124586618e+01 1.686990957553667680e+00 -1.414373141155246287e+02
7.673270340929961719e+01 1.778341449101142224e+00 -1.415021903881343803e+02
7.663033034839298807e+01 1.850446427386039483e+00 -1.415650742545759329e+02
7.456668562916983944e+01 -6.937246818147342342e-01 -1.443233772531528700e+02
7.446169169864040782e+01 -8.159388112840448848e-01 -1.443255168235724852e+02
7.435416068577877979e+01 -9.476626975477535630e-01 -1.443365139452221513e+02
7.424388600265000093e+01 -1.086234312005576186e+00 -1.443572031001137077e+02
7.413092038130874073e+01 -1.227446114385562170e+00 -1.443880232653457938e+02
7.401582673649370747e+01 -1.365879221412652500e+00 -1.444287764043311313e+02
7.389996011999630809e+01 -1.495689369940580438e+00 -1.444783589328673088e+02
8.006885288906202902e+01 -1.611675970222812282e+00 -1.445345689845666470e+02
7.995947267831132876e+01 -1.710223886800454896e+00 -1.445941188885758777e+02
7.985900394056481844e+01 -1.789780477192452590e+00 -1.446529688467048231e+02
8.073771015943118812e+01 -8.245414921895366511e-01 -1.443259687132803322e+02
8.059819002129356136e+01 -9.966688171144347796e-01 -1.443427729531008765e+02
8.045050646568577690e+01 -1.182308404158368242e+00 -1.443770607061827889e+02
8.029334374317153333e+01 -1.372480252685403412e+00 -1.444310110733152328e+02
8.012665459521561218e+01 -1.554626250102504326e+00 -1.445053058624023663e+02
7.995295904074063742e+01 -1.715699336719128443e+00 -1.445978220100996623e+02
7.977836515558081487e+01 -1.846214930901523221e+00 -1.447026183993808388e+02
7.961213112049254903e+01 -1.942965072583856312e+00 -1.448103851011346705e+02
7.946430206029248211e+01 -2.008841891002889568e+00 -1.449108251690213933e+02
7.934273308023736604e+01 -2.050345482848089596e+00 -1.449956489076496098e+02
7.754033902066035466e+01 8.924257561952720907e-01 -1.474724469992329148e+02
7.740440253178468311e+01 1.062380510086554652e+00 -1.474945735141916430e+02
7.726017693190131297e+01 1.242624853927968065e+00 -1.475335472493146369e+02
7.710679187522815425e+01 1.423971258803408801e+00 -1.475910427739574686e+02
8.322797067105349811e+01 1.594735373934200062e+00 -1.476671170302889777e+02
8.306039714900720128e+01 1.743684107272042816e+00 -1.477590951977104226e+02
8.289348369852631038e+01 1.863348764466044249e+00 -1.478609213290006323e+02
8.273591395800532666e+01 1.951859621828374136e+00 -1.479638816028789279e+02
8.259662786365032616e+01 2.012391029520878671e+00 -1.480588236976348924e+02
8.248238300786903210e+01 2.050922159701778380e+00 -1.481386093193396221e+02
8.064965438314928292e+01 -9.323439861231983539e-01 -1.506179808167014471e+02
8.051792341191922731e+01 -1.097759407225707085e+00 -1.506425280976549175e+02
8.037821398989511579e+01 -1.271411578706154621e+00 -1.506829451044891357e+02
8.023002598121919959e+01 -1.444528312133592785e+00 -1.507405197392194793e+02
8.635742376700335399e+01 -1.606503617260105488e+00 -1.508149593037051943e+02
8.619720479960237469e+01 -1.747508236907105772e+00 -1.509034796748767349e+02
8.603844486052381058e+01 -1.861205935318676286e+00 -1.510003771802503252e+02
8.588901662814470228e+01 -1.946142457772922940e+00 -1.510977740755780303e+02
8.575691089244374155e+01 -2.005164616659411703e+00 -1.511875081068654367e+02
8.564818744352663771e+01 -2.043543047432231141e+00 -1.512631806308273212e+02
8.378075652018708297e+01 9.453971930547506730e-01 -1.537610304286687608e+02
8.365353415792537817e+01 1.105291554745873261e+00 -1.537855542620450819e+02
8.351892527994455406e+01 1.272483341087282449e+00 -1.538248373102817936e+02
8.337667876067229145e+01 1.438890703028791629e+00 -1.538799192574930430e+02
8.951098004353391957e+01 1.594907503446065133e+00 -1.539503925877860411e+02
8.935845130953430271e+01 1.731650254533049216e+00 -1.540336589891313395e+02
8.920759944364785099e+01 1.843263866806804430e+00 -1.541246023337698432e+02
8.906545739010402940e+01 1.928134916248918973e+00 -1.542162122083033466e+02
8.893921688908258716e+01 1.988482098119792374e+00 -1.543011498186209565e+02
8.883454131925809349e+01 2.028800129729647850e+00 -1.543734564351721019e+02
8.693072038047932892e+01 -9.349780469722519527e-01 -1.569014533966890781e+02
8.680796728903735016e+01 -1.089119042324986353e+00 -1.569241030583733050e+02
8.667856749034950781e+01 -1.250457298590116118e+00 -1.569604032245624978e+02
8.654241406499158984e+01 -1.411697667425380720e+00 -1.570112590822163554e+02
8.640047951417800220e+01 -1.564092971304810176e+00 -1.570763032889171029e+02
8.625543286740372650e+01 -1.699357476103063647e+00 -1.571532754899108966e+02
8.611194428019753389e+01 -1.811707086380621945e+00 -1.572377295806765858e+02
8.597623430424573598e+01 -1.899045102089568671e+00 -1.573234887139892635e+02
8.585484064903695867e+01 -1.962788848169425560e+00 -1.574038940037135035e+02
8.575316345181866495e+01 -2.006635102330115217e+00 -1.574732777875203169e+02
8.381300287516471315e+01 9.053940588825538649e-01 -1.600400125873989907e+02
8.369439208524816820e+01 1.053803049215624954e+00 -1.600594935070643601e+02
8.356993045818070698e+01 1.209855908661849000e+00 -1.600915861176820272e+02
8.343958649063492317e+01 1.367066259842742992e+00 -1.601371393752262691e+02
8.330422939865874810e+01 1.517438627216618485e+00 -1.601959075359888232e+02
8.944933975388993019e+01 1.653080551024630473e+00 -1.602660230434707671e+02
8.931256811756844627e+01 1.768049381032369416e+00 -1.603437059106724405e+02
8.918256548859304189e+01 1.859591010795051513e+00 -1.604235536615387332e+02
8.906528635246029069e+01 1.928225627254234853e+00 -1.604995104183268211e+02
8.896593548018276465e+01 1.976817149750465630e+00 -1.605661271607967535e+02
8.699081169462193941e+01 -8.609618952078561538e-01 -1.631778577104194881e+02
8.687580730865643375e+01 -1.003664040732890950e+00 -1.631933166868015519e+02
8.675574701196210015e+01 -1.154753175451667779e+00 -1.632204459178770435e+02
8.663063918020372967e+01 -1.308561960701700944e+00 -1.632600861014736893e+02
8.650122583445833868e+01 -1.457793558563593495e+00 -1.633121450886535513e+02
9.265262080342461104e+01 -1.594860258957557342e+00 -1.633751457483048171e+02
9.252187612052736654e+01 -1.713563762903001830e+00 -1.634459281511469726e+02
9.239695182535493245e+01 -1.810411910615316922e+00 -1.635197987952946335e+02
9.228327067833754427e+01 -1.884966787526361820e+00 -1.635912529942144715e+02
9.218583851927080275e+01 -1.939222331835473101e+00 -1.636550557115526772e+02
9.017834850420693726e+01 8.055430371791846289e-01 -1.663161699972263534e+02
9.006627597111594241e+01 9.424899325336769662e-01 -1.663270695594837036e+02
8.994991007855071530e+01 1.088677752859499304e+00 -1.663487998709666726e+02
8.982928329042808002e+01 1.239264255291165462e+00 -1.663822219163806153e+02
8.970501546990099939e+01 1.387652262872222986e+00 -1.664274049445158425e+02
8.957871034854056802e+01 1.526549619643912559e+00 -1.664832301393821297e+02
9.573644620094478341e+01 1.649496823339588802e+00 -1.665470931273329427e+02
9.561600927562882646e+01 1.752248715213853281e+00 -1.666149398122745140e+02
9.550550557274679875e+01 1.833378053906595140e+00 -1.666817838353426566e+02
9.540972902132487832e+01 1.893961063638370357e+00 -1.667426149589396687e+02
9.337366422091447760e+01 -7.423647798704571255e-01 -1.694559857784665269e+02
9.326377049349029846e+01 -8.734483359371252309e-01 -1.694619972656950608e+02
9.315029027119756222e+01 -1.014606947328335673e+00 -1.694780944668342499e+02
9.303328018146514466e+01 -1.161827134769847225e+00 -1.695051783222153006e+02
9.291326137491832071e+01 -1.309237092339667008e+00 -1.695434746424110699e+02
9.279156107590381453e+01 -1.449895029768209609e+00 -1.695921855528588083e+02
9.895380658872959145e+01 -1.577138289190063603e+00 -1.696491944693735547e+02
9.883724228924440069e+01 -1.685997579710232008e+00 -1.697110151030744021e+02
9.872950237499344439e+01 -1.774054391302552602e+00 -1.697731497863606194e+02
9.863515747845973181e+01 -1.841413041240077542e+00 -1.698308254124853818e+02
9.971704683927819701e+01 -6.739951460855881926e-01 -1.694565619197495039e+02
9.960853588210206055e+01 -7.990974701211824849e-01 -1.694574839521040133e+02
9.949707774136535932e+01 -9.349954752486240306e-01 -1.694678258212835829e+02
9.938276097175146617e+01 -1.078503721755688316e+00 -1.694885456018004959e+02
9.926603393028591427e+01 -1.224519679816307827e+00 -1.695200208636879324e+02
9.914800180213782710e+01 -1.366539493315936493e+00 -1.695617398754149008e+02
9.903073082379992798e+01 -1.497796105317309667e+00 -1.696120111213189432e+02
1.052005515659666202e+02 -1.612673976920496299e+00 -1.696678527606808871e+02
1.050951165418671138e+02 -1.707770148956788914e+00 -1.697252154580024524e+02
1.050019387365035186e+02 -1.782181718739217269e+00 -1.697795782166565743e+02
1.058488709358302202e+02 -8.506201257293595219e-01 -1.694603124561505183e+02
1.056933462474919310e+02 -1.043965659388194300e+00 -1.694826515147500174e+02
1.055265013964367569e+02 -1.252443177757398107e+00 -1.695273061787674465e+02
1.053474087792624658e+02 -1.461504273334991444e+00 -1.695968243412501124e+02
1.114410797162624362e+02 -1.652540885013393135e+00 -1.696904814260329033e+02
1.112477836691654147e+02 -1.809503458112768026e+00 -1.698022033143165572e+02
1.110624018561853319e+02 -1.925036285845681316e+00 -1.699203481809776690e+02
1.108984273618540897e+02 -2.001678700074250195e+00 -1.700310193978708924e+02
1.107662315858121076e+02 -2.048071175817773426e+00 -1.701230624084638805e+02
1.106704309362657170e+02 -2.073944216118649653e+00 -1.701907936660790028e+02
1.089444682241739883e+02 9.069691234404886337e-01 -1.726065335046673113e+02
1.087943949393591083e+02 1.095066872486861964e+00 -1.726331709728147246e+02
1.086336900670583105e+02 1.294250339417449824e+00 -1.726806198152010268e+02
1.084621071994677948e+02 1.490726898458582195e+00 -1.727505617298591858e+02
1.145652575447883947e+02 1.668273811196514078e+00 -1.728415439635261350e+02
1.143833595137407428e+02 1.813774336560685985e+00 -1.729474826805039811e+02
1.142101343006181366e+02 1.921721664860897016e+00 -1.730578944011894578e+02
1.140572057537051904e+02 1.994677877062967175e+00 -1.731608059805221558e+02
1.139334231853570714e+02 2.040085098674317532e+00 -1.732466830326094680e+02
1.138428638432136353e+02 2.066291435821358213e+00 -1.733105109628456830e+02
1.120632530787234344e+02 -9.352371400877457219e-01 -1.757510378082953935e+02
1.119193949026911241e+02 -1.115955311478224798e+00 -1.757787803119492764e+02
1.117659381876986373e+02 -1.305493263680054694e+00 -1.758255365140811648e+02
1.116030852565530438e+02 -1.491386925754894843e+00 -1.758924366084204109e+02
1.177165899869673353e+02 -1.659513515964526453e+00 -1.759778243033603928e+02
1.175461019106655698e+02 -1.798600360460860692e+00 -1.760761653456438296e+02
1.173839755271637415e+02 -1.903755382252304118e+00 -1.761783677684713041e+02
1.172402418932663437e+02 -1.976829353482208784e+00 -1.762741090645820066e+02
1.171227664044267982e+02 -2.023927649653469718e+00 -1.763549295866287707e+02
1.170355163596446602e+02 -2.052214652892543345e+00 -1.764160318440683284e+02
1.152020802338060435e+02 9.386771167979048869e-01 -1.788930113215904782e+02
1.150646150521184410e+02 1.111391781114434485e+00 -1.789194770731532458e+02
1.149186955807320061e+02 1.292055198653443426e+00 -1.789631648528273615e+02
1.147647624431418336e+02 1.469636359459379094e+00 -1.790249138155215860e+02
1.208884355154803387e+02 1.631674149254318751e+00 -1.791031797402497148e+02
1.207285945631054886e+02 1.767972384118386753e+00 -1.791932025125934445e+02
1.205762757222558150e+02 1.873575562538267292e+00 -1.792872415075882770e+02
1.204401972011327757e+02 1.949305301144629077e+00 -1.793763456241989900e+02
1.203275299404224370e+02 1.999938900424729660e+00 -1.794528227328091248e+02
1.202423259757743210e+02 2.031589899354211859e+00 -1.795118783938955858e+02
1.183573058307948003e+02 -9.217450888905296402e-01 -1.820327850009556414e+02
1.182259202668102205e+02 -1.086565710389672867e+00 -1.820563756189344247e+02
1.180871994247017511e+02 -1.259378872062183907e+00 -1.820955528310280727e+02
1.179416841425015150e+02 -1.430510355712379056e+00 -1.821510364586211494e+02
1.240747316048304469e+02 -1.588808332139753254e+00 -1.822215448187940865e+02
1.239244462316039375e+02 -1.724687454954623611e+00 -1.823031150264040718e+02
1.237806824336453246e+02 -1.832805513776998296e+00 -1.823892227025988575e+02
1.236510623785244718e+02 -1.912841460783140990e+00 -1.824720668916872910e+02
1.235422127392890417e+02 -1.968279850705249912e+00 -1.825445618181455814e+02
1.234583057272527498e+02 -2.004263424763966572e+00 -1.826018609174607263e+02
1.215254999527736857e+02 8.889042537932325683e-01 -1.851712486734694494e+02
1.213995456763577323e+02 1.046188331882464739e+00 -1.851909765326610113e+02
1.212672842769393071e+02 1.212032764278572206e+00 -1.852248630399194838e+02
1.211292826607771076e+02 1.378011534789437276e+00 -1.852736101696072240e+02
1.209874252634901097e+02 1.534042426648922319e+00 -1.853362442851745300e+02
1.239870730207598797e+02 -1.670918731595572471e+00 -1.822679460005054182e+02
1.238507066541996551e+02 -1.782773157043209267e+00 -1.823464217860936571e+02
1.237265978670529449e+02 -1.868136785874811689e+00 -1.824232660412784526e+02
1.236208956833679196e+02 -1.929239846059287000e+00 -1.824919217194021996e+02
1.235378759618522366e+02 -1.970279763590425892e+00 -1.825474961408921786e+02
1.215622395880458271e+02 8.440644733594971916e-01 -1.851678402169648052e+02
1.214408700367155660e+02 9.941884871712478589e-01 -1.851831330527656974e+02
1.213141107813437856e+02 1.153695385726987155e+00 -1.852113653614779309e+02
1.211825210160047135e+02 1.315310422942010282e+00 -1.852532781943043290e+02
1.210477190645868859e+02 1.469885795421172370e+00 -1.853082014748815425e+02
1.271960585163370894e+02 1.608494992624664555e+00 -1.853735509799855663e+02
1.270659899016688428e+02 1.724728691235623446e+00 -1.854447361210306155e+02
1.269465738729977886e+02 1.815999961743433921e+00 -1.855157916401463751e+02
1.268435252655931720e+02 1.883318589930959241e+00 -1.855806418861341740e+02
1.267611493214159282e+02 1.929948878913328780e+00 -1.856343999086218162e+02
1.247485983439071759e+02 -7.904031987014733529e-01 -1.883066986503859255e+02
1.246308713619898185e+02 -9.336863405676255612e-01 -1.883172386477072564e+02
1.245085566094427065e+02 -1.087257902442709367e+00 -1.883396877503633959e+02
1.243821995622651002e+02 -1.244916501522952412e+00 -1.883748562891140637e+02
1.242531921396959973e+02 -1.398388133977226611e+00 -1.884223584825080593e+02
1.241242073896037255e+02 -1.539013271076477674e+00 -1.884801591947252177e+02
1.271409657626035425e+02 1.659877440212014887e+00 -1.854028209775889593e+02
1.270254725394643316e+02 1.757336565328692313e+00 -1.854682935152043228e+02
1.269246220199893287e+02 1.831207937843324807e+00 -1.855293567145720033e+02
1.268427126804566001e+02 1.883808778159638653e+00 -1.855811643348341704e+02
1.247999617179071663e+02 -7.303954236102709885e-01 -1.883054504830625433e+02
1.246849011926658335e+02 -8.670881160094363604e-01 -1.883110574826290247e+02
1.245659426443040303e+02 -1.014951399770546159e+00 -1.883277010400914264e+02
1.244436256414458484e+02 -1.168804429695825320e+00 -1.883562852293736398e+02
1.243191599816691877e+02 -1.321224514239125458e+00 -1.883966841586150736e+02
1.241948227911742322e+02 -1.463855364410754145e+00 -1.884473323771942148e+02
1.303573583921402417e+02 -1.589356629140920907e+00 -1.885050144655216684e+02
1.302450074187809435e+02 -1.693090847011923694e+00 -1.885651214941466947e+02
1.301458828975743529e+02 -1.773708610937541730e+00 -1.886224354009367801e+02
1.300642333770017842e+02 -1.832557119810870105e+00 -1.886721807541259182e+02
1.311402648729814189e+02 -6.659027803122639089e-01 -1.883063671841809992e+02
1.310268937339448883e+02 -7.962065522191416056e-01 -1.883069220617540509e+02
1.309102103676576405e+02 -9.384695490333911927e-01 -1.883177660981502868e+02
1.307907566295823756e+02 -1.088499091690659615e+00 -1.883399156656730327e+02
1.306696071750930059e+02 -1.239731793094291490e+00 -1.883734927181868670e+02
1.305487279248524430e+02 -1.384181358550772734e+00 -1.884173398737827938e+02
1.304312160066311321e+02 -1.514180041738587557e+00 -1.884687793416618717e+02
1.366043808516782292e+02 -1.624171164852877158e+00 -1.885237420710642482e+02
1.365064480073216657e+02 -1.711650741797722919e+00 -1.885773765584864918e+02
1.364247855147939958e+02 -1.776962850904153512e+00 -1.886249910752681842e+02
1.309464914333300953e+02 -8.935619026759404893e-01 -1.883132529903149930e+02
1.307704757933636301e+02 -1.114036593600772118e+00 -1.883447728758141011e+02
1.305795349516807846e+02 -1.348252115248426586e+00 -1.884052438152424713e+02
1.366577770283923030e+02 -1.572298862528564989e+00 -1.884963115341422224e+02
1.364457545991005816e+02 -1.760849893673231747e+00 -1.886125365373759166e+02
1.362412181221924357e+02 -1.899334865283480944e+00 -1.887397399416683470e+02
1.360622110652629999e+02 -1.988863293441067048e+00 -1.888592811138771594e+02
1.359223094400095704e+02 -2.040810011309057259e+00 -1.889562322693043086e+02
1.358263159990401050e+02 -2.068260300941156871e+00 -1.890239277346758797e+02
1.357719276519763412e+02 -2.081062046448647340e+00 -1.890625673794386330e+02
1.340527930928556373e+02 9.372377116436798605e-01 -1.914592218316808498e+02
1.338855683279163884e+02 1.147322105037146489e+00 -1.914931821306679467e+02
1.337055030522708989e+02 1.366560500922859855e+00 -1.915528954930323948e+02
1.397974853072875874e+02 1.574178410967936204e+00 -1.916388486537292977e+02
1.396018230049902229e+02 1.749462433237916947e+00 -1.917456207950751264e+02
1.394141363780968845e+02 1.880748798867994953e+00 -1.918611025552299338e+02
1.392492519922872702e+02 1.968707431612092940e+00 -1.919699647778051599e+02
1.391185505854988946e+02 2.022270146981682171e+00 -1.920596691299696204e+02
1.390266437763805243e+02 2.052221395615440258e+00 -1.921240106315602816e+02
1.389722713958212239e+02 2.067149090956380331e+00 -1.921624286742494121e+02
1.371811871407442993e+02 -9.536824902264706694e-01 -1.946027028705903206e+02
1.370232248598724425e+02 -1.152254224202178934e+00 -1.946358320224362899e+02
1.368544764200129009e+02 -1.357933219216643339e+00 -1.946916062681435164e+02
1.366769338736264672e+02 -1.552987620704962879e+00 -1.947699963867857775e+02
1.364965350080926783e+02 -1.719948229568319942e+00 -1.948662104136832625e+02
1.363235999646795449e+02 -1.848474863001028590e+00 -1.949702568101374993e+02
1.361703627039550497e+02 -1.938076412049038355e+00 -1.950695009369314334e+02
1.360466862047175880e+02 -1.995367325285320348e+00 -1.951530983979511689e+02
1.359572737528156949e+02 -2.029199666601444907e+00 -1.952149679931222295e+02
1.359018840594449387e+02 -2.047186415652270775e+00 -1.952537566743800426e+02
1.340441759651284883e+02 9.479682693808251237e-01 -1.977436244092039601e+02
1.338951030479749704e+02 1.135359703285186095e+00 -1.977738538983803096e+02
1.337370494901812492e+02 1.329422419905207597e+00 -1.978240107278780897e+02
1.335720142856803534e+02 1.515017017832713364e+00 -1.978939319661906495e+02
1.396882626961155722e+02 1.676931806041191964e+00 -1.979796362872657767e+02
1.395279172295834940e+02 1.805351999475696578e+00 -1.980729939135281654e+02
1.393843490822322906e+02 1.898442264255267853e+00 -1.981635181280333029e+02
1.392662686311032019e+02 1.960723631452854887e+00 -1.982416656267243127e+02
1.391784934380991672e+02 1.999369532388839410e+00 -1.983014108208554660e+02
1.391216703051948684e+02 2.021146043533218251e+00 -1.983406868062354533e+02
1.372041374275588339e+02 -9.251237456609545662e-01 -2.008826927891875300e+02
1.370630454360991735e+02 -1.102224763537925645e+00 -2.009088569940415425e+02
1.369144770327739877e+02 -1.286457227771466760e+00 -2.009526930328035803e+02
1.367603118407902230e+02 -1.464821483771715949e+00 -2.010140955130265183e+02
1.428880226408691669e+02 -1.623739816406696290e+00 -2.010898723392385818e+02
1.427382446923721488e+02 -1.753554795639111541e+00 -2.011734294695456526e+02
1.426027332869715849e+02 -1.851127803594971422e+00 -2.012559916509398761e+02
1.424892528485904961e+02 -1.919115012865131309e+00 -2.013290803455042237e+02
1.424026729638912059e+02 -1.963183475331542249e+00 -2.013867545255431253e+02
1.423443535511383971e+02 -1.989306347351527560e+00 -2.014263649180040545e+02
1.403746513056337619e+02 8.894020446239752076e-01 -2.040208482372021876e+02
1.402403612880627293e+02 1.057205733887458088e+00 -2.040423619258657482e+02
1.400998190097436407e+02 1.233048786835710509e+00 -2.040797202669010630e+02
1.399547465635699268e+02 1.405712752131081489e+00 -2.041329631040797778e+02
1.398087658292486424e+02 1.562872510056835029e+00 -2.041995917831625320e+02
1.396677090156406962e+02 1.694884168739080543e+00 -2.042742467948209537e+02
1.395388639077775395e+02 1.797424508317307046e+00 -2.043495203405467464e+02
1.394292002002542574e+02 1.871485281722909955e+00 -2.044178317363923725e+02
1.393435594698961495e+02 1.921350188515108304e+00 -2.044733706615927815e+02
1.392838476789476374e+02 1.952220571499011292e+00 -2.045130412915596594e+02
1.372701564969501931e+02 -8.441199431571728695e-01 -2.071589922486372188e+02
1.371413898432186897e+02 -1.003538859647490789e+00 -2.071755961775440369e+02
1.370073591362006482e+02 -1.172097693326087819e+00 -2.072065815594624496e+02
1.368696360553062448e+02 -1.340093960868757428e+00 -2.072521683568973856e+02
1.367313037426972073e+02 -1.496233846192987826e+00 -2.073104470405127131e+02
1.428804672431118092e+02 -1.630847414003533169e+00 -2.073770457374025113e+02
1.427570297636451926e+02 -1.738554932129326991e+00 -2.074456507678652031e+02
1.426504725318602880e+02 -1.818852668661771865e+00 -2.075094413852177695e+02
1.425655508005992260e+02 -1.874733317235487418e+00 -2.075627730827323205e+02
1.425045705483899212e+02 -1.910632508587954081e+00 -2.076022216227235333e+02
1.404554269237057156e+02 7.917477179284827526e-01 -2.102978971436758115e+02
1.403309044199333471e+02 9.435529352530791503e-01 -2.103094872631191379e+02
1.402019118394521229e+02 1.105657180062302736e+00 -2.103342923483118625e+02
1.400698923329948400e+02 1.269686513414068241e+00 -2.103727246729432636e+02
1.399375111242813716e+02 1.425249807579844319e+00 -2.104233772378776450e+02
1.398089755180334066e+02 1.562661606493946032e+00 -2.104826732305363919e+02
1.396897630881794043e+02 1.675604497978963270e+00 -2.105451798316429688e+02
1.395856030201569524e+02 1.762207456615592749e+00 -2.106047154745770342e+02
1.395011375500463657e+02 1.824239459280242670e+00 -2.106558112982264674e+02
1.394389614392295300e+02 1.865367812359262079e+00 -2.106948007606166584e+02
1.373631419250328634e+02 -7.340688731468928419e-01 -2.134382110569613360e+02
1.372416244991628673e+02 -8.788887387952705188e-01 -2.134447343735684228e+02
1.371162692348968619e+02 -1.035150214560990545e+00 -2.134635365476821107e+02
1.369884241298695429e+02 -1.195687689882017901e+00 -2.134952364658222166e+02
1.368604296720429261e+02 -1.350946340776708388e+00 -2.135388632363165584e+02
1.367359467524978243e+02 -1.491257566319157846e+00 -2.135914931960584227e+02
1.429030074449552217e+02 -1.609469178973663483e+00 -2.136484113137014447e+02
1.428005065386008141e+02 -1.702431857490346312e+00 -2.137039663234554041e+02
1.427161545223043788e+02 -1.770728084993275164e+00 -2.137528538877650703e+02
1.426527607572011789e+02 -1.817248188401131559e+00 -2.137912179103781227e+02
1.437008288951347481e+02 -6.723442788810370940e-01 -2.134389067593222933e+02
1.435811282994574754e+02 -8.106734742039083397e-01 -2.134402973011114000e+02
1.434580869329664665e+02 -9.615321670403191856e-01 -2.134532062542310769e+02
1.433329875997975194e+02 -1.118890397033483142e+00 -2.134784736068500877e+02
1.432079292985625329e+02 -1.274010489973817828e+00 -2.135155257864271050e+02
1.430861470883924369e+02 -1.417295343717733136e+00 -2.135619940846101201e+02
1.429719973606973156e+02 -1.540832437432707813e+00 -2.136137560335818364e+02
1.491535572490381583e+02 -1.640251564683389729e+00 -2.136656003652031757e+02
1.490688819417249817e+02 -1.714958112816130198e+00 -2.137123564175269621e+02
1.490041408040476369e+02 -1.767038587496763569e+00 -2.137500023591539673e+02
1.434557022792874932e+02 -9.645125382167663020e-01 -2.134535738055789977e+02
1.432544023789684786e+02 -1.217019616586555220e+00 -2.135004332720689888e+02
1.430361423405732353e+02 -1.472858315579623767e+00 -2.135837593531628897e+02
1.490911942720165655e+02 -1.695999084863825335e+00 -2.136997493499050620e+02
1.488707414553376793e+02 -1.860923202785176533e+00 -2.138319492219976894e+02
1.486811534881107661e+02 -1.965394445876420093e+00 -2.139562994730881655e+02
1.485392426196250426e+02 -2.023732139760037629e+00 -2.140536592126122457e+02
1.484490934770869615e+02 -2.052901719464053087e+00 -2.141167990546736632e+02
1.484053553256124474e+02 -2.064998574668035047e+00 -2.141476945349884602e+02
1.483990034069402668e+02 -2.066647299397195159e+00 -2.141521927677178780e+02
1.465751447738991544e+02 9.922626040337977349e-01 -2.165987941139258055e+02
1.463883078743795636e+02 1.226512808410459066e+00 -2.166444166098378332e+02
1.461885410672267085e+02 1.461034379601263478e+00 -2.167205243579535363e+02
1.522657494302702332e+02 1.667038798441069947e+00 -2.168230861954241391e+02
1.520676765089731930e+02 1.824122741578827922e+00 -2.169388924164619823e+02
1.518954552470410988e+02 1.929120267894621543e+00 -2.170492917040346299e+02
1.517628126365403887e+02 1.991971297077960612e+00 -2.171386521433088888e+02
1.516743551730227750e+02 2.026025603138061459e+00 -2.171997622837201334e+02
1.516270063047312249e+02 2.041849148179539775e+00 -2.172328562596353834e+02
1.516139452470289939e+02 2.045930787412664653e+00 -2.172420252441231980e+02
1.497144962883439518e+02 -9.950772231841261695e-01 -2.197407754007995493e+02
1.495413193471783018e+02 -1.212402874166666811e+00 -2.197824734346666844e+02
1.493583081611021157e+02 -1.429727346498264051e+00 -2.198498502916500854e+02
1.554545690785377303e+02 -1.623573510434536793e+00 -2.199393357618033917e+02
1.552749518058062961e+02 -1.776500303950255155e+00 -2.200405530136933692e+02
1.551167437498277764e+02 -1.883991428732643358e+00 -2.201388783566982568e+02
1.549914506479744603e+02 -1.952397504569510556e+00 -2.202212461025833647e+02
1.549040447303074473e+02 -1.992122506394020665e+00 -2.202804917314066984e+02
1.548532146617439480e+02 -2.012407957054523244e+00 -2.203154853010031786e+02
1.548339704894213185e+02 -2.019570007557836000e+00 -2.203288230795537004e+02
1.528686271287121485e+02 9.793492881293978103e-01 -2.228802451522048500e+02
1.527074816137368032e+02 1.181879750239767990e+00 -2.229167780708960720e+02
1.525387741720125803e+02 1.385454527612613340e+00 -2.229753034187315848e+02
1.523675885165935142e+02 1.570451570694541887e+00 -2.230529060578600138e+02
1.522029062176766274e+02 1.721270880500961109e+00 -2.231414547981717078e+02
1.520560266475012838e+02 1.832118857061069361e+00 -2.232292992369029037e+02
1.519367588688265300e+02 1.906452987296818335e+00 -2.233053446020271622e+02
1.518502210524678731e+02 1.952219597550507002e+00 -2.233625954903251909e+02
1.517963920467693413e+02 1.977441519921369295e+00 -2.233989291862941684e+02
1.517717618416733387e+02 1.988187958429647573e+00 -2.234157154522642941e+02
1.497504024237022691e+02 -9.501341282745350281e-01 -2.260182109337522718e+02
1.495993538029825913e+02 -1.140019047596315893e+00 -2.260491581827965035e+02
1.494423908935978602e+02 -1.332534350501829445e+00 -2.260993228865077924e+02
1.492838646831717710e+02 -1.510916543160633285e+00 -2.261664362414316543e+02
1.554142706286636724e+02 -1.660807316797989985e+00 -2.262440849987389129e+02
1.552764869750378409e+02 -1.775335139574065524e+00 -2.263228218430139123e+02
1.551621785810528422e+02 -1.855624508574493126e+00 -2.263930992350457245e+02
1.550764393974701534e+02 -1.907536204460339446e+00 -2.264481850212879124e+02
1.550201604949347711e+02 -1.937951050877039005e+00 -2.264852663000873463e+02
1.549909918704130121e+02 -1.952622713278732602e+00 -2.265047388978831862e+02
1.529234150408532003e+02 9.111096515496243109e-01 -2.291556034497606049e+02
1.527805178821639629e+02 1.090247267572108880e+00 -2.291809425095350150e+02
1.526328987598914750e+02 1.273777549506307949e+00 -2.292234234976090477e+02
1.524843211337008597e+02 1.447122905028026096e+00 -2.292813533952511307e+02
1.586240449290822028e+02 1.596830184067511871e+00 -2.293496274752736497e+02
1.584934382624817033e+02 1.715144152916896925e+00 -2.294204460254560729e+02
1.583831222507443499e+02 1.801276194295087008e+00 -2.294854795107838470e+02
1.582980703319396980e+02 1.859291973846793677e+00 -2.295382966269014275e+02
1.582398026735166923e+02 1.895004593347974442e+00 -2.295756203690381483e+02
1.582068557360880163e+02 1.913801709171607524e+00 -2.295970874848094070e+02
1.561026788117177659e+02 -8.648286262067921282e-01 -2.322931833572238247e+02
1.559660979836407932e+02 -1.034806932146264957e+00 -2.323130383977740223e+02
1.558256679004523733e+02 -1.210962584870108438e+00 -2.323484891762499274e+02
1.556846919202986328e+02 -1.380455533781351329e+00 -2.323983435857405198e+02
1.555483322387003966e+02 -1.530528868469837489e+00 -2.324585060711566200e+02
1.617063978938034268e+02 -1.652691228631361309e+00 -2.325224235289715864e+02
1.615991405064395394e+02 -1.744543786843518740e+00 -2.325827221536228535e+02
1.615145568666294196e+02 -1.808582315888252134e+00 -2.326332668423726204e+02
1.614546019358508602e+02 -1.849615531000080360e+00 -2.326704622240486913e+02
1.614184925537059883e+02 -1.872638468809411094e+00 -2.326933506707074173e+02
1.592871433636441907e+02 8.130045594816580623e-01 -2.354315582083825973e+02
1.591551949181316274e+02 9.751120692766169773e-01 -2.354460641017004434e+02
1.590200358002167604e+02 1.145157339182077516e+00 -2.354750189856741542e+02
1.588846218655731661e+02 1.311734569534008354e+00 -2.355176743988199064e+02
1.587534401943134412e+02 1.462650472475511387e+00 -2.355707338128796948e+02
1.649154706581369112e+02 1.588773836769352910e+00 -2.356286021576297287e+02
1.648103400532187663e+02 1.686301787283184472e+00 -2.356846543904969451e+02
1.647258918969197055e+02 1.756310481166302173e+00 -2.357330063485260041e+02
1.646643825829119407e+02 1.802668513441647358e+00 -2.357698360509469069e+02
1.646255561688559510e+02 1.829963247954148775e+00 -2.357937074124306776e+02
1.624763258810543221e+02 -7.567494250348409945e-01 -2.385712392694917128e+02
1.623474657644410399e+02 -9.120090427584609527e-01 -2.385804698759834537e+02
1.622158564924220343e+02 -1.076937578152368236e+00 -2.386033042084935403e+02
1.620842003776555771e+02 -1.241370329766417591e+00 -2.386394045202382301e+02
1.619564856743419909e+02 -1.393591198344541260e+00 -2.386861312724528261e+02
1.618378924436311479e+02 -1.523887209461039172e+00 -2.387386445171864580e+02
1.680171325726336420e+02 -1.627163264878541904e+00 -2.387908976556795153e+02
1.679323734918782804e+02 -1.703177799471061959e+00 -2.388372004503694939e+02
1.678692838815050834e+02 -1.754896128318186532e+00 -2.388735411063679237e+02
1.678280235002892198e+02 -1.786495007503055898e+00 -2.388980824585129312e+02
1.688117765828939696e+02 -6.967560010963547157e-01 -2.385711088797982313e+02
1.686845695204318361e+02 -8.459539614200285440e-01 -2.385750383786925966e+02
1.685549340203278916e+02 -1.006533191387469106e+00 -2.385919523966370832e+02
1.684253941735259161e+02 -1.169464770473118920e+00 -2.386219155478621587e+02
1.682995773098097914e+02 -1.323464581755321001e+00 -2.386628589884378471e+02
1.681822134895738827e+02 -1.458257821051660352e+00 -2.387105551328089632e+02
1.680784877031239262e+02 -1.567510324721759662e+00 -2.387594040339877210e+02
1.679928633797782993e+02 -1.649693177144112344e+00 -2.388038395718461686e+02
1.679280205642014323e+02 -1.706879029103942180e+00 -2.388396589456794175e+02
1.678844543001924023e+02 -1.742837625148776048e+00 -2.388646675376093640e+02
1.622196659104697858e+02 -1.072135793195098108e+00 -2.386024537359239446e+02
1.619924770844486090e+02 -1.351762240081603395e+00 -2.386718713948608865e+02
1.680383111525103459e+02 -1.607006158580292166e+00 -2.387798238079574276e+02
1.678110289382525480e+02 -1.799005188486787699e+00 -2.389083559619441530e+02
1.676209624998376455e+02 -1.919678232765605896e+00 -2.390288702444813680e+02
1.674863382502756792e+02 -1.985349867368290333e+00 -2.391191619963352366e+02
1.674088077437720585e+02 -2.016453452576922434e+00 -2.391725052539358103e+02
1.673790506392023758e+02 -2.027170082487826708e+00 -2.391931869749396071e+02
1.673846544420747477e+02 -2.025202441733422454e+00 -2.391892842579004821e+02
1.674142940978001093e+02 -2.014405158778615590e+00 -2.391687038341531775e+02
1.653574215538186820e+02 1.076972931913246612e+00 -2.417449033529477731e+02
1.651531448646230444e+02 1.329222246565527232e+00 -2.418062452003785552e+02
1.649432024473235288e+02 1.561162430440741211e+00 -2.418978634868114170e+02
1.647429935612069869e+02 1.742731924707815683e+00 -2.420061834880233107e+02
1.645722927414009007e+02 1.864994227415063266e+00 -2.421103519481624176e+02
1.644455565210010093e+02 1.937632886295688861e+00 -2.421928191892781399e+02
1.643660762736285506e+02 1.975957683187316460e+00 -2.422462340239332548e+02
1.643283225848182383e+02 1.992332075398409730e+00 -2.422719828597005289e+02
1.643231201897617666e+02 1.994499005945852721e+00 -2.422755481502492216e+02
1.643412298406908008e+02 1.986862926962482678e+00 -2.422631549507620718e+02
1.622274044437324392e+02 -1.062380617138608541e+00 -2.448839458876012145e+02
1.620421565056194595e+02 -1.292571988733582700e+00 -2.449367609071457821e+02
1.618538800437292480e+02 -1.507058549940778924e+00 -2.450142840626476186e+02
1.679576469300593544e+02 -1.681295826442225527e+00 -2.451062617739907807e+02
1.678020057779630463e+02 -1.805528072724668753e+00 -2.451970332344452288e+02
1.676818861554443174e+02 -1.884731113972335947e+00 -2.452724098431138771e+02
1.676013734576634704e+02 -1.930203234526014500e+00 -2.453249784441506733e+02
1.675574961925827608e+02 -1.952556923326493443e+00 -2.453542051014990477e+02
1.675435708207108405e+02 -1.959306001527361563e+00 -2.453635574044987777e+02
1.675521038655893165e+02 -1.955189927036289577e+00 -2.453578224837655455e+02
1.653909036153191892e+02 1.034771028650349756e+00 -2.480209958598503874e+02
1.652208901211337206e+02 1.247386089218288863e+00 -2.480657714446613511e+02
1.650493919688056508e+02 1.448565286285265374e+00 -2.481314770720734657e+02
1.711690122838113837e+02 1.617429897443614539e+00 -2.482102707236879269e+02
1.710250442411825418e+02 1.743641771570483057e+00 -2.482900293609646667e+02
1.709104380234605856e+02 1.828802038040950206e+00 -2.483590255927732073e+02
1.708295636668906639e+02 1.881052224877128420e+00 -2.484100908112563957e+02
1.707811423381017164e+02 1.909375129969613116e+00 -2.484414629648600510e+02
1.707603423816971997e+02 1.920884762959581105e+00 -2.484551041051560105e+02
1.707610923058805099e+02 1.920476483555013658e+00 -2.484546105640686449e+02
1.685615030017437164e+02 -9.982785780238349060e-01 -2.511571485074346697e+02
1.684033738256079573e+02 -1.196901526082069456e+00 -2.511946375290347362e+02
1.682446717304339927e+02 -1.387837045203932584e+00 -2.512504714340047656e+02
1.680930846826220204e+02 -1.552759556970670030e+00 -2.513185540802301716e+02
1.679580606436504695e+02 -1.680931800182436930e+00 -2.513892178780773747e+02
1.678479076346098111e+02 -1.771484444562395177e+00 -2.514525533483331969e+02
1.677670196801130089e+02 -1.830052015323970993e+00 -2.515017510989353013e+02
1.677152187763407767e+02 -1.864151035645611465e+00 -2.515342828382496521e+02
1.676890410199034989e+02 -1.880402106160301345e+00 -2.515509968280062765e+02
1.676835388884161659e+02 -1.883735208869147026e+00 -2.515545316833534457e+02
1.654540966475747439e+02 9.554608077588326864e-01 -2.542931753997135047e+02
1.653049987229211411e+02 1.142928761297395290e+00 -2.543241037719294582e+02
1.651558686472698128e+02 1.325983439501031258e+00 -2.543716043580513428e+02
1.650131816072234585e+02 1.488138713963623294e+00 -2.544308674212864219e+02
1.711680304442682541e+02 1.618363140246806386e+00 -2.544939696921472887e+02
1.710612847075172454e+02 1.713906219534176323e+00 -2.545523469736211837e+02
1.709804422549136973e+02 1.778372726136986381e+00 -2.545995504135525209e+02
1.709260439507872036e+02 1.817985604375636166e+00 -2.546325690127339954e+02
1.708956228948976275e+02 1.838848586010785491e+00 -2.546514308467302499e+02
1.708851046682624428e+02 1.845849406023290395e+00 -2.546580142252407768e+02
1.686340262593926980e+02 -9.078372440062887350e-01 -2.574296190993077857e+02
1.684915354476974017e+02 -1.086398321558793345e+00 -2.574545687369493407e+02
1.683493353440420321e+02 -1.263462491238163121e+00 -2.574948936520279972e+02
1.682130390363984418e+02 -1.423904073263128511e+00 -2.575467604098568017e+02
1.680894781097935038e+02 -1.556424115452249124e+00 -2.576035134584595312e+02
1.679851100233218517e+02 -1.656760809603005757e+00 -2.576575845265282396e+02
1.679041450528182793e+02 -1.726830036005360336e+00 -2.577028312209832848e+02
1.678476074656921924e+02 -1.771714438672828740e+00 -2.577359175494925125e+02
1.678137550710713128e+02 -1.797017426180978816e+00 -2.577562573484074733e+02
1.677991827238713540e+02 -1.807552695790561881e+00 -2.577651276953931756e+02
1.655344980385408178e+02 8.562505857823334843e-01 -2.605668904747709007e+02
1.653965266330273494e+02 1.027689900131059986e+00 -2.605862609355656900e+02
1.652590288377914476e+02 1.200320192461764801e+00 -2.606202344310584635e+02
1.651270106928304244e+02 1.360040394656589990e+00 -2.606657516794672915e+02
1.650065477273731176e+02 1.495260444063812866e+00 -2.607171021384323808e+02
1.711867290407395785e+02 1.600411693043564121e+00 -2.607674482356424619e+02
1.711053029041315199e+02 1.675946731465955963e+00 -2.608108753571890475e+02
1.710468252690653514e+02 1.725933654817217278e+00 -2.608437984932443214e+02
1.710100862105674935e+02 1.755517651137868951e+00 -2.608651542326334152e+02
1.709921860141274408e+02 1.769426419088109714e+00 -2.608757345281268840e+02
1.718634909464519467e+02 8.010931836563678354e-01 -2.605637549645144873e+02
1.717281854856341852e+02 9.668270738829050082e-01 -2.605777519686606638e+02
1.715934436304918336e+02 1.136327847640223654e+00 -2.606059075870741708e+02
1.714638522309568032e+02 1.296288989860930441e+00 -2.606458113698625993e+02
1.713449611992601831e+02 1.434768060260954492e+00 -2.606924805948251560e+02
1.712422979565866683e+02 1.544974808068181993e+00 -2.607396055832370507e+02
1.774431228085865371e+02 1.626022128272768708e+00 -2.607814067820131640e+02
1.773826992131967586e+02 1.681054497339272258e+00 -2.608140730919446924e+02
1.773434024135341360e+02 1.714801804205635882e+00 -2.608361399965165788e+02
1.773227054862083207e+02 1.731928080393046576e+00 -2.608480055209205943e+02
1.781965807570307447e+02 7.424632692531154543e-01 -2.605621738203145696e+02
1.780622428650863469e+02 9.035912924068904006e-01 -2.605708063286722336e+02
1.779284814197342826e+02 1.071061663217425908e+00 -2.605934136359946365e+02
1.777996107205043188e+02 1.232211547513910377e+00 -2.606281722405863661e+02
1.776808386661445809e+02 1.374661231024571384e+00 -2.606706838951419059e+02
1.775774618301430507e+02 1.490386843624168733e+00 -2.607150108044756394e+02
1.837767537166420482e+02 1.577192247832953642e+00 -2.607554087766682187e+02
1.837142095254878313e+02 1.637344704587226696e+00 -2.607878187204844949e+02
1.836725113212621920e+02 1.675204668900053484e+00 -2.608104137243888658e+02
1.836493963110303582e+02 1.695410678793012327e+00 -2.608232563835809970e+02
