1.226997590065002441e+01
1.486312770843505859e+01
7.034894943237304688e+00
1.650808548927307129e+01
1.542764401435852051e+01
2.173327374458312988e+01
1.551340579986572266e+01
2.999406480789184570e+01
1.261917495727539062e+01
7.211966991424560547e+00
1.442030239105224609e+01
5.552742004394531250e+00
7.426792621612548828e+00
1.815881037712097168e+01
7.514799833297729492e+00
1.756350541114807129e+01
3.536418914794921875e+01
1.075732731819152832e+01
1.424248814582824707e+01
1.280205368995666504e+01
1.459535646438598633e+01
9.302796840667724609e+00
1.406703710556030273e+01
9.881726264953613281e+00
7.606233596801757812e+00
1.691051006317138672e+01
2.321365070343017578e+01
2.120553016662597656e+01
6.560551404953002930e+00
1.054077076911926270e+01
3.482780265808105469e+01
7.832847595214843750e+00
1.648964619636535645e+01
9.676212072372436523e+00
2.219488382339477539e+01
2.739083909988403320e+01
1.075857496261596680e+01
9.572545051574707031e+00
1.153970170021057129e+01
5.951015710830688477e+00
1.877907776832580566e+01
1.625109910964965820e+01
1.060252737998962402e+01
8.951884984970092773e+00
1.893692851066589355e+01
2.776746320724487305e+01
7.732839345932006836e+00
1.126197528839111328e+01
7.789512872695922852e+00
6.268788814544677734e+00
1.406287240982055664e+01
1.218445110321044922e+01
5.635086536407470703e+00
6.875254392623901367e+00
1.041985154151916504e+01
2.417484903335571289e+01
1.548941969871520996e+01
6.595628976821899414e+00
7.394647836685180664e+00
1.623675513267517090e+01
1.686176037788391113e+01
1.297888302803039551e+01
7.292608261108398438e+00
1.806437492370605469e+01
1.368774008750915527e+01
3.115037560462951660e+01
1.425362992286682129e+01
1.203089499473571777e+01
6.784662008285522461e+00
9.924459695816040039e+00
1.815739560127258301e+01
1.500446391105651855e+01
6.138455867767333984e+00
1.468919801712036133e+01
1.091770267486572266e+01
3.110373616218566895e+01
1.607125401496887207e+01
8.001445055007934570e+00
1.188403558731079102e+01
1.350296735763549805e+01
1.431996560096740723e+01
1.012632346153259277e+01
9.260032653808593750e+00
1.038783645629882812e+01
8.009891748428344727e+00
2.046377968788146973e+01
1.558495068550109863e+01
6.703397750854492188e+00
1.083939313888549805e+01
1.284233760833740234e+01
1.602920627593994141e+01
7.254924058914184570e+00
1.100398826599121094e+01
9.859082698822021484e+00
1.096307802200317383e+01
1.264019083976745605e+01
2.943794751167297363e+01
1.667895245552062988e+01
2.137325429916381836e+01
1.026237535476684570e+01
9.593415021896362305e+00
1.015695643424987793e+01
6.864309310913085938e+00
1.536562538146972656e+01
9.883063077926635742e+00
7.053509473800659180e+00
1.125555491447448730e+01
9.539480686187744141e+00
1.910668468475341797e+01
6.878214359283447266e+00
1.898643517494201660e+01
9.815383195877075195e+00
1.205771875381469727e+01
1.098405933380126953e+01
1.634114050865173340e+01
1.259234094619750977e+01
2.670393896102905273e+01
1.804939484596252441e+01
1.006550550460815430e+01
7.189194679260253906e+00
1.804490685462951660e+01
1.102266788482666016e+01
9.569246292114257812e+00
1.104545783996582031e+01
8.084191799163818359e+00
3.769307160377502441e+01
2.787443280220031738e+01
1.035263514518737793e+01
1.767183661460876465e+01
1.044317531585693359e+01
1.758505201339721680e+01
6.933568954467773438e+00
1.029625487327575684e+01
1.469748854637145996e+01
2.397070574760437012e+01
2.534361195564270020e+01
1.105588245391845703e+01
8.895459651947021484e+00
1.024729609489440918e+01
1.700836253166198730e+01
1.481293439865112305e+01
9.934475898742675781e+00
1.024789762496948242e+01
8.577702760696411133e+00
1.228001499176025391e+01
2.609728264808654785e+01
1.235995221138000488e+01
9.194125413894653320e+00
1.196173524856567383e+01
9.037329912185668945e+00
2.406717014312744141e+01
1.219882845878601074e+01
1.283060336112976074e+01
7.953187704086303711e+00
3.090279936790466309e+01
2.387169790267944336e+01
1.304745388031005859e+01
1.532045292854309082e+01
1.126413965225219727e+01
1.290535402297973633e+01
1.818239617347717285e+01
7.569993257522583008e+00
1.256361269950866699e+01
1.526926231384277344e+01
1.121112108230590820e+01
2.656490135192871094e+01
1.436398959159851074e+01
5.678642749786376953e+00
5.379661560058593750e+00
2.159757399559020996e+01
1.566706848144531250e+01
9.815710544586181641e+00
1.049128603935241699e+01
5.832094192504882812e+00
9.438845396041870117e+00
3.196124053001403809e+01
2.560808753967285156e+01
1.354086399078369141e+01
1.151420521736145020e+01
2.906591296195983887e+01
1.651795411109924316e+01
6.954693794250488281e+00
5.972429752349853516e+00
1.018032383918762207e+01
1.367907047271728516e+01
1.284994649887084961e+01
2.988123536109924316e+01
1.097910785675048828e+01
1.633262753486633301e+01
1.431603693962097168e+01
1.991945552825927734e+01
6.173575401306152344e+00
6.841845035552978516e+00
1.180417060852050781e+01
1.303938984870910645e+01
1.127932047843933105e+01
2.093550682067871094e+01
2.154124927520751953e+01
1.294381570816040039e+01
1.019444632530212402e+01
1.660177779197692871e+01
1.653306102752685547e+01
1.214620161056518555e+01
8.747698545455932617e+00
1.038191676139831543e+01
9.758800029754638672e+00
3.428990912437438965e+01
1.957197189331054688e+01
7.564368486404418945e+00
5.664323329925537109e+00
1.836184787750244141e+01
7.725512027740478516e+00
1.238106703758239746e+01
7.463027954101562500e+00
7.999134302139282227e+00
1.843051552772521973e+01
1.888531470298767090e+01
1.491390562057495117e+01
8.498577356338500977e+00
8.311069488525390625e+00
1.544218945503234863e+01
5.598171234130859375e+00
8.268571376800537109e+00
6.751189231872558594e+00
8.343621253967285156e+00
2.869309091567993164e+01
1.886319160461425781e+01
1.231404614448547363e+01
1.151572370529174805e+01
1.225028800964355469e+01
1.676351642608642578e+01
9.695933818817138672e+00
1.215212655067443848e+01
1.328630185127258301e+01
1.493177819252014160e+01
2.608213973045349121e+01
1.823458480834960938e+01
1.560525012016296387e+01
7.676027059555053711e+00
6.402256965637207031e+00
1.489555239677429199e+01
1.800371646881103516e+01
8.943668603897094727e+00
1.543865323066711426e+01
1.454991841316223145e+01
2.288755607604980469e+01
2.087478709220886230e+01
1.136796402931213379e+01
1.517114901542663574e+01
1.270564913749694824e+01
1.707969570159912109e+01
6.487543106079101562e+00
5.799617290496826172e+00
1.729421758651733398e+01
1.536988353729248047e+01
2.544397902488708496e+01
8.018278121948242188e+00
8.244364976882934570e+00
8.313380002975463867e+00
1.031140327453613281e+01
1.476948499679565430e+01
1.898194360733032227e+01
1.226026082038879395e+01
8.366233587265014648e+00
8.892917156219482422e+00
2.689491105079650879e+01
1.597354030609130859e+01
6.071114063262939453e+00
1.975410103797912598e+01
7.764906883239746094e+00
1.682845449447631836e+01
1.313476252555847168e+01
1.792086482048034668e+01
1.347190284729003906e+01
9.280028104782104492e+00
1.281610989570617676e+01
1.468013286590576172e+01
7.359600782394409180e+00
2.046957111358642578e+01
9.428308010101318359e+00
1.375779700279235840e+01
1.017294645309448242e+01
1.562470030784606934e+01
1.697330284118652344e+01
1.147253441810607910e+01
7.308825254440307617e+00
3.313310861587524414e+01
1.330366826057434082e+01
1.047828125953674316e+01
1.290621066093444824e+01
1.645312356948852539e+01
1.181847071647644043e+01
1.231864738464355469e+01
1.537595653533935547e+01
1.380617928504943848e+01
1.008156681060791016e+01
1.115275406837463379e+01
2.317957520484924316e+01
1.428477191925048828e+01
1.292393517494201660e+01
1.774542212486267090e+01
9.959861516952514648e+00
7.773802518844604492e+00
1.224607157707214355e+01
1.366106081008911133e+01
1.881277871131896973e+01
1.242448091506958008e+01
1.115732121467590332e+01
7.985049962997436523e+00
1.644762039184570312e+01
1.605575060844421387e+01
1.611161017417907715e+01
1.266822385787963867e+01
9.463020563125610352e+00
7.077704668045043945e+00
3.468863129615783691e+01
1.313129949569702148e+01
9.876112461090087891e+00
1.253617143630981445e+01
1.670698785781860352e+01
1.828647017478942871e+01
1.749201560020446777e+01
6.580641746520996094e+00
8.818661212921142578e+00
7.766667366027832031e+00
2.475952911376953125e+01
1.006487178802490234e+01
8.386998653411865234e+00
2.221598744392395020e+01
6.322521209716796875e+00
2.312594699859619141e+01
6.990578413009643555e+00
1.999999690055847168e+01
9.110496520996093750e+00
1.964052200317382812e+01
1.416628623008728027e+01
1.640122127532958984e+01
7.274917840957641602e+00
1.328677749633789062e+01
9.043795108795166016e+00
1.181624531745910645e+01
7.967310190200805664e+00
5.974698543548583984e+00
9.339913129806518555e+00
1.017489576339721680e+01
1.013110256195068359e+01
9.251916170120239258e+00
1.199128174781799316e+01
9.152440786361694336e+00
1.719117641448974609e+01
1.766429758071899414e+01
1.076566410064697266e+01
1.159689426422119141e+01
2.155863881111145020e+01
1.382287001609802246e+01
2.307592034339904785e+01
1.490877366065979004e+01
1.946912360191345215e+01
9.648213863372802734e+00
1.182696700096130371e+01
3.320002293586730957e+01
8.435690879821777344e+00
1.538866376876831055e+01
1.194248485565185547e+01
7.974714517593383789e+00
3.234679555892944336e+01
1.764746856689453125e+01
1.626280879974365234e+01
1.618564772605895996e+01
8.560614109039306641e+00
1.493410706520080566e+01
6.831751585006713867e+00
1.001711416244506836e+01
1.350574779510498047e+01
1.529892778396606445e+01
1.518810009956359863e+01
1.603421926498413086e+01
1.261709785461425781e+01
1.242455673217773438e+01
9.195986032485961914e+00
1.240986394882202148e+01
1.235239934921264648e+01
1.535762810707092285e+01
6.339184045791625977e+00
1.085281419754028320e+01
1.579768729209899902e+01
3.682795500755310059e+01
1.946985888481140137e+01
7.878556013107299805e+00
1.245033574104309082e+01
1.838350629806518555e+01
1.701661443710327148e+01
1.658883428573608398e+01
1.265332269668579102e+01
2.459845781326293945e+01
1.381950616836547852e+01
1.233392620086669922e+01
3.194776511192321777e+01
8.112337112426757812e+00
1.858774161338806152e+01
1.269417858123779297e+01
7.668599128723144531e+00
1.172232532501220703e+01
7.782261371612548828e+00
7.704024553298950195e+00
2.296855187416076660e+01
1.043817234039306641e+01
9.520302534103393555e+00
1.184561681747436523e+01
8.211828708648681641e+00
1.278128051757812500e+01
8.368964910507202148e+00
8.884880304336547852e+00
1.353167414665222168e+01
1.704260277748107910e+01
3.180414223670959473e+01
7.665367364883422852e+00
2.080851960182189941e+01
6.297481298446655273e+00
8.131139516830444336e+00
1.226510810852050781e+01
2.199153447151184082e+01
8.162162780761718750e+00
1.089217996597290039e+01
1.921387863159179688e+01
1.683008384704589844e+01
1.083800840377807617e+01
8.727903127670288086e+00
1.362764334678649902e+01
1.289963960647583008e+01
1.584966325759887695e+01
7.059740543365478516e+00
9.455023050308227539e+00
8.743405580520629883e+00
1.977056384086608887e+01
1.168223071098327637e+01
1.248283767700195312e+01
1.487556648254394531e+01
7.165207862854003906e+00
2.107907700538635254e+01
1.602589225769042969e+01
9.732560396194458008e+00
7.626972913742065430e+00
1.175545787811279297e+01
1.866685914993286133e+01
1.304891109466552734e+01
1.337551736831665039e+01
1.766819477081298828e+01
8.694248914718627930e+00
6.901982307434082031e+00
1.096253299713134766e+01
9.920258045196533203e+00
1.536098742485046387e+01
7.648086309432983398e+00
1.330473423004150391e+01
2.149024128913879395e+01
1.181892108917236328e+01
1.698550415039062500e+01
1.277731132507324219e+01
8.180307865142822266e+00
1.449483585357666016e+01
1.312641310691833496e+01
9.388532876968383789e+00
7.428508043289184570e+00
1.230240964889526367e+01
3.542242336273193359e+01
1.875966000556945801e+01
1.011423158645629883e+01
1.935451793670654297e+01
8.377849340438842773e+00
2.102307486534118652e+01
1.474769258499145508e+01
1.322087550163269043e+01
1.531609535217285156e+01
1.444995236396789551e+01
9.375281572341918945e+00
2.443227553367614746e+01
1.292720174789428711e+01
1.484808373451232910e+01
1.372283482551574707e+01
1.294496393203735352e+01
6.156432867050170898e+00
1.177876448631286621e+01
1.061386084556579590e+01
1.815462517738342285e+01
9.146423816680908203e+00
4.594813418388366699e+01
3.734713244438171387e+01
1.458321642875671387e+01
1.298889684677124023e+01
1.493816304206848145e+01
5.350286960601806641e+00
1.096683549880981445e+01
1.451059746742248535e+01
1.264281296730041504e+01
1.061577725410461426e+01
1.259081506729125977e+01
3.176304364204406738e+01
1.118021869659423828e+01
1.606495738029479980e+01
2.286049985885620117e+01
1.537695574760437012e+01
1.265467524528503418e+01
1.293194484710693359e+01
1.159121465682983398e+01
1.175401616096496582e+01
1.661055588722229004e+01
1.026764082908630371e+01
7.657103776931762695e+00
1.925158357620239258e+01
1.623702359199523926e+01
1.843929243087768555e+01
9.154835462570190430e+00
1.703330397605895996e+01
3.233370494842529297e+01
2.688973021507263184e+01
1.153147459030151367e+01
1.544275355339050293e+01
1.109441304206848145e+01
1.453791213035583496e+01
1.701906561851501465e+01
1.417553257942199707e+01
1.745157003402709961e+01
7.774437427520751953e+00
3.604448676109313965e+01
1.260210990905761719e+01
1.180574369430541992e+01
5.808248043060302734e+00
1.325377511978149414e+01
1.423061680793762207e+01
1.336009502410888672e+01
6.926693201065063477e+00
1.068778991699218750e+01
9.273358583450317383e+00
3.032926845550537109e+01
2.395951914787292480e+01
7.983122110366821289e+00
1.004270577430725098e+01
5.759478807449340820e+00
6.911310911178588867e+00
1.258544921875000000e+01
8.598928213119506836e+00
6.986130237579345703e+00
8.162822008132934570e+00
1.982522583007812500e+01
1.530898404121398926e+01
1.585270810127258301e+01
9.600231885910034180e+00
8.012951135635375977e+00
1.051820254325866699e+01
1.548364210128784180e+01
1.264591979980468750e+01
5.737698316574096680e+00
6.443515777587890625e+00
1.686963367462158203e+01
2.209988474845886230e+01
1.040074062347412109e+01
1.391149044036865234e+01
5.016335487365722656e+00
9.299733877182006836e+00
2.391600131988525391e+01
8.095028877258300781e+00
1.991871571540832520e+01
9.001153230667114258e+00
1.352570724487304688e+01
3.456908154487609863e+01
1.104648160934448242e+01
6.437635660171508789e+00
2.119710397720336914e+01
1.105248856544494629e+01
1.810355877876281738e+01
2.077587676048278809e+01
1.039538359642028809e+01
9.287959814071655273e+00
2.459707164764404297e+01
1.861808300018310547e+01
3.177496767044067383e+01
1.045938754081726074e+01
1.841686463356018066e+01
1.775492262840270996e+01
2.638415360450744629e+01
8.310841798782348633e+00
9.525613546371459961e+00
1.090281605720520020e+01
1.728667306900024414e+01
1.248877620697021484e+01
5.007569241523742676e+01
1.299330639839172363e+01
9.101047277450561523e+00
9.786973714828491211e+00
2.165383338928222656e+01
1.123274302482604980e+01
1.159077858924865723e+01
1.266580033302307129e+01
8.734062194824218750e+00
1.548559427261352539e+01
1.819325351715087891e+01
2.915190505981445312e+01
1.849506998062133789e+01
1.354247856140136719e+01
1.431538438796997070e+01
1.457429838180541992e+01
1.253326296806335449e+01
1.172953367233276367e+01
2.514843082427978516e+01
1.504064512252807617e+01
7.266486883163452148e+00
1.959644079208374023e+01
8.326567173004150391e+00
2.526659870147705078e+01
1.434175634384155273e+01
7.147612810134887695e+00
9.426853656768798828e+00
1.794489669799804688e+01
1.988540005683898926e+01
8.053785800933837891e+00
1.802774453163146973e+01
1.249699807167053223e+01
1.554903316497802734e+01
1.898708462715148926e+01
1.226085376739501953e+01
1.170516729354858398e+01
1.993676471710205078e+01
1.020451188087463379e+01
2.547332477569580078e+01
1.159744668006896973e+01
1.623764204978942871e+01
9.841403245925903320e+00
8.300379037857055664e+00
6.189395427703857422e+00
2.026631283760070801e+01
1.103383278846740723e+01
1.222857952117919922e+01
1.119848966598510742e+01
4.022889328002929688e+01
9.923485279083251953e+00
1.236741995811462402e+01
1.014317369461059570e+01
2.502168035507202148e+01
1.406308507919311523e+01
1.908097505569458008e+01
6.885214567184448242e+00
1.223208880424499512e+01
2.887672495841979980e+01
3.468584918975830078e+01
1.938296008110046387e+01
1.166359686851501465e+01
1.346407556533813477e+01
1.959058189392089844e+01
1.073088669776916504e+01
1.513645458221435547e+01
7.658032655715942383e+00
5.811123847961425781e+00
6.776143789291381836e+00
1.420573878288269043e+01
2.634931397438049316e+01
1.712578821182250977e+01
2.036106252670288086e+01
1.673045611381530762e+01
2.181935214996337891e+01
1.404682421684265137e+01
7.575516462326049805e+00
5.990476369857788086e+00
9.320797681808471680e+00
1.068401622772216797e+01
3.221299266815185547e+01
1.126744818687438965e+01
1.761954426765441895e+01
1.179093456268310547e+01
2.597658634185791016e+01
1.388090085983276367e+01
1.082787370681762695e+01
1.328582549095153809e+01
1.717485070228576660e+01
8.222226619720458984e+00
4.095233964920043945e+01
2.187374734878540039e+01
9.172482252120971680e+00
1.134320807456970215e+01
6.655380487442016602e+00
1.755730509757995605e+01
7.591066598892211914e+00
1.206336259841918945e+01
1.240750265121459961e+01
1.093162226676940918e+01
2.120056486129760742e+01
2.980689334869384766e+01
1.536380577087402344e+01
8.666747808456420898e+00
1.978017377853393555e+01
2.301019811630249023e+01
1.317766380310058594e+01
1.293614172935485840e+01
5.159624814987182617e+00
1.468844795227050781e+01
7.833582401275634766e+00
1.623984122276306152e+01
2.521012139320373535e+01
1.520017623901367188e+01
1.058977508544921875e+01
1.530019664764404297e+01
5.109996557235717773e+00
2.393383121490478516e+01
6.305688524246215820e+01
1.746908807754516602e+01
1.395350718498229980e+01
1.107917976379394531e+01
1.147357892990112305e+01
1.106306171417236328e+01
8.982572793960571289e+00
2.172033405303955078e+01
7.050638675689697266e+00
1.026826262474060059e+01
4.857863402366638184e+01
9.656352758407592773e+00
1.402709507942199707e+01
7.010901689529418945e+00
8.803201913833618164e+00
5.059369087219238281e+00
1.182561731338500977e+01
1.526720309257507324e+01
2.094725823402404785e+01
2.158566546440124512e+01
2.111249876022338867e+01
1.120624208450317383e+01
9.326433181762695312e+00
1.468557214736938477e+01
1.279546809196472168e+01
1.343338108062744141e+01
1.043360662460327148e+01
1.719066214561462402e+01
5.554274082183837891e+00
1.309244275093078613e+01
1.898815560340881348e+01
3.258305048942565918e+01
7.110494613647460938e+00
1.792865014076232910e+01
1.067716240882873535e+01
1.269731044769287109e+01
6.915196180343627930e+00
2.240347909927368164e+01
1.706607985496520996e+01
1.253757071495056152e+01
1.894130730628967285e+01
3.109077739715576172e+01
1.366065144538879395e+01
6.172384977340698242e+00
1.627450895309448242e+01
9.183748483657836914e+00
6.364302396774291992e+00
1.455547261238098145e+01
1.104827356338500977e+01
1.450896954536437988e+01
1.201197767257690430e+01
1.798391461372375488e+01
1.440714859962463379e+01
1.737843203544616699e+01
7.538896799087524414e+00
1.700894212722778320e+01
1.129526710510253906e+01
1.422812819480895996e+01
9.328381776809692383e+00
1.752122163772583008e+01
1.261212706565856934e+01
1.060118508338928223e+01
2.758721685409545898e+01
1.676676750183105469e+01
1.055893039703369141e+01
9.144189357757568359e+00
9.365582704544067383e+00
1.271034002304077148e+01
1.426398491859436035e+01
2.476154446601867676e+01
1.597345924377441406e+01
8.135549068450927734e+00
1.766500711441040039e+01
2.335055661201477051e+01
1.185156583786010742e+01
1.891612386703491211e+01
7.547627925872802734e+00
1.626599359512329102e+01
1.048756718635559082e+01
1.367528939247131348e+01
5.755667448043823242e+00
1.912766599655151367e+01
1.131336641311645508e+01
3.558354163169860840e+01
1.649658441543579102e+01
7.607048749923706055e+00
5.840522050857543945e+00
8.436936855316162109e+00
8.573992490768432617e+00
1.028792357444763184e+01
7.776764869689941406e+00
9.651206731796264648e+00
8.836691617965698242e+00
1.175405716896057129e+01
2.920041394233703613e+01
1.336206531524658203e+01
7.739200830459594727e+00
1.729201292991638184e+01
6.741378068923950195e+00
2.611087560653686523e+01
1.935235810279846191e+01
1.067925834655761719e+01
1.336129522323608398e+01
1.656583738327026367e+01
8.760813951492309570e+00
5.994603872299194336e+00
9.322431564331054688e+00
1.341486716270446777e+01
1.370307922363281250e+01
9.900533914566040039e+00
2.236663913726806641e+01
2.128526067733764648e+01
1.092761373519897461e+01
1.873331570625305176e+01
6.917412757873535156e+00
1.634037089347839355e+01
1.035858583450317383e+01
2.137118792533874512e+01
2.306897473335266113e+01
2.062954378128051758e+01
2.255436563491821289e+01
1.618824529647827148e+01
1.379577994346618652e+01
5.403852701187133789e+00
8.469266414642333984e+00
7.600181102752685547e+00
7.526413202285766602e+00
1.219169187545776367e+01
6.966878652572631836e+00
1.026323509216308594e+01
2.919907307624816895e+01
1.158926820755004883e+01
7.679255962371826172e+00
7.631416559219360352e+00
7.018348693847656250e+00
5.277914762496948242e+00
1.136464524269104004e+01
1.501099514961242676e+01
2.399219560623168945e+01
1.007281255722045898e+01
7.957737684249877930e+00
2.540058422088623047e+01
1.265148830413818359e+01
6.625358581542968750e+00
1.162960433959960938e+01
1.621907711029052734e+01
3.584200501441955566e+01
1.136018633842468262e+01
1.312732577323913574e+01
1.575891685485839844e+01
9.088438272476196289e+00
2.843841981887817383e+01
2.205061626434326172e+01
1.165418744087219238e+01
8.078425407409667969e+00
8.359828233718872070e+00
5.955505609512329102e+00
1.471491384506225586e+01
7.972184181213378906e+00
1.325485277175903320e+01
1.543663167953491211e+01
1.042318177223205566e+01
2.453069019317626953e+01
1.083041548728942871e+01
5.696499824523925781e+00
1.095871853828430176e+01
1.325328063964843750e+01
2.325946998596191406e+01
1.204718041419982910e+01
1.371496009826660156e+01
8.232823371887207031e+00
8.980551004409790039e+00
3.118192625045776367e+01
1.714888978004455566e+01
6.793058872222900391e+00
6.327588558197021484e+00
9.516707420349121094e+00
1.726846837997436523e+01
1.452716875076293945e+01
1.526363301277160645e+01
6.061573266983032227e+00
1.095009016990661621e+01
1.180434393882751465e+01
3.368219161033630371e+01
1.626447486877441406e+01
9.617127656936645508e+00
9.854984760284423828e+00
1.086285710334777832e+01
6.830755949020385742e+00
5.964808940887451172e+00
6.135678052902221680e+00
1.178713369369506836e+01
9.608648061752319336e+00
1.521626782417297363e+01
1.089546084403991699e+01
1.388724660873413086e+01
1.402471590042114258e+01
1.509395098686218262e+01
1.358519220352172852e+01
3.129220056533813477e+01
2.161143231391906738e+01
6.042792320251464844e+00
9.619364976882934570e+00
7.497773647308349609e+00
1.815091133117675781e+01
8.698738336563110352e+00
2.114388561248779297e+01
1.800047135353088379e+01
8.645628452301025391e+00
1.159780573844909668e+01
1.762010622024536133e+01
5.407183170318603516e+00
1.135871481895446777e+01
1.122948575019836426e+01
1.282015824317932129e+01
6.748802423477172852e+00
1.226394438743591309e+01
1.504183697700500488e+01
9.586823225021362305e+00
1.584033656120300293e+01
2.814061999320983887e+01
1.905882453918457031e+01
8.163557291030883789e+00
1.864839076995849609e+01
7.045267820358276367e+00
1.077156853675842285e+01
1.025488018989562988e+01
1.988365173339843750e+01
8.065770864486694336e+00
1.399205207824707031e+01
3.207109594345092773e+01
1.760347700119018555e+01
1.657867217063903809e+01
5.333943128585815430e+00
8.487359762191772461e+00
1.498203229904174805e+01
7.823536872863769531e+00
2.014659070968627930e+01
1.152015566825866699e+01
1.755985808372497559e+01
1.816053843498229980e+01
1.619343686103820801e+01
7.589200735092163086e+00
1.324797606468200684e+01
8.598518610000610352e+00
1.560405349731445312e+01
1.256676697731018066e+01
2.055810475349426270e+01
9.748634099960327148e+00
8.664891242980957031e+00
9.716084718704223633e+00
2.776124715805053711e+01
9.955813884735107422e+00
1.935222697257995605e+01
1.650668406486511230e+01
9.671333312988281250e+00
1.203283119201660156e+01
1.214815616607666016e+01
1.821399831771850586e+01
9.794562578201293945e+00
1.121042990684509277e+01
1.903096342086791992e+01
9.866228818893432617e+00
1.652379155158996582e+01
9.421714305877685547e+00
7.929216384887695312e+00
1.021347403526306152e+01
1.965401244163513184e+01
5.108738899230957031e+00
1.646378302574157715e+01
1.480237579345703125e+01
1.240317225456237793e+01
3.427834177017211914e+01
9.584208488464355469e+00
9.077440977096557617e+00
1.939478302001953125e+01
8.842931509017944336e+00
2.117017507553100586e+01
1.241917824745178223e+01
7.655480146408081055e+00
6.125006675720214844e+00
9.524400234222412109e+00
1.133712887763977051e+01
2.969109177589416504e+01
1.046263194084167480e+01
1.240958762168884277e+01
9.586661815643310547e+00
1.084689235687255859e+01
1.695641231536865234e+01
1.073121857643127441e+01
1.167538642883300781e+01
6.861222743988037109e+00
1.053277730941772461e+01
4.314152884483337402e+01
1.232575678825378418e+01
1.115139508247375488e+01
1.610884404182434082e+01
