2.485259294509887695e+00
2.562992811203002930e+00
2.520794153213500977e+00
2.382548093795776367e+00
2.528820514678955078e+00
2.549602985382080078e+00
2.511730194091796875e+00
2.480052709579467773e+00
2.410223007202148438e+00
2.611009836196899414e+00
2.573537588119506836e+00
2.476839780807495117e+00
2.423122882843017578e+00
2.697253942489624023e+00
2.471590757369995117e+00
2.333334445953369141e+00
2.469418764114379883e+00
2.381471633911132812e+00
2.501186609268188477e+00
2.554306030273437500e+00
2.506517887115478516e+00
2.300374984741210938e+00
2.547383785247802734e+00
2.340809106826782227e+00
2.358853578567504883e+00
2.320657014846801758e+00
2.398861885070800781e+00
2.620270252227783203e+00
2.451282739639282227e+00
2.491259336471557617e+00
2.352034330368041992e+00
2.407130479812622070e+00
2.294107437133789062e+00
2.521966934204101562e+00
2.522895574569702148e+00
2.554075956344604492e+00
2.359732866287231445e+00
2.505714893341064453e+00
2.543301343917846680e+00
2.482595205307006836e+00
2.505132198333740234e+00
2.525535583496093750e+00
2.373349428176879883e+00
2.453659296035766602e+00
2.379463672637939453e+00
2.597923040390014648e+00
2.658586025238037109e+00
2.504326105117797852e+00
2.563946962356567383e+00
2.498863697052001953e+00
2.549961328506469727e+00
2.431950330734252930e+00
2.471209287643432617e+00
2.597362756729125977e+00
2.552646875381469727e+00
2.421567440032958984e+00
2.422667741775512695e+00
2.357175588607788086e+00
2.478552103042602539e+00
2.525416851043701172e+00
2.405337810516357422e+00
2.478856325149536133e+00
2.319138288497924805e+00
2.428197860717773438e+00
2.541718482971191406e+00
2.513480186462402344e+00
2.688234567642211914e+00
2.473060369491577148e+00
2.643837690353393555e+00
2.598666191101074219e+00
2.523367881774902344e+00
2.517724275588989258e+00
2.403932332992553711e+00
2.656131982803344727e+00
2.626829147338867188e+00
2.401646614074707031e+00
2.598570108413696289e+00
2.551545858383178711e+00
2.462941884994506836e+00
2.655298709869384766e+00
2.465266466140747070e+00
2.551442384719848633e+00
2.542688131332397461e+00
2.472263336181640625e+00
2.674081087112426758e+00
2.488920688629150391e+00
2.511229038238525391e+00
2.420912742614746094e+00
2.427544832229614258e+00
2.445811510086059570e+00
2.553219795227050781e+00
2.676636219024658203e+00
2.571908235549926758e+00
2.593481302261352539e+00
2.460927486419677734e+00
2.506073713302612305e+00
2.348661422729492188e+00
2.593301773071289062e+00
2.586944580078125000e+00
2.580352783203125000e+00
2.569028377532958984e+00
2.425840616226196289e+00
2.557084321975708008e+00
2.579586029052734375e+00
2.443067312240600586e+00
2.469002008438110352e+00
2.529561996459960938e+00
2.353642463684082031e+00
2.371388912200927734e+00
2.476877927780151367e+00
2.574527978897094727e+00
2.558508396148681641e+00
2.521790981292724609e+00
2.562967061996459961e+00
2.517181158065795898e+00
2.623168468475341797e+00
2.514579296112060547e+00
2.464502811431884766e+00
2.479082345962524414e+00
2.413862943649291992e+00
2.452693223953247070e+00
2.519772291183471680e+00
2.402576923370361328e+00
2.393185615539550781e+00
2.595967292785644531e+00
2.626660108566284180e+00
2.601180076599121094e+00
2.609370946884155273e+00
2.557255506515502930e+00
2.479854106903076172e+00
2.648413181304931641e+00
2.631620645523071289e+00
2.512042999267578125e+00
2.669944763183593750e+00
2.444476604461669922e+00
2.649981975555419922e+00
2.468617200851440430e+00
2.384719133377075195e+00
2.659463167190551758e+00
2.584547996520996094e+00
2.520044326782226562e+00
2.627247571945190430e+00
2.536720752716064453e+00
2.637654781341552734e+00
2.410733222961425781e+00
2.604622602462768555e+00
2.465776205062866211e+00
2.399353504180908203e+00
2.359186649322509766e+00
2.441027879714965820e+00
2.605745077133178711e+00
2.559327602386474609e+00
2.474460840225219727e+00
2.583538293838500977e+00
2.405564308166503906e+00
2.628478050231933594e+00
2.614211797714233398e+00
2.513103008270263672e+00
2.434420108795166016e+00
2.486152648925781250e+00
2.586627960205078125e+00
2.537703990936279297e+00
2.402051448822021484e+00
2.453295707702636719e+00
2.459800004959106445e+00
2.440680980682373047e+00
2.452382802963256836e+00
2.502508401870727539e+00
2.382361173629760742e+00
2.391839027404785156e+00
2.461094617843627930e+00
2.493486642837524414e+00
2.366163492202758789e+00
2.478754758834838867e+00
2.478017807006835938e+00
2.352685689926147461e+00
2.568314790725708008e+00
2.419627428054809570e+00
2.609279394149780273e+00
2.528245687484741211e+00
2.349871873855590820e+00
2.579894065856933594e+00
2.488018751144409180e+00
2.537758350372314453e+00
2.397001981735229492e+00
2.330015420913696289e+00
2.474940061569213867e+00
2.380900382995605469e+00
2.477919340133666992e+00
2.380335569381713867e+00
2.359241247177124023e+00
2.355042695999145508e+00
2.474674701690673828e+00
2.420437574386596680e+00
2.491203546524047852e+00
2.553877830505371094e+00
2.575755596160888672e+00
2.551133394241333008e+00
2.581394672393798828e+00
2.508151292800903320e+00
2.597824573516845703e+00
2.494308710098266602e+00
2.516283988952636719e+00
2.393794298171997070e+00
2.541046142578125000e+00
2.462111711502075195e+00
2.573423862457275391e+00
2.301293373107910156e+00
2.402007102966308594e+00
2.430846691131591797e+00
2.375021696090698242e+00
2.442861795425415039e+00
2.708310127258300781e+00
2.401560544967651367e+00
2.480746984481811523e+00
2.594734668731689453e+00
2.551985502243041992e+00
2.562994480133056641e+00
2.348176479339599609e+00
2.349130153656005859e+00
2.484743356704711914e+00
2.385285377502441406e+00
2.503920078277587891e+00
2.540601253509521484e+00
2.559971094131469727e+00
2.332602977752685547e+00
2.542156219482421875e+00
2.670639038085937500e+00
2.435081005096435547e+00
2.626268148422241211e+00
2.437391042709350586e+00
2.574088811874389648e+00
2.533193826675415039e+00
2.427906751632690430e+00
2.549093723297119141e+00
2.315729379653930664e+00
2.420805215835571289e+00
2.402570009231567383e+00
2.350867748260498047e+00
2.591836214065551758e+00
2.458036661148071289e+00
2.384706497192382812e+00
2.414826631546020508e+00
2.441383600234985352e+00
2.411150693893432617e+00
2.580013513565063477e+00
2.548214912414550781e+00
2.442912578582763672e+00
2.526182174682617188e+00
2.489501237869262695e+00
2.537255525588989258e+00
2.487297773361206055e+00
2.455267667770385742e+00
2.406970500946044922e+00
2.496586322784423828e+00
2.562684059143066406e+00
2.539055585861206055e+00
2.496339559555053711e+00
2.448570489883422852e+00
2.658674478530883789e+00
2.505848884582519531e+00
2.504475116729736328e+00
2.523343563079833984e+00
2.366327285766601562e+00
2.514694452285766602e+00
2.424207925796508789e+00
2.442800283432006836e+00
2.418782949447631836e+00
2.376550436019897461e+00
2.526311397552490234e+00
2.520597696304321289e+00
2.517465591430664062e+00
2.651596307754516602e+00
2.409426927566528320e+00
2.376453399658203125e+00
2.389595508575439453e+00
2.395186662673950195e+00
2.343347787857055664e+00
2.575732231140136719e+00
2.366434574127197266e+00
2.516632795333862305e+00
2.370012760162353516e+00
2.369400501251220703e+00
2.689293384552001953e+00
2.455428361892700195e+00
2.492622137069702148e+00
2.623888492584228516e+00
2.516988277435302734e+00
2.418093919754028320e+00
2.347009181976318359e+00
2.417812347412109375e+00
2.363029241561889648e+00
2.433392047882080078e+00
2.780314922332763672e+00
2.616312980651855469e+00
2.647006034851074219e+00
2.469264745712280273e+00
2.395782470703125000e+00
2.492513418197631836e+00
2.446271181106567383e+00
2.427896022796630859e+00
2.437636375427246094e+00
2.369744062423706055e+00
2.379540443420410156e+00
2.436141014099121094e+00
2.419612407684326172e+00
2.435298204421997070e+00
2.333953857421875000e+00
2.520216703414916992e+00
2.327086925506591797e+00
2.433181285858154297e+00
2.651720285415649414e+00
2.498486995697021484e+00
2.426156759262084961e+00
2.476392507553100586e+00
2.326514005661010742e+00
2.582768917083740234e+00
2.594919204711914062e+00
2.506245851516723633e+00
2.479439020156860352e+00
2.410753250122070312e+00
2.565392732620239258e+00
2.530945539474487305e+00
2.409704446792602539e+00
2.527500152587890625e+00
2.519459009170532227e+00
2.420628070831298828e+00
2.460680007934570312e+00
2.548413276672363281e+00
2.494024276733398438e+00
2.435930728912353516e+00
2.509942770004272461e+00
2.545712947845458984e+00
2.329098224639892578e+00
2.310251712799072266e+00
2.340032339096069336e+00
2.460979938507080078e+00
2.379543542861938477e+00
2.436382532119750977e+00
2.429118633270263672e+00
2.499870300292968750e+00
2.332878828048706055e+00
2.406202554702758789e+00
2.478052616119384766e+00
2.419884443283081055e+00
2.565468549728393555e+00
2.475013494491577148e+00
2.532093524932861328e+00
2.530361413955688477e+00
2.453734397888183594e+00
2.534982204437255859e+00
2.392270326614379883e+00
2.523347854614257812e+00
2.506773948669433594e+00
2.469311714172363281e+00
2.422785997390747070e+00
2.425584793090820312e+00
2.403119564056396484e+00
2.601917266845703125e+00
2.499734401702880859e+00
2.362880706787109375e+00
2.446780681610107422e+00
2.389122009277343750e+00
2.550024032592773438e+00
2.416047096252441406e+00
2.648916959762573242e+00
2.604230165481567383e+00
2.467179775238037109e+00
2.560125112533569336e+00
2.525285482406616211e+00
2.509363412857055664e+00
2.440897941589355469e+00
2.522356986999511719e+00
2.591294765472412109e+00
2.568044662475585938e+00
2.493431329727172852e+00
2.561006307601928711e+00
2.396134614944458008e+00
2.282494544982910156e+00
2.609606266021728516e+00
2.555068969726562500e+00
2.584535360336303711e+00
2.409233808517456055e+00
2.476674795150756836e+00
2.633995771408081055e+00
2.365726709365844727e+00
2.486518621444702148e+00
2.441676616668701172e+00
2.540631055831909180e+00
2.385814905166625977e+00
2.420635461807250977e+00
2.492714643478393555e+00
2.439240694046020508e+00
2.364120721817016602e+00
2.423940896987915039e+00
2.488830089569091797e+00
2.460676670074462891e+00
2.514962196350097656e+00
2.497607469558715820e+00
2.559182167053222656e+00
2.483093023300170898e+00
2.396832942962646484e+00
2.575893402099609375e+00
2.452009677886962891e+00
2.391910791397094727e+00
2.629645347595214844e+00
2.700750112533569336e+00
2.555620193481445312e+00
2.507445812225341797e+00
2.493564605712890625e+00
2.436414480209350586e+00
2.459071874618530273e+00
2.393112659454345703e+00
2.338298082351684570e+00
2.582036733627319336e+00
2.286093950271606445e+00
2.385877132415771484e+00
2.557288885116577148e+00
2.422978878021240234e+00
2.505907535552978516e+00
2.364756107330322266e+00
2.389694690704345703e+00
2.396606683731079102e+00
2.437888145446777344e+00
2.464528799057006836e+00
2.634492397308349609e+00
2.530392646789550781e+00
2.574293851852416992e+00
2.470400810241699219e+00
2.427797794342041016e+00
2.429552555084228516e+00
2.317104101181030273e+00
2.545553922653198242e+00
2.502749681472778320e+00
2.549789667129516602e+00
2.529313325881958008e+00
2.562078237533569336e+00
2.504393815994262695e+00
2.332474946975708008e+00
2.557039022445678711e+00
2.369056701660156250e+00
2.358333110809326172e+00
2.520244121551513672e+00
2.528279066085815430e+00
2.343502044677734375e+00
2.548158645629882812e+00
2.453520536422729492e+00
2.446089267730712891e+00
2.545213937759399414e+00
2.428097009658813477e+00
2.312864303588867188e+00
2.646362304687500000e+00
2.362134695053100586e+00
2.514269590377807617e+00
2.526489257812500000e+00
2.386732339859008789e+00
2.534209251403808594e+00
2.399545907974243164e+00
2.348686933517456055e+00
2.555740356445312500e+00
2.404404163360595703e+00
2.432580709457397461e+00
2.507905006408691406e+00
2.357548952102661133e+00
2.430963754653930664e+00
2.357357978820800781e+00
2.456431150436401367e+00
2.347126960754394531e+00
2.403541088104248047e+00
2.668221473693847656e+00
2.368231296539306641e+00
2.425236463546752930e+00
2.413368463516235352e+00
2.519956111907958984e+00
2.328328371047973633e+00
2.540887594223022461e+00
2.388293266296386719e+00
2.370153188705444336e+00
2.335082769393920898e+00
2.369484424591064453e+00
2.482105493545532227e+00
2.366439580917358398e+00
2.371882915496826172e+00
2.390771865844726562e+00
2.426028251647949219e+00
2.374150991439819336e+00
2.574019908905029297e+00
2.379196882247924805e+00
2.485891342163085938e+00
2.512504339218139648e+00
2.406157016754150391e+00
2.390896558761596680e+00
2.364987134933471680e+00
2.292623519897460938e+00
2.465705871582031250e+00
2.475078821182250977e+00
2.409505605697631836e+00
2.660941600799560547e+00
2.489074468612670898e+00
2.484371900558471680e+00
2.410961866378784180e+00
2.383638143539428711e+00
2.683569192886352539e+00
2.417186260223388672e+00
2.354891777038574219e+00
2.483557462692260742e+00
2.499018430709838867e+00
2.413908243179321289e+00
2.550214767456054688e+00
2.510485649108886719e+00
2.512437105178833008e+00
2.496366739273071289e+00
2.613290786743164062e+00
2.391268730163574219e+00
2.443504571914672852e+00
2.330878019332885742e+00
2.394284248352050781e+00
2.575913429260253906e+00
2.487374782562255859e+00
2.526751518249511719e+00
2.545340538024902344e+00
2.604836463928222656e+00
2.487337112426757812e+00
2.604044437408447266e+00
2.372318267822265625e+00
2.496081829071044922e+00
2.400652408599853516e+00
2.522769212722778320e+00
2.538808107376098633e+00
2.322311878204345703e+00
2.556642055511474609e+00
2.573239803314208984e+00
2.399160861968994141e+00
2.347246408462524414e+00
2.355257034301757812e+00
2.422378540039062500e+00
2.396085977554321289e+00
2.430060148239135742e+00
2.503119707107543945e+00
2.414771318435668945e+00
2.509946823120117188e+00
2.449212312698364258e+00
2.528339385986328125e+00
2.716352224349975586e+00
2.464770078659057617e+00
2.327877521514892578e+00
2.412498712539672852e+00
2.653361082077026367e+00
2.670175790786743164e+00
2.627220869064331055e+00
2.518359184265136719e+00
2.424831867218017578e+00
2.482822418212890625e+00
2.393983364105224609e+00
2.446661472320556641e+00
2.403791666030883789e+00
2.653162717819213867e+00
2.410710334777832031e+00
2.511816501617431641e+00
2.432269573211669922e+00
2.400689601898193359e+00
2.411431312561035156e+00
2.380944967269897461e+00
2.477880239486694336e+00
2.537268638610839844e+00
2.323351860046386719e+00
2.334850788116455078e+00
2.400552511215209961e+00
2.538560867309570312e+00
2.371108293533325195e+00
2.558697938919067383e+00
2.332334041595458984e+00
2.626579999923706055e+00
2.416907310485839844e+00
2.690664768218994141e+00
2.397989273071289062e+00
2.372495412826538086e+00
2.471710920333862305e+00
2.589811325073242188e+00
2.447565317153930664e+00
2.532436370849609375e+00
2.460023880004882812e+00
2.444005727767944336e+00
2.344965457916259766e+00
2.374547719955444336e+00
2.452483415603637695e+00
2.390342712402343750e+00
2.505342483520507812e+00
2.532552480697631836e+00
2.407303571701049805e+00
2.468759059906005859e+00
2.505619287490844727e+00
2.559247493743896484e+00
2.416755676269531250e+00
2.379378557205200195e+00
2.397563219070434570e+00
2.412948369979858398e+00
2.585373878479003906e+00
2.598721027374267578e+00
2.395663976669311523e+00
2.440824747085571289e+00
2.505948066711425781e+00
2.514159679412841797e+00
2.349887609481811523e+00
2.450725793838500977e+00
2.468231439590454102e+00
2.372153520584106445e+00
2.638984680175781250e+00
2.361917495727539062e+00
2.516320943832397461e+00
2.443168163299560547e+00
2.527381658554077148e+00
2.460547924041748047e+00
2.523295164108276367e+00
2.584289789199829102e+00
2.738789319992065430e+00
2.363098621368408203e+00
2.396559000015258789e+00
2.321315288543701172e+00
2.439596891403198242e+00
2.536209583282470703e+00
2.470839977264404297e+00
2.442270517349243164e+00
2.587859630584716797e+00
2.456588029861450195e+00
2.510323286056518555e+00
2.376361131668090820e+00
2.571396589279174805e+00
2.594314098358154297e+00
2.520625114440917969e+00
2.422482252120971680e+00
2.432189941406250000e+00
2.593166351318359375e+00
2.372284173965454102e+00
2.689161062240600586e+00
2.546420812606811523e+00
2.535924434661865234e+00
2.512832164764404297e+00
2.548594474792480469e+00
2.454590559005737305e+00
2.684279441833496094e+00
2.599616527557373047e+00
2.716242074966430664e+00
2.556099891662597656e+00
2.710199356079101562e+00
2.624192953109741211e+00
2.615910768508911133e+00
2.469609022140502930e+00
2.652158260345458984e+00
2.480733871459960938e+00
2.594062328338623047e+00
2.439819097518920898e+00
2.582176923751831055e+00
2.474569082260131836e+00
2.425075531005859375e+00
2.521701097488403320e+00
2.401554107666015625e+00
2.689251422882080078e+00
2.584218978881835938e+00
2.458449840545654297e+00
2.591706037521362305e+00
2.628120899200439453e+00
2.619098663330078125e+00
2.511069774627685547e+00
2.487331151962280273e+00
2.477072238922119141e+00
2.604099273681640625e+00
2.547523736953735352e+00
2.499113559722900391e+00
2.392270565032958984e+00
2.533134698867797852e+00
2.587107658386230469e+00
2.453827381134033203e+00
2.419464588165283203e+00
2.333001375198364258e+00
2.440886735916137695e+00
2.454526424407958984e+00
2.553151130676269531e+00
2.477674484252929688e+00
2.571527481079101562e+00
2.423543930053710938e+00
2.422382354736328125e+00
2.485214710235595703e+00
2.492787599563598633e+00
2.410175323486328125e+00
2.336549282073974609e+00
2.382570743560791016e+00
2.332372426986694336e+00
2.496610641479492188e+00
2.417542219161987305e+00
2.314018487930297852e+00
2.408810853958129883e+00
2.496429204940795898e+00
2.357052564620971680e+00
2.406273603439331055e+00
2.484742879867553711e+00
2.517827987670898438e+00
2.581510066986083984e+00
2.571999788284301758e+00
2.403765439987182617e+00
2.358545064926147461e+00
2.509513854980468750e+00
2.445277929306030273e+00
2.592322587966918945e+00
2.498671293258666992e+00
2.615517377853393555e+00
2.478041887283325195e+00
2.388168334960937500e+00
2.464720726013183594e+00
2.566541910171508789e+00
2.523042917251586914e+00
2.459269046783447266e+00
2.576377630233764648e+00
2.504833459854125977e+00
2.575970411300659180e+00
2.623960971832275391e+00
2.311574935913085938e+00
2.541927814483642578e+00
2.679186105728149414e+00
2.387090921401977539e+00
2.590253114700317383e+00
2.539443254470825195e+00
2.507873773574829102e+00
2.726615190505981445e+00
2.409628868103027344e+00
2.425796985626220703e+00
2.494881868362426758e+00
2.460897445678710938e+00
2.608146905899047852e+00
2.344989538192749023e+00
2.491899013519287109e+00
2.325280189514160156e+00
2.331300497055053711e+00
2.492158651351928711e+00
2.597473144531250000e+00
2.494377613067626953e+00
2.678699016571044922e+00
2.617490768432617188e+00
2.489269971847534180e+00
2.625048398971557617e+00
2.441846847534179688e+00
2.436042547225952148e+00
2.399204492568969727e+00
2.402527570724487305e+00
2.387567281723022461e+00
2.609179496765136719e+00
2.573840618133544922e+00
2.577705144882202148e+00
2.486057996749877930e+00
2.529258251190185547e+00
2.500491619110107422e+00
2.399779796600341797e+00
2.428609371185302734e+00
2.495651006698608398e+00
2.389331340789794922e+00
2.537458658218383789e+00
2.507208347320556641e+00
2.448661804199218750e+00
2.444208860397338867e+00
2.567548274993896484e+00
2.404568433761596680e+00
2.363833189010620117e+00
2.664184093475341797e+00
2.405291318893432617e+00
2.477460861206054688e+00
2.623115539550781250e+00
2.583934068679809570e+00
2.496822595596313477e+00
2.298510074615478516e+00
2.459933757781982422e+00
2.615849018096923828e+00
2.499965906143188477e+00
2.600992679595947266e+00
2.640851497650146484e+00
2.352634668350219727e+00
2.419337272644042969e+00
2.520611047744750977e+00
2.545896768569946289e+00
2.408376932144165039e+00
2.543298959732055664e+00
2.360353469848632812e+00
2.642552375793457031e+00
2.494389772415161133e+00
2.520544528961181641e+00
2.440079689025878906e+00
2.313785314559936523e+00
2.489230155944824219e+00
2.554450750350952148e+00
2.398949623107910156e+00
2.486191511154174805e+00
2.353429555892944336e+00
2.355186939239501953e+00
2.540310859680175781e+00
2.339373588562011719e+00
2.445890188217163086e+00
2.540329694747924805e+00
2.492010354995727539e+00
2.581081867218017578e+00
2.610557794570922852e+00
2.463373184204101562e+00
2.479741096496582031e+00
2.503413915634155273e+00
2.384837865829467773e+00
2.591819286346435547e+00
2.432661294937133789e+00
2.487285852432250977e+00
2.559422492980957031e+00
2.523306846618652344e+00
2.594007492065429688e+00
2.372894525527954102e+00
2.463867902755737305e+00
2.699895858764648438e+00
2.468980789184570312e+00
2.401821613311767578e+00
2.398242712020874023e+00
2.462210893630981445e+00
2.449952840805053711e+00
2.548816680908203125e+00
2.434270620346069336e+00
2.332210779190063477e+00
2.376686573028564453e+00
2.516980886459350586e+00
2.543159246444702148e+00
2.638744115829467773e+00
2.532404899597167969e+00
2.581273794174194336e+00
2.576942205429077148e+00
2.607684135437011719e+00
2.386638402938842773e+00
2.452476739883422852e+00
2.587222099304199219e+00
2.429984807968139648e+00
2.355381965637207031e+00
2.622345685958862305e+00
2.474429845809936523e+00
2.333268165588378906e+00
2.528000831604003906e+00
2.407851696014404297e+00
2.558321714401245117e+00
2.497468233108520508e+00
2.318172693252563477e+00
2.484484910964965820e+00
2.439273118972778320e+00
2.468372583389282227e+00
2.488233566284179688e+00
2.430148363113403320e+00
2.559242248535156250e+00
2.584075212478637695e+00
2.399341344833374023e+00
2.390214681625366211e+00
2.386081218719482422e+00
2.449626922607421875e+00
2.456574440002441406e+00
2.593780755996704102e+00
2.486375093460083008e+00
2.409304380416870117e+00
2.327048301696777344e+00
2.453582048416137695e+00
2.434949636459350586e+00
2.575997591018676758e+00
2.568847656250000000e+00
2.501602888107299805e+00
2.475742101669311523e+00
2.324904441833496094e+00
2.467267036437988281e+00
2.444550514221191406e+00
2.543637990951538086e+00
2.633090257644653320e+00
2.406749486923217773e+00
2.554751873016357422e+00
2.382262468338012695e+00
2.604621648788452148e+00
2.572936296463012695e+00
2.595215559005737305e+00
2.474171638488769531e+00
2.451953411102294922e+00
2.553227186203002930e+00
2.441706418991088867e+00
2.543166399002075195e+00
2.549857616424560547e+00
2.575627326965332031e+00
2.674206495285034180e+00
2.584718465805053711e+00
2.552796602249145508e+00
2.497647523880004883e+00
2.409123182296752930e+00
2.426315069198608398e+00
2.534906625747680664e+00
2.377043485641479492e+00
2.541833877563476562e+00
2.504598855972290039e+00
2.338372230529785156e+00
2.421005725860595703e+00
2.589065074920654297e+00
2.588790893554687500e+00
2.681985616683959961e+00
2.397741317749023438e+00
2.460403203964233398e+00
2.406721353530883789e+00
2.576370239257812500e+00
2.566884040832519531e+00
2.410768032073974609e+00
2.512944698333740234e+00
2.346543312072753906e+00
2.540886402130126953e+00
2.487503767013549805e+00
2.560272455215454102e+00
2.408285140991210938e+00
2.628225564956665039e+00
2.528902530670166016e+00
2.525106191635131836e+00
2.381886243820190430e+00
2.367682218551635742e+00
2.684057950973510742e+00
2.406410455703735352e+00
2.447178840637207031e+00
2.451776266098022461e+00
2.510633230209350586e+00
2.594965219497680664e+00
2.462834596633911133e+00
2.458369731903076172e+00
2.632880926132202148e+00
2.484279632568359375e+00
2.568213462829589844e+00
2.390090227127075195e+00
2.392188549041748047e+00
2.314815282821655273e+00
2.610040426254272461e+00
2.508493423461914062e+00
2.479577779769897461e+00
2.645031690597534180e+00
2.513418912887573242e+00
2.432905673980712891e+00
2.417452096939086914e+00
2.548871278762817383e+00
2.605504989624023438e+00
2.447131156921386719e+00
2.495830297470092773e+00
2.512665271759033203e+00
2.334667205810546875e+00
2.639844655990600586e+00
2.441966056823730469e+00
2.426053047180175781e+00
2.455230712890625000e+00
2.609080076217651367e+00
2.431518554687500000e+00
2.600376605987548828e+00
2.527117967605590820e+00
2.335291147232055664e+00
2.455265760421752930e+00
2.483633041381835938e+00
2.527668714523315430e+00
2.349228382110595703e+00
2.490789175033569336e+00
2.578156709671020508e+00
2.423522233963012695e+00
2.504422664642333984e+00
2.471161842346191406e+00
2.470379114151000977e+00
2.558683633804321289e+00
2.379945755004882812e+00
2.640766620635986328e+00
2.469465494155883789e+00
2.319017648696899414e+00
2.474730253219604492e+00
2.745337247848510742e+00
2.454412698745727539e+00
2.488691806793212891e+00
2.394338369369506836e+00
2.562537193298339844e+00
2.470833539962768555e+00
2.481895208358764648e+00
2.485807657241821289e+00
2.555884599685668945e+00
2.543967485427856445e+00
2.463380098342895508e+00
2.604517221450805664e+00
2.562772750854492188e+00
2.581117630004882812e+00
2.345103263854980469e+00
2.525857210159301758e+00
2.565583229064941406e+00
2.436305522918701172e+00
2.491960287094116211e+00
2.381327390670776367e+00
2.518569231033325195e+00
2.299380779266357422e+00
2.473418474197387695e+00
2.429337978363037109e+00
2.431528091430664062e+00
2.466904640197753906e+00
2.363807439804077148e+00
2.443413019180297852e+00
2.464808225631713867e+00
2.602565526962280273e+00
2.438496589660644531e+00
2.598801136016845703e+00
2.515701532363891602e+00
2.340120077133178711e+00
2.505855083465576172e+00
