-5.382361223382758908e-13
8.588130206987898418e-13
-3.087530231482560339e-13
1.958433415438776137e-12
3.654299085553702753e-13
1.250333170332851296e-12
-2.554623179662485200e-13
3.357869537978785957e-13
4.409528298054965489e-12
8.886225089099752950e-13
4.033995359975506290e-13
1.354472090042690979e-14
1.536937244139835457e-12
5.154210391822289239e-13
3.319788888234143087e-12
9.500844555532239610e-12
5.517197809723484170e-12
1.995237308705100077e-12
6.729006241101842534e-12
3.983979812716142987e-12
1.837474616905865332e-12
1.699529406096189632e-12
1.932287663208853701e-12
1.535604976510285269e-12
2.449374036928020359e-12
3.730904474252838554e-13
1.514177672135019748e-12
-2.299271883998699195e-13
6.547540287726860697e-13
5.185019080755637333e-12
1.007471883696098303e-12
5.862532681533139112e-13
4.025280109232198811e-12
1.115163517084738487e-12
1.775468660980550339e-12
6.856182288572654215e-13
-3.068656440063932678e-13
1.310507258267534780e-12
-7.555067682574190258e-13
1.936228954946273006e-13
1.380784375726307189e-11
1.036948304999896209e-12
7.778777622036159300e-13
1.269262472902710215e-12
1.198097177024237681e-12
4.159339539455686463e-12
2.247257935295010611e-12
2.013944566670033964e-12
-1.127431481506846467e-12
4.041045276181876034e-12
2.204236793090785795e-12
1.497302282160717368e-12
1.583733144627785805e-13
-9.928724509222774941e-13
-4.960476474025199423e-13
1.237343560944736964e-13
1.731781384961550430e-12
1.582195485738679963e-11
4.814371123984528822e-12
1.007638417149792076e-12
2.921718422754793210e-12
-1.529887327933465713e-13
8.588074695836667161e-12
3.908484647041632343e-12
2.192906967124486073e-11
4.919342710962837373e-12
8.429701381373888580e-12
5.549449788588844967e-13
2.799815934650951021e-12
3.232414336196143267e-13
1.111111203044856666e-12
4.924005647666263030e-12
1.674771432647048641e-13
1.236816205008040015e-11
1.243699587760715985e-11
8.160139230994900572e-15
4.397426867086551283e-12
5.898115329472375379e-12
7.432221504899416686e-12
1.628086554461560809e-12
1.464466325984403738e-10
1.637240343299595224e-11
4.966083100299556463e-12
6.965555909843601512e-11
-7.395195567028167716e-13
1.729522081106438236e-11
5.307587702674254615e-12
1.681815797738295259e-11
2.703171020357331145e-12
1.691424778016425989e-13
4.685638543833192671e-10
2.850369940077257525e-11
3.163691530971846078e-12
-1.440625396753603127e-12
1.097766322288862284e-11
9.818562629604343783e-11
5.629052779454468691e-12
2.676914245824946192e-12
1.020455941969089508e-11
4.886036020224082677e-12
4.139466547314896161e-13
