1.364000000000000000e+03
4.290000000000000000e+02
3.190000000000000000e+02
6.940000000000000000e+02
3.860000000000000000e+02
5.290000000000000000e+02
6.610000000000000000e+02
3.310000000000000000e+02
9.080000000000000000e+02
4.850000000000000000e+02
7.050000000000000000e+02
6.600000000000000000e+02
5.720000000000000000e+02
1.081000000000000000e+03
8.150000000000000000e+02
1.616000000000000000e+03
6.060000000000000000e+02
9.360000000000000000e+02
8.710000000000000000e+02
8.150000000000000000e+02
6.820000000000000000e+02
8.810000000000000000e+02
7.660000000000000000e+02
4.460000000000000000e+02
4.320000000000000000e+02
6.600000000000000000e+02
4.620000000000000000e+02
7.050000000000000000e+02
6.260000000000000000e+02
6.170000000000000000e+02
7.600000000000000000e+02
5.730000000000000000e+02
5.180000000000000000e+02
3.530000000000000000e+02
7.490000000000000000e+02
9.790000000000000000e+02
7.650000000000000000e+02
6.810000000000000000e+02
6.940000000000000000e+02
3.200000000000000000e+02
4.590000000000000000e+02
3.410000000000000000e+02
6.280000000000000000e+02
6.200000000000000000e+02
1.267000000000000000e+03
8.700000000000000000e+02
3.310000000000000000e+02
1.015000000000000000e+03
9.290000000000000000e+02
9.940000000000000000e+02
6.280000000000000000e+02
7.510000000000000000e+02
7.150000000000000000e+02
8.250000000000000000e+02
7.710000000000000000e+02
7.700000000000000000e+02
1.180000000000000000e+03
2.980000000000000000e+02
8.140000000000000000e+02
1.145000000000000000e+03
6.940000000000000000e+02
6.290000000000000000e+02
5.940000000000000000e+02
6.610000000000000000e+02
5.910000000000000000e+02
1.224000000000000000e+03
9.470000000000000000e+02
4.820000000000000000e+02
4.520000000000000000e+02
4.490000000000000000e+02
5.610000000000000000e+02
1.068000000000000000e+03
5.620000000000000000e+02
1.073000000000000000e+03
3.640000000000000000e+02
4.470000000000000000e+02
4.660000000000000000e+02
7.630000000000000000e+02
6.810000000000000000e+02
1.130000000000000000e+03
8.740000000000000000e+02
4.410000000000000000e+02
5.510000000000000000e+02
1.148000000000000000e+03
5.610000000000000000e+02
4.830000000000000000e+02
3.420000000000000000e+02
5.620000000000000000e+02
3.850000000000000000e+02
5.390000000000000000e+02
5.510000000000000000e+02
1.064000000000000000e+03
7.530000000000000000e+02
8.480000000000000000e+02
7.220000000000000000e+02
7.150000000000000000e+02
5.170000000000000000e+02
5.720000000000000000e+02
3.730000000000000000e+02
8.700000000000000000e+02
9.920000000000000000e+02
