4.627338770509746846e-01 5.035062990801199012e-01 1.850570104269511962e+00 2.663080044444978145e-01 8.397114596307274637e-01 2.785714234128248146e-01 9.964318527172832951e-01 -6.399917742048728542e-01 -2.789210491249694435e-03 1.162419406547589684e+00
4.594153945264878303e-01 5.009441413278049593e-01 1.847659148615270697e+00 2.532591562539213692e-01 8.280769512948445987e-01 2.786564379161499683e-01 9.899461947529325512e-01 -6.337741107547025798e-01 -1.786795806915376580e-02 1.168050382106437635e+00
4.564325276612527515e-01 4.986731092005227683e-01 1.844860740879374905e+00 2.407146790317647722e-01 8.169277996396020480e-01 2.786777439560490510e-01 9.837360320968031591e-01 -6.274250839944433000e-01 -3.184539009265752868e-02 1.173321357352301142e+00
4.537383559678391798e-01 4.966802650620120718e-01 1.842180560364770514e+00 2.286643857110991218e-01 8.062433078882625948e-01 2.786181289958652996e-01 9.778102846025980011e-01 -6.209904040514089285e-01 -4.482959167982968063e-02 1.178239043804072850e+00
4.512965007818546259e-01 4.949370999494127066e-01 1.839619831326698263e+00 2.170981158404418354e-01 7.960258645492597207e-01 2.784837093980324640e-01 9.721472884989648122e-01 -6.145278096089403785e-01 -5.689840844430878175e-02 1.182825712350631608e+00
4.490721432104672894e-01 4.934095071425753654e-01 1.837187248105693893e+00 2.059902120616745602e-01 7.862758967677865307e-01 2.782807224093722387e-01 9.667350754901070653e-01 -6.080464988196465637e-01 -6.813948710915752882e-02 1.187087977545146611e+00
4.470648470008813380e-01 4.920943220239780147e-01 1.834892241015196435e+00 1.953115642702514532e-01 7.769658446877417690e-01 2.780157547716143318e-01 9.615572678073810442e-01 -6.015913510955566146e-01 -7.862588509638628043e-02 1.191033460219771190e+00
4.452193541594738346e-01 4.909540063980185054e-01 1.832718678737599527e+00 1.850638623464557764e-01 7.680910509340066472e-01 2.776853913064974977e-01 9.566065832931399671e-01 -5.951820307920390185e-01 -8.842072339037131135e-02 1.194691825204994062e+00
4.435325016885156013e-01 4.899948639962861119e-01 1.830662610882867636e+00 1.752221145645443123e-01 7.596176282966232707e-01 2.772758333460279001e-01 9.518926711276478603e-01 -5.888446645326380624e-01 -9.757989022205129648e-02 1.198072518029228206e+00
4.419792031486102224e-01 4.891730138613076262e-01 1.828718273247052162e+00 1.657590280483301204e-01 7.515383124776798818e-01 2.767956534536227253e-01 9.474041249717854996e-01 -5.825770738529288950e-01 -1.061718034716887943e-01 1.201195534563136880e+00
4.637465643466829879e-01 5.090311397045060859e-01 1.855582732302886839e+00 2.794672272448514017e-01 8.585505323773624520e-01 2.800357141097331026e-01 1.008356419728751563e+00 -6.417301620101015791e-01 2.296984155944259073e-02 1.155373676097003699e+00
4.602710643082136288e-01 5.056997878764910581e-01 1.852467174765723756e+00 2.663502252387374147e-01 8.463590292430441808e-01 2.800589364127163416e-01 1.001238792429762769e+00 -6.362563425749633295e-01 6.011735143747219678e-03 1.161357575273932463e+00
4.571240345528969629e-01 5.027183131496386626e-01 1.849443874196702753e+00 2.536998979508174323e-01 8.346395325233747498e-01 2.800431246542198771e-01 9.944385466296198350e-01 -6.305296339087950175e-01 -9.682577084989789015e-03 1.166998286451015998e+00
4.542858836275395218e-01 5.000690354046024577e-01 1.846539615458808958e+00 2.414938215274521072e-01 8.233997668252978075e-01 2.799820298858682333e-01 9.879424564398446851e-01 -6.246128815443363624e-01 -2.421753404288232506e-02 1.172289528366092570e+00
4.517101835906770502e-01 4.977187959326077049e-01 1.843762442359859532e+00 2.297324878446782292e-01 8.126349167960755793e-01 2.798644883411208206e-01 9.817417755181728767e-01 -6.185625040710104328e-01 -3.770774028384490939e-02 1.177236820075648449e+00
4.493631991742200182e-01 4.956472424894335371e-01 1.841102663312691901e+00 2.184189783761230075e-01 8.023279613572846802e-01 2.796838471965180650e-01 9.758298918457413151e-01 -6.124410636908435013e-01 -5.023730526179619876e-02 1.181871138524977161e+00
4.472327849898346530e-01 4.938267788819321047e-01 1.838584980806720948e+00 2.075169051439486878e-01 7.924739337878343726e-01 2.794596255862422107e-01 9.701813994933538021e-01 -6.062399046053980056e-01 -6.190662890058689499e-02 1.186180940661700545e+00
4.452927547682950515e-01 4.922528381387675789e-01 1.836195702398922602e+00 1.970217796473653360e-01 7.830524173348111239e-01 2.791631220417073456e-01 9.647968581624266626e-01 -6.000594389101838733e-01 -7.277494105681099612e-02 1.190188939886411168e+00
4.435041082410605684e-01 4.908668294374121666e-01 1.833925541636489243e+00 1.869339047924047648e-01 7.740651972143038906e-01 2.788099763525868635e-01 9.596555361051579691e-01 -5.938876514530005979e-01 -8.291654374235955804e-02 1.193925578434055224e+00
4.418662246112655123e-01 4.896763425558323668e-01 1.831785802524612761e+00 1.772152311091095278e-01 7.654835202936177696e-01 2.783908281151802333e-01 9.547593050069324017e-01 -5.877546058372771220e-01 -9.240565935036777756e-02 1.197377535343733257e+00
4.639458060689092833e-01 5.180347839136523191e-01 1.861713521648185488e+00 2.918777033998579684e-01 8.795585023050744855e-01 2.823652785498164119e-01 1.023253233965397913e+00 -6.407587670740225727e-01 5.520820923785568074e-02 1.147464767739802882e+00
4.603635803271958205e-01 5.136739483479080270e-01 1.858396942694481302e+00 2.789446194333426443e-01 8.667884744367356786e-01 2.822302980297472508e-01 1.015312065521866147e+00 -6.363557603949436814e-01 3.584881652302016747e-02 1.153757803402733151e+00
4.571321501538671006e-01 5.097557613248069330e-01 1.855156711186171314e+00 2.663813977276616174e-01 8.544777963982179703e-01 2.821027600081125741e-01 1.007730090516899102e+00 -6.315602482314498500e-01 1.797344184728320166e-02 1.159723953766164550e+00
4.541994977889521334e-01 5.062333358934171246e-01 1.852005737420798770e+00 2.542009952087722624e-01 8.426287444714781749e-01 2.819481308688017718e-01 1.000514310188288292e+00 -6.264452866268717113e-01 1.441845954259281162e-03 1.165370641139330754e+00
4.515415390306225518e-01 5.030863309872735112e-01 1.848975242199264457e+00 2.424038893536825112e-01 8.312430370470524910e-01 2.817734478123491981e-01 9.936358050269663567e-01 -6.210607202005006267e-01 -1.386326100498737161e-02 1.170686640717731875e+00
4.491294075992968704e-01 5.002791994332462799e-01 1.846066046836672303e+00 2.309951489699866300e-01 8.203350066161909648e-01 2.815707555190832267e-01 9.870717473350733018e-01 -6.155062139424772871e-01 -2.805087763392130618e-02 1.175684018531887975e+00
4.469320642662905074e-01 4.977776210139986390e-01 1.843292237631642072e+00 2.199643949689473743e-01 8.098954923672432304e-01 2.813301115946399977e-01 9.808126904055903816e-01 -6.098114708910494786e-01 -4.122268663586264176e-02 1.180365666380618794e+00
4.449226618539479094e-01 4.955729987804430858e-01 1.840644887315646905e+00 2.093177282402907680e-01 7.998844414793165880e-01 2.810365903962215861e-01 9.748603382058049771e-01 -6.040170680890375454e-01 -5.347202808057861106e-02 1.184750633246030471e+00
4.430707030124280688e-01 4.936186902934325271e-01 1.838135146689466870e+00 1.990476991206036883e-01 7.903270718796093774e-01 2.806956869455961012e-01 9.691870159210848046e-01 -5.981655679252800839e-01 -6.487699968051484356e-02 1.188839391180837923e+00
4.413791723374790310e-01 4.919216098630970202e-01 1.835767693029711101e+00 1.891349716263191205e-01 7.811756689102477003e-01 2.803122140907849391e-01 9.637783581599271843e-01 -5.922860454245543194e-01 -7.551571178893731751e-02 1.192639718035688690e+00
4.627628382581057132e-01 5.313614931899688365e-01 1.868840964164823815e+00 3.027044863809618125e-01 9.026854012333468402e-01 2.857392721990826279e-01 1.041826237351924256e+00 -6.360619247978190893e-01 9.523424131731571263e-02 1.138977413166559094e+00
4.592237706965492938e-01 5.257009506301758561e-01 1.865379630847391557e+00 2.902457785040434279e-01 8.893463707699315046e-01 2.853028860712114034e-01 1.032887964866017416e+00 -6.331215871748326895e-01 7.291258150799007076e-02 1.145476908662242721e+00
4.560004755379161168e-01 5.205659258418008362e-01 1.861938984859687896e+00 2.780463762261307648e-01 8.764292267202097308e-01 2.849420630046400893e-01 1.024348298018056935e+00 -6.296019270189125994e-01 5.231224867629542113e-02 1.151709703294797382e+00
4.530791319557374575e-01 5.159151520508222788e-01 1.858562815757426767e+00 2.661193766786397186e-01 8.639587345643010563e-01 2.846033999024490391e-01 1.016228322213328594e+00 -6.255992363840363613e-01 3.328610707398813734e-02 1.157649419279800584e+00
4.504298155941503512e-01 5.117190957821579067e-01 1.855270647325844680e+00 2.544891143063087724e-01 8.519404549007022487e-01 2.842880336188883250e-01 1.008486834107309660e+00 -6.212092787819256667e-01 1.569882494820111149e-02 1.163300013210588624e+00
4.479963528728148625e-01 5.079506810243907822e-01 1.852087898679497302e+00 2.431874122362281121e-01 8.403777827905055675e-01 2.839752990532676824e-01 1.001117460512846780e+00 -6.164887817339695930e-01 -5.773122682935341631e-04 1.168647489826194263e+00
4.457817994811933970e-01 5.045766044951111029e-01 1.849031072768237971e+00 2.322044808040295560e-01 8.292721582708387773e-01 2.836442137370215333e-01 9.941098267725644311e-01 -6.115222219567630901e-01 -1.565827955021601228e-02 1.173687837506589782e+00
4.437606874808115442e-01 5.015451057736701745e-01 1.846103096703757718e+00 2.215406885966277883e-01 8.186333899285994642e-01 2.832942885894866314e-01 9.874409616205837015e-01 -6.063530816197036932e-01 -2.965190810659729809e-02 1.178434882010926055e+00
4.419106452047860678e-01 4.988487747037463338e-01 1.843311117769666163e+00 2.112096704881817610e-01 8.084343548471483176e-01 2.829214997039770085e-01 9.810888939962558730e-01 -6.010445619256732375e-01 -4.265189324383473340e-02 1.182892848648858575e+00
4.402125462331876182e-01 4.964479881877216783e-01 1.840660756857667835e+00 2.012000768683759599e-01 7.986795314637423759e-01 2.825164778827981560e-01 9.750431966488193325e-01 -5.956260993081857746e-01 -5.474628207012515596e-02 1.187063926746703135e+00
4.595410334889269421e-01 5.497577691889631302e-01 1.876548800285112284e+00 3.111025025942258382e-01 9.277502889294481081e-01 2.900976380817789635e-01 1.064892241633974779e+00 -6.266900381051633273e-01 1.442444261900794333e-01 1.130410611488098294e+00
4.561869503890162991e-01 5.425458335537916010e-01 1.873077995494847992e+00 2.995065188749566620e-01 9.138429996086318008e-01 2.892337316216058718e-01 1.054800765212940750e+00 -6.255589841563899967e-01 1.184121675026234277e-01 1.136969364790524351e+00
4.531314402309207234e-01 5.359449752450431426e-01 1.869535856042836119e+00 2.880007587079184139e-01 9.003267838788264754e-01 2.884918074035862645e-01 1.045163942410285429e+00 -6.237008105319444828e-01 9.455046192471087962e-02 1.143335394640606850e+00
4.503395328714440149e-01 5.299281095702621514e-01 1.865988591416885223e+00 2.766414766630136968e-01 8.872086871655665563e-01 2.878442252212086716e-01 1.035974277614930550e+00 -6.211846237235908452e-01 7.250486183031236431e-02 1.149476016567565928e+00
4.477891872123764827e-01 5.244485917092778227e-01 1.862478926542655788e+00 2.654606223581930102e-01 8.745324597967779612e-01 2.872781542502240160e-01 1.027209557545937013e+00 -6.181051668458421577e-01 5.212893488834735578e-02 1.155369037195378201e+00
4.454614550913718607e-01 5.194742507379734864e-01 1.859040028608839767e+00 2.544921351166580248e-01 8.623012591341961963e-01 2.867639925093135034e-01 1.018862441759527115e+00 -6.145532805412354804e-01 3.328531689131239424e-02 1.161003119676544459e+00
4.433341270281128121e-01 5.149677810331756422e-01 1.855701346340283608e+00 2.437530241390991892e-01 8.505331706074702458e-01 2.862827359053974341e-01 1.010912311134176456e+00 -6.106195366804394453e-01 1.584484182914109099e-02 1.166361381021692400e+00
4.413918019935033077e-01 5.109113048245861322e-01 1.852479506359870243e+00 2.332652812080281690e-01 8.392005362530785550e-01 2.858078798366017748e-01 1.003359141757630635e+00 -6.063590951334281165e-01 -3.175576396920397858e-04 1.171439357036131446e+00
4.396037349470929279e-01 5.072543637470745548e-01 1.849383433396823317e+00 2.230447802702058002e-01 8.283214020247436915e-01 2.853300891210850954e-01 9.961807123261411379e-01 -6.018401172533281995e-01 -1.530776679392374315e-02 1.176242754520155254e+00
4.379581094526118767e-01 5.039709582022690038e-01 1.846427353902265756e+00 2.130965013064183011e-01 8.178868030093837671e-01 2.848510255083589460e-01 9.893506910065362758e-01 -5.971032017399462433e-01 -2.922859734470614063e-02 1.180767957229479137e+00
4.538747941548448850e-01 5.739311104667852437e-01 1.884094338783140588e+00 3.161402880839119800e-01 9.541797831427736298e-01 2.947855737728475312e-01 1.093481956270541344e+00 -6.121270229119343265e-01 2.030334559118883719e-01 1.122471102866730019e+00
4.508702813796975351e-01 5.649480353395359700e-01 1.880830833828908366e+00 3.058307850762488345e-01 9.397736396582996310e-01 2.933531439053033707e-01 1.082194652217127739e+00 -6.131324307186691858e-01 1.732809352533297431e-01 1.128888735948093247e+00
4.481048877287316379e-01 5.566543436282931356e-01 1.877365478130061272e+00 2.954283757664384336e-01 9.256918308727373201e-01 2.921336831897010100e-01 1.071349456751475637e+00 -6.132220483404620115e-01 1.457035578497931083e-01 1.135217587190323618e+00
4.455718557812244351e-01 5.490227313808914156e-01 1.873778362417069854e+00 2.849969620597555542e-01 9.119690491823737588e-01 2.910755706915779117e-01 1.060966954045375887e+00 -6.125098525527893356e-01 1.201608638233246373e-01 1.141411898223436472e+00
4.432558632122747810e-01 5.420048379742177236e-01 1.870135168769362810e+00 2.745877085392073869e-01 8.986522283400812938e-01 2.901400128280818280e-01 1.051056711252965847e+00 -6.110793770961522320e-01 9.651338862425989928e-02 1.147436278983673175e+00
4.411428209544662749e-01 5.355823599686411196e-01 1.866496886779154707e+00 2.642486714934126346e-01 8.857540500910653369e-01 2.893100912487095444e-01 1.041600829028639597e+00 -6.090261586536702687e-01 7.462175808689532064e-02 1.153255437827376495e+00
4.392030164473516574e-01 5.297324085023074058e-01 1.862906754810730536e+00 2.540350718031400556e-01 8.732753253751943667e-01 2.885706789827567897e-01 1.032579444220598885e+00 -6.064327602429082642e-01 5.435022910012625441e-02 1.158849859008098226e+00
4.374226469709061038e-01 5.243878092660707591e-01 1.859397617582404960e+00 2.439643587725190688e-01 8.612606389527905915e-01 2.878735962646409297e-01 1.024001097392416737e+00 -6.033832481157103134e-01 3.557018042202687164e-02 1.164196560171624650e+00
4.358061086838013187e-01 5.195464646244510876e-01 1.855988067144929587e+00 2.340592236432542661e-01 8.496675106648957643e-01 2.872336717470619916e-01 1.015829846684994431e+00 -5.999354812936131820e-01 1.815597044423284540e-02 1.169304054837804419e+00
4.343196324728310631e-01 5.151482414665076170e-01 1.852698132910877593e+00 2.243463684575481287e-01 8.385291712944297204e-01 2.866088500094347014e-01 1.008069419943360634e+00 -5.961549474999900955e-01 2.002810608931758149e-03 1.174155469060629287e+00
4.450317830488308979e-01 6.049163425852271958e-01 1.890679665787292407e+00 3.175604868562288963e-01 9.808185237341547902e-01 2.993777794847451990e-01 1.127753416478548765e+00 -5.923903459428111473e-01 2.716799843392924130e-01 1.115807092674441003e+00
4.425231593461603774e-01 5.940564314254371814e-01 1.887975648602517875e+00 3.089468471420409035e-01 9.659797556816919206e-01 2.973465164015799966e-01 1.115332826835323754e+00 -5.956160759175723740e-01 2.378620405707907171e-01 1.121838231981379552e+00
4.401910609816890863e-01 5.839189843469391183e-01 1.884866437976698172e+00 3.000430570413855635e-01 9.514042891010175973e-01 2.955452492599020542e-01 1.103335266295136785e+00 -5.978583214178712080e-01 2.063214349529917668e-01 1.127913401263371140e+00
4.380516426859599743e-01 5.744925155387882176e-01 1.881469499520615596e+00 2.909106359075656068e-01 9.371353317456608822e-01 2.939633218506735313e-01 1.091777006913879022e+00 -5.991712006886281694e-01 1.769612738292384579e-01 1.133967755209254635e+00
4.360963837994490389e-01 5.657617179973384314e-01 1.877880328717554281e+00 2.816292706009465019e-01 9.232044433478182599e-01 2.925708254488678106e-01 1.080678511539295616e+00 -5.996290065012085391e-01 1.496712861420538276e-01 1.139949861284929922e+00
4.343002898810138235e-01 5.576987330832219314e-01 1.874183057130662355e+00 2.722687527638774641e-01 9.096582419194517710e-01 2.913383687919776643e-01 1.070027543412557680e+00 -5.993620335299584267e-01 1.243245451319694994e-01 1.145804540881272704e+00
4.326737113281460267e-01 5.502790280302024550e-01 1.870441494832815188e+00 2.628684799170853958e-01 8.965011031801810581e-01 2.902311802191747114e-01 1.059861746853036912e+00 -5.983939977938941279e-01 1.008002474130542392e-01 1.151506231860456753e+00
4.311701123345417219e-01 5.434503645503419023e-01 1.866695785832450882e+00 2.535042230699756649e-01 8.837735060662452735e-01 2.892316751403248842e-01 1.050147901105198844e+00 -5.968393522216909330e-01 7.897205672090432116e-02 1.157037672275059714e+00
4.298057157773853554e-01 5.371834098681389502e-01 1.863007575771782998e+00 2.441821705863296277e-01 8.714839132787083331e-01 2.883230865931311060e-01 1.040884044670671971e+00 -5.947462774126798246e-01 5.871304923015970706e-02 1.162359626186946437e+00
4.285435347759730118e-01 5.314635464418987487e-01 1.859402855242421992e+00 2.349635313273637505e-01 8.596206467558368258e-01 2.874862388943255631e-01 1.032052212830902205e+00 -5.922041972915320640e-01 3.990620488002989685e-02 1.167461737686950274e+00
4.323952000506112170e-01 6.398860215660271411e-01 1.892654348861891878e+00 3.149328914561725368e-01 1.005224320266276061e+00 2.935122857181988176e-01 1.176140567996725173e+00 -5.676721540606207705e-01 3.492847744163753987e-01 1.115289877607935631e+00
4.304541396502754580e-01 6.271158151226403632e-01 1.890641142886909432e+00 3.083763347238576702e-01 9.900144055159759704e-01 2.907167891100680968e-01 1.163129218316524716e+00 -5.730024464584774213e-01 3.116410306956664544e-01 1.120738513647668633e+00
4.286277384512273136e-01 6.150490854039756261e-01 1.888004929590856529e+00 3.013379382960148511e-01 9.750571042737292693e-01 2.882822215782245290e-01 1.150328083969571757e+00 -5.773453783761236524e-01 2.762220094188936881e-01 1.126345099942003269e+00
4.269366345723942247e-01 6.037301752174217828e-01 1.884875318327909222e+00 2.939031485857397374e-01 9.603245399853341802e-01 2.861527150900698424e-01 1.137833501768840794e+00 -5.807127879957461047e-01 2.429985667799206273e-01 1.132058798618360118e+00
4.253723924342754925e-01 5.931360951241954060e-01 1.881371243328300968e+00 2.861520623895351667e-01 9.458864024531407066e-01 2.842723141735701287e-01 1.125709793872412323e+00 -5.831881090777365495e-01 2.119104774919213785e-01 1.137811855272499395e+00
4.239494692432254630e-01 5.832576929385192566e-01 1.877601279091994257e+00 2.781485042345178682e-01 9.317857010980447052e-01 2.826047908419037635e-01 1.114003434211533694e+00 -5.848363839088007721e-01 1.828831103991628848e-01 1.143545088845125068e+00
4.226570822886603351e-01 5.740623862879635775e-01 1.873651776309673611e+00 2.699504074582906865e-01 9.180448216935080952e-01 2.811137659362205055e-01 1.102741594833908101e+00 -5.857078318176006659e-01 1.558163887632586508e-01 1.149221704855411641e+00
4.214759272502290877e-01 5.655382883876095557e-01 1.869594150650903730e+00 2.616294292122578469e-01 9.046680187636640946e-01 2.797852984162229051e-01 1.091933612928384312e+00 -5.858462458378869142e-01 1.306042765671650008e-01 1.154811311194444023e+00
4.203978303136439720e-01 5.576491391298451505e-01 1.865503557667218759e+00 2.532420083504978159e-01 8.917104388451807528e-01 2.785966879105585825e-01 1.081573157603983981e+00 -5.853556855580216434e-01 1.071435623788865310e-01 1.160263211268120820e+00
4.194174452756091465e-01 5.503646063713545367e-01 1.861427598490505986e+00 2.448111119852948159e-01 8.791563702543024883e-01 2.775207325550196891e-01 1.071670060243628653e+00 -5.842753983620485592e-01 8.530775144443494828e-02 1.165561226724227017e+00
4.116653514458681884e-01 6.673781674897667493e-01 1.878880132394095570e+00 3.103809928314805733e-01 1.017940277917396719e+00 2.313147243312533297e-01 1.277371894443348088e+00 -5.361544538844573715e-01 4.339205037480388660e-01 1.141437870905308127e+00
4.101142660976215271e-01 6.529101350424644234e-01 1.876868925454453940e+00 3.062653217850920817e-01 1.002623057598495793e+00 2.285837586640297181e-01 1.264076947822137642e+00 -5.432251449036911151e-01 3.931207619774939044e-01 1.145583267252266113e+00
4.085664021185348438e-01 6.388358504394927584e-01 1.873673317273923722e+00 3.015505628135302651e-01 9.872982090898004826e-01 2.252464886536572342e-01 1.251713078375951138e+00 -5.493173991246028676e-01 3.543067707940527611e-01 1.150541260692873768e+00
4.070282209332822809e-01 6.254037279011390726e-01 1.869720207220866515e+00 2.963433935493274829e-01 9.722439203217246861e-01 2.223073078362881594e-01 1.239448614746118782e+00 -5.544591085549789300e-01 3.175320360975279477e-01 1.155775413985733691e+00
4.055252696541053470e-01 6.127048573508713236e-01 1.865213647355095761e+00 2.907151311186875198e-01 9.575119010294107502e-01 2.198151835672843279e-01 1.227280562570997047e+00 -5.587614876134411324e-01 2.828216144905098539e-01 1.161138168261479420e+00
4.041095403403527908e-01 6.007257777670920174e-01 1.860253159561953806e+00 2.846895433090265715e-01 9.430823846750923112e-01 2.177205246428612906e-01 1.215312609353279782e+00 -5.621558001686437489e-01 2.501518441279711458e-01 1.166631001756485597e+00
4.028143314560783117e-01 5.894894052895396364e-01 1.854977712553654845e+00 2.783161949495823184e-01 9.289838364194134002e-01 2.159305714976977875e-01 1.203640639243411137e+00 -5.647802760257430998e-01 2.194800480403560627e-01 1.172168195395022705e+00
4.015758874461497485e-01 5.789421534235517086e-01 1.849467706171049830e+00 2.716945222043042341e-01 9.152530696348162298e-01 2.144074914094354078e-01 1.192309488616819291e+00 -5.666124547528941235e-01 1.907462165254291964e-01 1.177732792496847036e+00
4.004427319266420371e-01 5.690716828457185184e-01 1.843814956609106215e+00 2.648352642371472609e-01 9.018927453145513251e-01 2.131257516761945747e-01 1.181353448445940924e+00 -5.676975620023090308e-01 1.638634805452469367e-01 1.183287796211577758e+00
3.993715713690038083e-01 5.598610990237794516e-01 1.838092418162208475e+00 2.578250512284820384e-01 8.889200193564610331e-01 2.120189741710115372e-01 1.170817481135160376e+00 -5.681298567087379459e-01 1.387449704878109535e-01 1.188792084190959164e+00
3.655487854697232475e-01 7.314327736117524070e-01 1.877809301525473540e+00 3.267794613344091048e-01 1.023533715766275609e+00 2.388827492440938893e-01 1.314364139738666948e+00 -4.917634730945790733e-01 5.228478235216308390e-01 1.145926963992998093e+00
3.646559789461578105e-01 7.161005888517464335e-01 1.878229812317800063e+00 3.245911063410076292e-01 1.008444608803777287e+00 2.374126561021727977e-01 1.299950887888446038e+00 -5.003818015381442663e-01 4.799288409476994977e-01 1.148138815375598920e+00
3.632955750636969183e-01 7.006856616254918402e-01 1.876991500089468579e+00 3.220581712605570801e-01 9.930181735878828020e-01 2.339814725754940095e-01 1.287331973840528665e+00 -5.079422928992008979e-01 4.385788751379521289e-01 1.151911253452353678e+00
3.619607007292489631e-01 6.857812668980463044e-01 1.874757473378526385e+00 3.189070069648374806e-01 9.778057271353501889e-01 2.307879967524004428e-01 1.274694111986730549e+00 -5.147773313272158147e-01 3.989520061404907003e-01 1.156096397831063660e+00
3.609780387188052941e-01 6.716964617499062706e-01 1.871760727040801209e+00 3.150029596641717444e-01 9.627062681987954562e-01 2.280342339949943120e-01 1.261967855403880456e+00 -5.210497788726253798e-01 3.611390761695657536e-01 1.160494052550407273e+00
3.599729109830297480e-01 6.579759988794077197e-01 1.867786119005342860e+00 3.106267343897423094e-01 9.477645760974315881e-01 2.247129002952349408e-01 1.250146425144539997e+00 -5.264546091434810782e-01 3.252077612346546132e-01 1.165504324618609200e+00
3.589848241909116000e-01 6.449158986616621014e-01 1.863243844892123580e+00 3.058465980263821438e-01 9.331819984620062236e-01 2.218358638243955183e-01 1.238360730184065339e+00 -5.310853781503654947e-01 2.911685807496335321e-01 1.170643274039608439e+00
3.580529708409979639e-01 6.325258097652197709e-01 1.858245798631320778e+00 3.006907011671005603e-01 9.189440091734681904e-01 2.193599299782571233e-01 1.226706560832020232e+00 -5.348918047792375896e-01 2.590262757872721644e-01 1.175896067470182826e+00
3.572293185533799154e-01 6.208176536354517161e-01 1.852921756458542291e+00 2.951707729591321328e-01 9.050811282870880881e-01 2.172335369942269556e-01 1.215255819352054401e+00 -5.379620543172354274e-01 2.287482783694989585e-01 1.181196214735854122e+00
3.564573105294295829e-01 6.097856712532698786e-01 1.847369660357567112e+00 2.893819102704616175e-01 8.915917404903556109e-01 2.153996506717875681e-01 1.204083761939465758e+00 -5.403026730527593635e-01 2.002803776469434527e-01 1.186507843377957672e+00
3.800688822862231531e-01 4.941137998908005646e-01 1.787467902104078465e+00 3.246385314176057912e-01 7.927431889888221228e-01 1.906452403689253838e-01 1.092804432523579283e+00 -6.097953457807500088e-01 -5.734092464096846552e-03 1.214554799208909186e+00
