1.841541573524475098e+03
5.836962821483612061e+02
4.362976970672607422e+02
9.485720229148864746e+02
5.283960845470428467e+02
7.211616985797882080e+02
9.020134358406066895e+02
4.544558532238006592e+02
1.254853510618209839e+03
6.659714646339416504e+02
9.666949090957641602e+02
9.127882404327392578e+02
7.853058764934539795e+02
1.481310239315032959e+03
1.116365924596786499e+03
2.211714238166809082e+03
8.286578643321990967e+02
1.283461378812789917e+03
1.194232309341430664e+03
1.116334718227386475e+03
9.358926050662994385e+02
1.208776759386062622e+03
1.051703357934951782e+03
6.103062074184417725e+02
5.922631497383117676e+02
9.050300118923187256e+02
6.332990298271179199e+02
9.629153764247894287e+02
8.685039906501770020e+02
8.462732450962066650e+02
1.039041942834854126e+03
7.859145064353942871e+02
7.110868158340454102e+02
4.856422791481018066e+02
1.026933930397033691e+03
1.345115808963775635e+03
1.048732140064239502e+03
9.356089293956756592e+02
9.517233722209930420e+02
4.387503895759582520e+02
6.334667341709136963e+02
4.690727806091308594e+02
8.626763207912445068e+02
8.506114940643310547e+02
1.732782792806625366e+03
1.191427733898162842e+03
4.533156888484954834e+02
1.393910631656646729e+03
1.276922671794891357e+03
1.367975289344787598e+03
8.609701728820800781e+02
1.033351011753082275e+03
9.848215856552124023e+02
1.130902069330215454e+03
1.059894887924194336e+03
1.064095586538314819e+03
1.622037050247192383e+03
4.082998495101928711e+02
1.115460965394973755e+03
1.567523650169372559e+03
9.543616950511932373e+02
8.601143741607666016e+02
8.158857264518737793e+02
9.031781640052795410e+02
8.115077373981475830e+02
1.678673074007034302e+03
1.300815088272094727e+03
6.602628231048583984e+02
6.214084599018096924e+02
6.179558494091033936e+02
7.692412869930267334e+02
1.469884609937667847e+03
7.725058109760284424e+02
1.529737923383712769e+03
5.316481645107269287e+02
6.536215128898620605e+02
6.719870111942291260e+02
1.049510012626647949e+03
9.336738286018371582e+02
1.551302919626235962e+03
1.201868453741073608e+03
6.056455075740814209e+02
7.553458821773529053e+02
1.575984925985336304e+03
7.725670173168182373e+02
6.650113890171051025e+02
4.803917679786682129e+02
7.726332864761352539e+02
5.292028102874755859e+02
7.393332326412200928e+02
7.588283061981201172e+02
1.460977448225021362e+03
1.031756684064865112e+03
1.166182240247726440e+03
9.867740366458892822e+02
9.803760292530059814e+02
7.109091293811798096e+02
7.856860382556915283e+02
5.127891736030578613e+02
1.194281580448150635e+03
1.361463653564453125e+03
