6.029134225845336914e+01
5.967253589630126953e+01
5.989457297325134277e+01
5.980633616447448730e+01
6.019398117065429688e+01
5.977290368080139160e+01
5.987975335121154785e+01
6.006854987144470215e+01
6.031651520729064941e+01
6.018000102043151855e+01
6.007154250144958496e+01
6.266635489463806152e+01
6.010228085517883301e+01
6.025618529319763184e+01
6.036964869499206543e+01
5.981718659400939941e+01
6.026403164863586426e+01
6.033731102943420410e+01
5.995005464553833008e+01
6.007383322715759277e+01
6.017728757858276367e+01
6.017860770225524902e+01
6.024317598342895508e+01
6.009338831901550293e+01
6.023359012603759766e+01
5.991577529907226562e+01
6.021291351318359375e+01
6.014958667755126953e+01
6.019914412498474121e+01
5.999707341194152832e+01
6.034008598327636719e+01
6.005486035346984863e+01
6.027876424789428711e+01
6.013940858840942383e+01
6.044706344604492188e+01
6.007931685447692871e+01
6.029313945770263672e+01
6.055394482612609863e+01
6.025726294517517090e+01
6.035652971267700195e+01
6.016353154182434082e+01
6.041838383674621582e+01
6.038172411918640137e+01
6.007161831855773926e+01
6.016355657577514648e+01
6.022899127006530762e+01
6.019688391685485840e+01
6.018005180358886719e+01
6.023746252059936523e+01
6.007970404624938965e+01
6.044442558288574219e+01
6.036156320571899414e+01
5.997157382965087891e+01
6.034942555427551270e+01
6.036544942855834961e+01
5.997254896163940430e+01
5.998822116851806641e+01
6.030378770828247070e+01
6.014073538780212402e+01
6.021065258979797363e+01
6.022890305519104004e+01
5.998718142509460449e+01
6.024098038673400879e+01
5.999536657333374023e+01
6.030376195907592773e+01
6.018395638465881348e+01
6.027396702766418457e+01
6.003625869750976562e+01
6.044840478897094727e+01
6.036648583412170410e+01
5.994261932373046875e+01
6.038066506385803223e+01
6.030005836486816406e+01
6.016266369819641113e+01
6.362422037124633789e+01
6.455945158004760742e+01
6.296227788925170898e+01
6.009975290298461914e+01
6.035098099708557129e+01
5.984986519813537598e+01
6.037717866897583008e+01
6.033466958999633789e+01
6.008707523345947266e+01
6.012595915794372559e+01
6.033251237869262695e+01
6.008324670791625977e+01
6.107925987243652344e+01
6.027212786674499512e+01
6.031997489929199219e+01
5.994762301445007324e+01
6.020352458953857422e+01
6.005229568481445312e+01
6.013365149497985840e+01
6.033766841888427734e+01
6.014567017555236816e+01
6.014548349380493164e+01
6.000865316390991211e+01
6.016554212570190430e+01
6.044302010536193848e+01
6.032488107681274414e+01
6.006828474998474121e+01
