3.649969215757664642e-12
3.396782854991897693e-12
-1.705302565824240446e-13
3.514966095963245607e-13
1.712519015484303964e-13
7.296940829348841362e-13
2.768674178810215381e-12
6.165623567255806847e-13
4.698907929423512542e-12
7.380540623103115649e-12
4.088396288182138960e-13
3.471167797641783181e-12
1.732780585683713070e-12
1.694588913636607685e-12
1.352307155144671924e-12
-6.480371794737038726e-13
1.994182596831706178e-12
1.446232023027960167e-12
1.124850212974592978e-11
2.755129457909788471e-12
5.381806111870446330e-13
1.005195926495616732e-12
3.808009463313055676e-12
1.226574397605872946e-12
1.409983241273948806e-12
-3.782529844897908333e-13
2.184030734042607946e-12
-9.969802761133905733e-14
1.818101225126156351e-12
1.536992755291066715e-12
2.967071033310730854e-13
1.200317623073487994e-12
1.386168957395739199e-12
3.966271755473371741e-13
7.764899834228344844e-13
3.025135697498626541e-12
8.473777235451507295e-13
-1.634248292248230428e-13
-3.809175197488912090e-13
-4.015676680069191207e-13
7.892353437455312815e-12
-6.135092434078615042e-13
3.160804951107820671e-12
5.739297925799746736e-13
1.099936808302004465e-11
1.243449787580175325e-13
6.829592447132881716e-12
2.799982468104644795e-13
2.238209617644315585e-13
9.118816812758723245e-13
5.811856551574123841e-11
