1.046000000000000000e+03
9.910000000000000000e+02
1.320000000000000000e+03
7.620000000000000000e+02
1.088000000000000000e+03
7.050000000000000000e+02
1.188000000000000000e+03
8.690000000000000000e+02
1.453000000000000000e+03
1.612000000000000000e+03
7.710000000000000000e+02
1.107000000000000000e+03
1.088000000000000000e+03
1.368000000000000000e+03
9.670000000000000000e+02
1.626000000000000000e+03
1.431000000000000000e+03
1.123000000000000000e+03
1.165000000000000000e+03
1.024000000000000000e+03
7.930000000000000000e+02
9.250000000000000000e+02
1.244000000000000000e+03
1.054000000000000000e+03
1.167000000000000000e+03
1.255000000000000000e+03
1.311000000000000000e+03
1.060000000000000000e+03
8.590000000000000000e+02
1.403000000000000000e+03
1.279000000000000000e+03
8.900000000000000000e+02
7.860000000000000000e+02
1.240000000000000000e+03
8.420000000000000000e+02
9.360000000000000000e+02
7.420000000000000000e+02
1.166000000000000000e+03
1.024000000000000000e+03
1.617000000000000000e+03
8.040000000000000000e+02
1.090000000000000000e+03
8.700000000000000000e+02
1.194000000000000000e+03
1.161000000000000000e+03
1.057000000000000000e+03
8.720000000000000000e+02
1.343000000000000000e+03
9.730000000000000000e+02
1.001000000000000000e+03
7.490000000000000000e+02
