3.126198462102859899e-01 5.484028320465491602e-01 1.216229654336625332e+00 3.883489519962127212e-01 8.406576928238469471e-01 -8.580112503655643597e-01 2.242527657576691258e+00 -5.778848270895163841e-01 -2.788969959610758127e-03 1.491899161172343335e+00
3.716749436582251764e-01 4.676574802234910178e-01 1.218431585052503818e+00 3.129892634412281827e-01 8.950317876749999124e-01 -7.753514069647587936e-01 2.161723487251098863e+00 -5.862373299333106802e-01 -1.786738369873666285e-02 1.494111467722761377e+00
4.101564388009581452e-01 5.418895619430211807e-01 1.171874735614290675e+00 2.913848956196737894e-01 8.376372116553643110e-01 -7.456072629066023971e-01 2.136662838815843735e+00 -6.252620023898017854e-01 -3.184705431051575858e-02 1.552458647901655775e+00
4.334399838749696254e-01 5.422415284848136618e-01 1.144964227332998741e+00 2.618022471078573221e-01 8.423850216091284260e-01 -7.350143765822956254e-01 2.128108076354546352e+00 -6.333207830529516968e-01 -4.482614454346571520e-02 1.576208724419027929e+00
3.844382109531842007e-01 4.604652564260880987e-01 1.138508982056792629e+00 2.572782081837256540e-01 9.332095588537879793e-01 -8.205579777231820637e-01 2.207277079841799328e+00 -5.719228593600599320e-01 -5.689719380268673521e-02 1.543252678575587566e+00
1.761702181464472328e-01 3.912891256167636556e-01 1.201682001200943928e+00 3.963273157180342010e-01 9.376863011045777352e-01 -8.801143214085641597e-01 2.249554129154625937e+00 -4.736372249025673220e-01 -6.814035106178745194e-02 1.415552034784126390e+00
5.806811642973493948e-01 4.871117726273428428e-01 1.170005619201635039e+00 1.147941881532672237e-01 8.117116262292666251e-01 -5.058807144115142762e-01 1.906335542137591821e+00 -6.897144198404517867e-01 -7.862152944889770623e-02 1.580075590931326657e+00
3.726047193783726397e-01 2.738981001507455604e-01 1.289229961901218635e+00 1.963229450325452707e-01 9.401996565414159068e-01 -5.023661962308093587e-01 1.872202652941680645e+00 -5.116601243555705114e-01 -8.841965508863787460e-02 1.428575630225414672e+00
4.559669904342969482e-01 4.518169831197658137e-01 1.326231033403927784e+00 1.817437985792392796e-01 7.284943517931514734e-01 -3.124512749264034550e-01 1.680579427723136954e+00 -6.201953842195029321e-01 -9.758213959429723472e-02 1.466247013441731584e+00
5.112511640687215086e-01 3.676995706004995146e-01 1.609940916527885291e+00 9.069615878540210341e-02 7.876323409263447095e-01 1.576279513457201978e-02 1.266596771317586301e+00 -5.880320390670167319e-01 -1.061742479432834785e-01 1.326329586974454022e+00
3.288622865661143257e-01 5.118942293463057958e-01 1.245918453642152590e+00 3.798978206043143180e-01 8.837788397821191300e-01 -8.730344300920891421e-01 2.260379161541208770e+00 -5.724596380125507311e-01 2.296930232921850709e-02 1.477855084596291002e+00
3.097233273312937629e-01 4.820472884410013648e-01 1.226531089314359724e+00 3.717241773211531486e-01 9.180179841226102644e-01 -9.116121942788052435e-01 2.296588735297024009e+00 -5.520038941542434463e-01 6.009095168979844762e-03 1.473428268319358025e+00
3.975428114139819002e-01 5.432993674222500458e-01 1.203527241282887683e+00 3.120064109541627606e-01 8.391074138840883823e-01 -7.564570724397542412e-01 2.148267769998764010e+00 -6.185493789752023464e-01 -9.678911652811976463e-03 1.534072800922059665e+00
3.442342253521032958e-01 5.405405532067307783e-01 1.210650311957818914e+00 3.389022345222890698e-01 8.130331499795189210e-01 -7.387258071436071383e-01 2.129227708372741557e+00 -5.924552475286110065e-01 -2.421792892383553553e-02 1.510074739131464838e+00
3.098839809828893843e-01 4.385002483968017950e-01 1.238003747236168239e+00 3.289127886661438183e-01 8.772856789248124620e-01 -7.174788686399810045e-01 2.102476025528075443e+00 -5.485498451257716512e-01 -3.770680308477106224e-02 1.462214067268806206e+00
4.494649987260380675e-01 4.665876682860200519e-01 1.117373314944688723e+00 2.049630868442963716e-01 9.632928925563682965e-01 -8.306703259535389572e-01 2.220559693449074778e+00 -5.946921255918472538e-01 -5.023863829567556949e-02 1.582926183344649518e+00
4.133976258543309301e-01 5.108433299960110086e-01 1.098331126147610304e+00 2.352646944350420544e-01 9.152661005312783260e-01 -8.249449801911827862e-01 2.215152441866190980e+00 -5.923131962003290729e-01 -6.190094361436302567e-02 1.594988606482801385e+00
6.514588051195330243e-01 4.406565765958777581e-01 1.213003811482579408e+00 4.065694256684339314e-02 8.478361140056762668e-01 -4.525481586764867337e-01 1.849373091943442793e+00 -6.954266001698564681e-01 -7.277288537675513647e-02 1.556621884546631973e+00
6.730747641407276438e-01 4.067533955817242419e-01 1.260104237217383849e+00 1.418985760494658778e-03 8.449300879086273364e-01 -3.779624278453068142e-01 1.765929497844310747e+00 -6.836762911611761195e-01 -8.292557229589703205e-02 1.523503906694479992e+00
3.101701115930676211e-01 4.922781201784294791e-01 1.425436251967185042e+00 2.975889746866748342e-01 6.571923792661082953e-01 -2.297758223646816089e-01 1.572622146207616645e+00 -5.645031088623736482e-01 -9.240581902633085432e-02 1.403809879848306075e+00
3.269775335437433150e-01 5.132174229776577112e-01 1.273184489914598538e+00 3.905846043077816909e-01 8.982286990555132800e-01 -9.101579767481809968e-01 2.302484109161730963e+00 -5.619158855224896110e-01 5.520801692288491297e-02 1.469667949042304356e+00
3.174948980072700988e-01 4.030919998646196878e-01 1.307851652448259516e+00 3.662727544712309768e-01 9.479523473145745616e-01 -8.103646439511963395e-01 2.198818722691769700e+00 -5.411419402935353506e-01 3.584981899644665987e-02 1.421224671418485741e+00
3.882380055156576248e-01 5.484287441387850626e-01 1.218459399225306328e+00 3.257968660554256823e-01 8.654601573021762917e-01 -8.223122331135221952e-01 2.216177458975565617e+00 -6.042972335934319039e-01 1.797338467676038581e-02 1.531411587630336468e+00
3.750169164360898089e-01 5.084082985753116679e-01 1.261264325592801550e+00 3.206961393920639836e-01 8.340545071256724174e-01 -6.867735611442136179e-01 2.079524359363949859e+00 -6.002632078415187644e-01 1.440816070470000423e-03 1.490153560328621341e+00
4.308658616074480530e-01 5.189608946913060183e-01 1.209569107643635899e+00 2.673772577735230027e-01 8.494028119610478322e-01 -6.991737097859300754e-01 2.095453482975885962e+00 -6.244469972585462436e-01 -1.386129687658710016e-02 1.539176109466639186e+00
4.375245439132753322e-01 5.151027221132975509e-01 1.168921865490181178e+00 2.459400108873701640e-01 8.761260735696531077e-01 -7.417579424463091042e-01 2.138407839852026537e+00 -6.180228411193835480e-01 -2.805202066227821880e-02 1.564673915754377420e+00
5.200242031213097027e-01 5.344632687335616472e-01 1.103805311506010467e+00 1.752417608557462203e-01 9.048864506419909137e-01 -7.558204320913113339e-01 2.153960882373358032e+00 -6.554847305791017265e-01 -4.122253601354408659e-02 1.636121725385247361e+00
5.481371372392626062e-01 4.878427445025408371e-01 1.140378875106278889e+00 1.362880476033573873e-01 8.839256807345210465e-01 -6.410766312917400844e-01 2.043769517698512672e+00 -6.595129966366252150e-01 -5.347206743788143757e-02 1.601047595308910720e+00
3.717447148643775456e-01 1.667920092105081020e-01 1.357129265106514771e+00 1.852559778461277673e-01 1.043220086574605743e+00 -4.995954524601571300e-01 1.860295756095676101e+00 -4.727795638072418982e-01 -6.487718494853685069e-02 1.375381755397520722e+00
7.484262740152703985e-01 3.841143326619174680e-01 1.292549756020231699e+00 -7.248599098364731652e-02 8.748362615562937927e-01 -3.428437604599117727e-01 1.727020891695483451e+00 -6.933982977681383275e-01 -7.551458820901948976e-02 1.510046497811305510e+00
3.458600985851151832e-01 5.115621074360822140e-01 1.316732532903353681e+00 3.833316543810729171e-01 9.026391238333509870e-01 -8.826740704592418441e-01 2.283451732441374116e+00 -5.605289200268680494e-01 9.523602925360288851e-02 1.463799853551169372e+00
3.505928061849158395e-01 5.404603649393672216e-01 1.289059594063915570e+00 3.724001222497869135e-01 8.748299500497797032e-01 -8.601548352216471516e-01 2.259900751360358395e+00 -5.735130600324281902e-01 7.291183515255408865e-02 1.486363484694393167e+00
4.216979827276309267e-01 5.158426052767803860e-01 1.260773287056742520e+00 2.985944777011072526e-01 9.033029177290305967e-01 -8.049194799246363052e-01 2.204697678270595596e+00 -6.026839832131344332e-01 5.231310253035402480e-02 1.519743080777827160e+00
4.789586139904633555e-01 4.710745829587115741e-01 1.259561488142790786e+00 2.318103506334540376e-01 9.244616851013125469e-01 -7.233046295811924598e-01 2.122982183199993766e+00 -6.194823797142837707e-01 3.328556476505943607e-02 1.521458046016220811e+00
4.425059131117592970e-01 5.173813481748648080e-01 1.235793575683980627e+00 2.636419437278269551e-01 8.711841744961071887e-01 -7.172313688408162857e-01 2.117178245594675268e+00 -6.218787259962013092e-01 1.569817700559383855e-02 1.535540691133336910e+00
4.446174897843557239e-01 5.407744120494032414e-01 1.211924558536201735e+00 2.590505590635989175e-01 8.438433971920209498e-01 -6.991782298321483902e-01 2.100004980275010258e+00 -6.319089581449673920e-01 -5.773027195039451623e-04 1.554293919383214151e+00
5.334854871839896928e-01 3.706508463805411879e-01 1.271821899465128913e+00 1.278531450433818828e-01 9.545335998460239280e-01 -5.888859557389272137e-01 1.984096882816238194e+00 -6.047154504231015970e-01 -1.565802215558158642e-02 1.493188953371486161e+00
5.191197481890590382e-01 4.412349860342647534e-01 1.253579619083367680e+00 1.563434337670321361e-01 8.720642131738758351e-01 -5.419121705089586793e-01 1.939242848747301240e+00 -6.352323327288917909e-01 -2.965116886929303891e-02 1.518815053787665459e+00
2.846909677919197135e-01 4.785274841047619798e-01 1.365134250360110935e+00 3.395732318072084976e-01 7.430174061072936098e-01 -4.281195883484442688e-01 1.801694234349017210e+00 -5.508905428363968237e-01 -4.265211262283588600e-02 1.418026235374919120e+00
1.686852207723770758e-01 4.674937000592263581e-01 1.482574210020608518e+00 4.098483657787057033e-01 7.053499179716565815e-01 -2.610671019812218496e-01 1.601785154444846038e+00 -4.905214817709607211e-01 -5.474767484467352868e-02 1.353081750134647931e+00
3.094265282709864895e-01 3.826631682486719699e-01 1.503970618476680343e+00 4.026706444759854397e-01 9.454738151757783315e-01 -5.817556084291349849e-01 1.978061900163362585e+00 -5.218888883604517748e-01 1.442442502621782696e-01 1.344416965558147492e+00
3.012600197947022385e-01 4.030819663203391023e-01 1.488965546917741412e+00 4.000477657612555027e-01 9.131348694415716283e-01 -5.561869379637808253e-01 1.948833626958655696e+00 -5.293777667596832881e-01 1.184141953035259404e-01 1.352635923539041052e+00
3.156177164168386673e-01 4.265209027421816845e-01 1.469187949733414156e+00 3.799071654377508822e-01 8.818793247557146220e-01 -5.294753120872167651e-01 1.919911768473630875e+00 -5.451466890163950696e-01 9.455142674825414706e-02 1.368789595014785920e+00
3.262677771138503546e-01 4.186928810566574177e-01 1.439876792047094733e+00 3.566764520578724063e-01 8.848932488016562070e-01 -5.421851620822759621e-01 1.932386098310833189e+00 -5.479022792153492860e-01 7.250453819884009055e-02 1.383224128929350316e+00
3.682712802975754429e-01 3.991694012489963028e-01 1.399102121384414588e+00 3.047677632228254496e-01 9.093575753261261552e-01 -5.674596011074147794e-01 1.959831002839219405e+00 -5.567196420438828008e-01 5.213169303181838105e-02 1.408023052769374450e+00
3.315895384275940883e-01 4.684913443041866521e-01 1.369346062955560273e+00 3.385823454281587930e-01 8.348129891067759267e-01 -5.722288489678133416e-01 1.965429923722796568e+00 -5.633884995047391264e-01 3.328413548053152371e-02 1.426653584248624984e+00
1.774961803571608043e-01 4.366090429927699801e-01 1.465804219146952247e+00 4.425198690725081763e-01 8.024312000387071597e-01 -4.413282422134555683e-01 1.810368250260753431e+00 -4.931542816280733432e-01 1.584518786871386836e-02 1.344627593173335134e+00
9.199388111908640697e-02 4.368364689816392477e-01 1.523959179148434817e+00 4.954933364725380707e-01 7.752069603036646495e-01 -3.285501223348856192e-01 1.678626328255116817e+00 -4.540555149811458802e-01 -3.166614866098858318e-04 1.313668050204260140e+00
1.994868581600682256e-01 4.601273952960898139e-01 1.473601158128301725e+00 4.070072306060880662e-01 7.517753434487127739e-01 -3.390228045126533196e-01 1.698217252967687996e+00 -5.054521918163364935e-01 -1.530727046597983067e-02 1.356038702972240939e+00
2.522563923138037567e-01 3.658055734694355410e-01 1.377993055349132634e+00 3.378516232624213522e-01 8.678767311471495827e-01 -4.900326652977943231e-01 1.864682742761335055e+00 -5.008038945149965171e-01 -2.923062614444162099e-02 1.390434084784547109e+00
3.182636063894450085e-01 -9.113468720731013883e-01 -1.192233834922039160e+00 4.623898379348702070e-01 -9.492029388343187213e-01 9.494562730396252093e-01 3.630921872270781670e+00 -5.120597518021408057e-01 2.030360677818542070e-01 9.153521946392962905e-01
