1.435371551275253296e+03
1.367872525215148926e+03
1.820616674661636353e+03
1.048868765592575073e+03
1.505786205530166626e+03
9.700939831733703613e+02
1.715306308984756470e+03
1.272228765964508057e+03
2.084040215253829956e+03
2.237078976631164551e+03
1.113547333478927612e+03
1.621896170616149902e+03
1.577762197732925415e+03
1.967693932056427002e+03
1.383891980648040771e+03
2.349774581432342529e+03
2.050602727651596069e+03
1.609992568731307983e+03
1.666229244947433472e+03
1.469172682046890259e+03
1.137241075515747070e+03
1.335344581127166748e+03
1.796300009012222290e+03
1.510617192745208740e+03
1.683012915611267090e+03
1.820027327537536621e+03
1.928140048503875732e+03
1.533039230108261108e+03
1.241819288253784180e+03
2.034927384614944458e+03
1.848075466871261597e+03
1.293531800270080566e+03
1.135258922338485718e+03
1.795046456336975098e+03
1.225578936338424683e+03
1.355020748376846313e+03
1.063660462856292725e+03
1.683795626401901245e+03
1.468295330047607422e+03
2.358405945301055908e+03
1.156303932666778564e+03
1.574355086088180542e+03
1.250330648183822632e+03
1.715601944923400879e+03
1.658172547578811646e+03
1.513879775285720825e+03
1.248809468984603882e+03
1.921934106826782227e+03
1.407900630235671997e+03
1.442302690505981445e+03
1.073191689729690552e+03
