6.220006465911865234e+01
6.094408679008483887e+01
6.121392822265625000e+01
6.084288930892944336e+01
6.100985360145568848e+01
6.089379954338073730e+01
6.098979067802429199e+01
6.219476842880249023e+01
6.085574293136596680e+01
6.310368227958679199e+01
6.423801112174987793e+01
6.251519942283630371e+01
6.472532081604003906e+01
6.319671559333801270e+01
6.253402233123779297e+01
6.234109473228454590e+01
6.297900533676147461e+01
6.256637811660766602e+01
6.224437332153320312e+01
6.223904585838317871e+01
6.293208742141723633e+01
6.246007156372070312e+01
6.248887085914611816e+01
6.229487514495849609e+01
6.243281173706054688e+01
6.250476241111755371e+01
6.386072754859924316e+01
6.407698345184326172e+01
6.308764576911926270e+01
6.317367720603942871e+01
6.360567045211791992e+01
6.314069271087646484e+01
6.359766149520874023e+01
6.286212635040283203e+01
6.285213232040405273e+01
6.319106578826904297e+01
6.257299709320068359e+01
6.212497949600219727e+01
6.252341938018798828e+01
6.255846071243286133e+01
6.401211500167846680e+01
6.217809009552001953e+01
6.290588188171386719e+01
6.213190865516662598e+01
6.249283862113952637e+01
6.242377400398254395e+01
6.250674581527709961e+01
6.264766764640808105e+01
6.283275461196899414e+01
6.263070917129516602e+01
6.291265439987182617e+01
