5.929770684242248535e+01
5.980290317535400391e+01
5.963820004463195801e+01
5.969660329818725586e+01
5.944985866546630859e+01
5.870707821846008301e+01
5.942867946624755859e+01
5.943600702285766602e+01
5.962464952468872070e+01
5.946560716629028320e+01
5.883626317977905273e+01
5.931719231605529785e+01
5.968597888946533203e+01
5.937313699722290039e+01
5.967680335044860840e+01
5.953579449653625488e+01
5.949484181404113770e+01
5.939654779434204102e+01
5.913910007476806641e+01
5.917185378074645996e+01
5.887139320373535156e+01
5.927227830886840820e+01
5.947644734382629395e+01
5.914074969291687012e+01
5.878046011924743652e+01
5.957646679878234863e+01
5.910580706596374512e+01
5.900199866294860840e+01
5.885966682434082031e+01
5.957030940055847168e+01
5.935171318054199219e+01
5.905069637298583984e+01
5.957736539840698242e+01
5.885146284103393555e+01
5.969851255416870117e+01
5.856786942481994629e+01
5.901280546188354492e+01
5.944497776031494141e+01
5.927416729927062988e+01
5.940083169937133789e+01
5.945075297355651855e+01
5.949004864692687988e+01
5.922897100448608398e+01
5.959878826141357422e+01
5.897696352005004883e+01
5.947707009315490723e+01
5.956540417671203613e+01
5.916185474395751953e+01
5.964510393142700195e+01
5.883536362648010254e+01
5.858148169517517090e+01
5.930695533752441406e+01
5.945148730278015137e+01
5.963032126426696777e+01
5.959573411941528320e+01
5.928072857856750488e+01
5.946120357513427734e+01
5.932969951629638672e+01
5.947715234756469727e+01
5.888371872901916504e+01
5.919748067855834961e+01
5.926059937477111816e+01
5.971580076217651367e+01
5.874865889549255371e+01
5.916083288192749023e+01
5.889757299423217773e+01
5.922262430191040039e+01
5.924621963500976562e+01
5.979147291183471680e+01
5.932188391685485840e+01
5.898172140121459961e+01
5.875516319274902344e+01
5.922656941413879395e+01
5.919349503517150879e+01
5.908360409736633301e+01
5.931501841545104980e+01
5.905309677124023438e+01
5.935864138603210449e+01
5.896014261245727539e+01
5.928841805458068848e+01
5.958829498291015625e+01
5.922542810440063477e+01
5.893353652954101562e+01
5.968345665931701660e+01
5.904948163032531738e+01
5.972281265258789062e+01
5.900985455513000488e+01
5.874477291107177734e+01
5.887533354759216309e+01
5.900647377967834473e+01
5.900469493865966797e+01
5.905344676971435547e+01
5.924617981910705566e+01
5.883187747001647949e+01
5.835767221450805664e+01
5.891826295852661133e+01
5.872967743873596191e+01
5.905934000015258789e+01
5.957011890411376953e+01
5.970884370803833008e+01
5.902544903755187988e+01
5.909260630607604980e+01
5.929987120628356934e+01
5.942933273315429688e+01
5.947312068939208984e+01
5.922452759742736816e+01
5.956442832946777344e+01
5.949875998497009277e+01
5.960391783714294434e+01
5.889699554443359375e+01
5.887419152259826660e+01
5.891660284996032715e+01
5.903612375259399414e+01
5.925451207160949707e+01
5.963178110122680664e+01
5.936247920989990234e+01
5.934993672370910645e+01
5.971381664276123047e+01
5.897731137275695801e+01
5.902831411361694336e+01
5.923591804504394531e+01
5.939380407333374023e+01
5.913160252571105957e+01
5.944055676460266113e+01
5.918006587028503418e+01
5.933066177368164062e+01
5.927536320686340332e+01
5.944122505187988281e+01
5.935304546356201172e+01
5.965464162826538086e+01
5.869652342796325684e+01
5.929075074195861816e+01
5.950931167602539062e+01
5.963103270530700684e+01
5.894762682914733887e+01
5.946954441070556641e+01
5.905147051811218262e+01
5.956760144233703613e+01
5.904698538780212402e+01
5.876134967803955078e+01
5.901117706298828125e+01
5.975845766067504883e+01
5.924147129058837891e+01
5.934864735603332520e+01
5.922181510925292969e+01
5.915419054031372070e+01
5.890821528434753418e+01
5.889879059791564941e+01
5.864594221115112305e+01
5.934867739677429199e+01
5.921393227577209473e+01
5.920895171165466309e+01
5.937842202186584473e+01
5.960495495796203613e+01
5.975877952575683594e+01
5.941592431068420410e+01
5.911930751800537109e+01
5.931172204017639160e+01
5.965119242668151855e+01
5.940149331092834473e+01
5.883211708068847656e+01
5.928289866447448730e+01
5.920894169807434082e+01
5.975686430931091309e+01
5.998004698753356934e+01
5.911906814575195312e+01
5.934911823272705078e+01
5.906799578666687012e+01
5.939910459518432617e+01
5.895949578285217285e+01
5.882085132598876953e+01
5.992320060729980469e+01
5.918158650398254395e+01
5.938131499290466309e+01
5.986406326293945312e+01
5.926100730895996094e+01
5.955194377899169922e+01
5.887723898887634277e+01
5.979124331474304199e+01
5.944851493835449219e+01
5.974355721473693848e+01
5.890977668762207031e+01
5.983694076538085938e+01
5.881470561027526855e+01
5.881834506988525391e+01
5.881839179992675781e+01
5.930628228187561035e+01
5.971683669090270996e+01
5.918328452110290527e+01
5.943412828445434570e+01
5.907832026481628418e+01
5.891084551811218262e+01
5.984614753723144531e+01
5.946904349327087402e+01
5.892094993591308594e+01
5.922543954849243164e+01
5.940268015861511230e+01
5.891235136985778809e+01
5.911321544647216797e+01
5.943076801300048828e+01
5.898664355278015137e+01
5.938307285308837891e+01
5.935385394096374512e+01
5.909691357612609863e+01
5.902360558509826660e+01
5.934937310218811035e+01
5.911700606346130371e+01
5.961874365806579590e+01
5.946318149566650391e+01
6.351258468627929688e+01
6.331216740608215332e+01
6.349583053588867188e+01
6.499940419197082520e+01
6.279682445526123047e+01
5.974257898330688477e+01
5.946254754066467285e+01
5.919404458999633789e+01
5.916532111167907715e+01
5.940204930305480957e+01
5.960306262969970703e+01
5.936306929588317871e+01
5.932209157943725586e+01
5.857172846794128418e+01
5.883593869209289551e+01
5.904034852981567383e+01
5.943781518936157227e+01
5.871135854721069336e+01
6.200661706924438477e+01
5.877869200706481934e+01
5.964796686172485352e+01
5.964661455154418945e+01
5.944193673133850098e+01
5.918672108650207520e+01
5.878454494476318359e+01
5.936279988288879395e+01
5.909882140159606934e+01
5.914514875411987305e+01
5.903492045402526855e+01
5.910384488105773926e+01
5.873133778572082520e+01
5.941924214363098145e+01
5.930329346656799316e+01
5.932022666931152344e+01
5.970569181442260742e+01
5.930553221702575684e+01
5.930613064765930176e+01
5.967632722854614258e+01
5.926493334770202637e+01
5.972042298316955566e+01
5.971237587928771973e+01
5.912932848930358887e+01
5.965206742286682129e+01
5.935552287101745605e+01
5.936103153228759766e+01
5.899731516838073730e+01
5.919776964187622070e+01
5.955709195137023926e+01
5.958692908287048340e+01
5.907106661796569824e+01
5.890055799484252930e+01
5.923425674438476562e+01
5.910499596595764160e+01
5.931723070144653320e+01
5.976078581809997559e+01
5.908648562431335449e+01
6.025246357917785645e+01
5.867900133132934570e+01
5.948964238166809082e+01
5.870741796493530273e+01
5.898587083816528320e+01
5.914317679405212402e+01
5.898965859413146973e+01
5.947526526451110840e+01
5.867799878120422363e+01
6.011977410316467285e+01
5.897111296653747559e+01
5.961243796348571777e+01
5.997691869735717773e+01
5.968208003044128418e+01
5.933275413513183594e+01
5.927074098587036133e+01
5.891022372245788574e+01
5.955345630645751953e+01
5.954168438911437988e+01
5.942638969421386719e+01
5.933361983299255371e+01
5.879927754402160645e+01
6.018558478355407715e+01
5.992206406593322754e+01
5.954659247398376465e+01
5.937330651283264160e+01
5.974373126029968262e+01
5.908735370635986328e+01
5.889974689483642578e+01
5.905498075485229492e+01
5.891180109977722168e+01
5.872674679756164551e+01
5.928476595878601074e+01
5.866257762908935547e+01
5.936139988899230957e+01
6.014623737335205078e+01
5.847337484359741211e+01
5.973222589492797852e+01
5.853725552558898926e+01
5.850211191177368164e+01
5.930588459968566895e+01
5.954062986373901367e+01
5.923248529434204102e+01
5.960196828842163086e+01
5.925261497497558594e+01
5.959748697280883789e+01
5.922426748275756836e+01
5.916053462028503418e+01
5.980725884437561035e+01
5.919415593147277832e+01
5.928527712821960449e+01
5.966434860229492188e+01
5.911600923538208008e+01
5.917650341987609863e+01
5.888110756874084473e+01
5.919389986991882324e+01
5.882163763046264648e+01
5.959126448631286621e+01
5.942943072319030762e+01
5.977533888816833496e+01
5.911721229553222656e+01
5.903895735740661621e+01
5.939779019355773926e+01
5.888251805305480957e+01
5.944442796707153320e+01
5.920529437065124512e+01
5.914593935012817383e+01
5.934677863121032715e+01
5.908344864845275879e+01
5.935217809677124023e+01
5.917885518074035645e+01
5.848891186714172363e+01
5.973507380485534668e+01
5.910612416267395020e+01
5.950983309745788574e+01
5.942355155944824219e+01
5.950652265548706055e+01
5.936864137649536133e+01
5.913028240203857422e+01
5.956953477859497070e+01
5.985038137435913086e+01
5.943960356712341309e+01
5.902505159378051758e+01
5.964460945129394531e+01
5.921251845359802246e+01
5.925152492523193359e+01
5.936381864547729492e+01
5.879843735694885254e+01
5.985021710395812988e+01
5.972231626510620117e+01
5.868378448486328125e+01
5.933779644966125488e+01
5.938994956016540527e+01
5.949201297760009766e+01
5.909683346748352051e+01
5.979209160804748535e+01
5.893295764923095703e+01
5.903491759300231934e+01
5.953732132911682129e+01
5.958708977699279785e+01
5.948952484130859375e+01
5.901996946334838867e+01
5.950837326049804688e+01
5.987087655067443848e+01
5.927118563652038574e+01
5.910039210319519043e+01
5.894024848937988281e+01
5.928725719451904297e+01
5.925427865982055664e+01
5.953658843040466309e+01
5.905479979515075684e+01
5.953959131240844727e+01
5.929947233200073242e+01
5.950859642028808594e+01
5.985376453399658203e+01
5.903999662399291992e+01
5.927357268333435059e+01
5.932908058166503906e+01
5.884648561477661133e+01
5.947153878211975098e+01
5.886623072624206543e+01
5.862614870071411133e+01
5.958122730255126953e+01
5.922992992401123047e+01
5.940634155273437500e+01
5.904715585708618164e+01
5.913350415229797363e+01
5.969676566123962402e+01
5.999031472206115723e+01
5.899719500541687012e+01
5.914715170860290527e+01
5.975975775718688965e+01
5.857922220230102539e+01
5.928998804092407227e+01
5.955775737762451172e+01
5.905598664283752441e+01
5.902585625648498535e+01
5.900999236106872559e+01
5.947579121589660645e+01
5.896007657051086426e+01
5.963554024696350098e+01
5.864070773124694824e+01
5.883246541023254395e+01
5.937743997573852539e+01
5.893557572364807129e+01
5.893787264823913574e+01
5.936447930335998535e+01
5.887801599502563477e+01
5.939930486679077148e+01
5.904994297027587891e+01
5.854725003242492676e+01
5.883063864707946777e+01
5.932093548774719238e+01
5.883989286422729492e+01
5.877994298934936523e+01
5.924073243141174316e+01
5.900786542892456055e+01
5.934393525123596191e+01
5.912878584861755371e+01
5.955324482917785645e+01
5.918114733695983887e+01
5.941390824317932129e+01
5.893209791183471680e+01
5.904101538658142090e+01
5.856464982032775879e+01
5.860432672500610352e+01
5.877336335182189941e+01
5.859030175209045410e+01
5.943724751472473145e+01
5.958363652229309082e+01
5.925448060035705566e+01
5.967748761177062988e+01
5.957025122642517090e+01
5.966630506515502930e+01
5.922934675216674805e+01
5.962587261199951172e+01
6.002096486091613770e+01
5.871209096908569336e+01
5.934979510307312012e+01
5.948423480987548828e+01
5.981758069992065430e+01
5.949452829360961914e+01
5.919107174873352051e+01
5.942701745033264160e+01
5.871115136146545410e+01
5.912433195114135742e+01
5.923394417762756348e+01
5.905576419830322266e+01
5.923862719535827637e+01
5.936339759826660156e+01
5.986465740203857422e+01
5.908636140823364258e+01
5.918912887573242188e+01
5.900996756553649902e+01
6.975184416770935059e+01
5.916436505317687988e+01
6.004211997985839844e+01
5.921861100196838379e+01
5.948886823654174805e+01
5.896353530883789062e+01
5.919023108482360840e+01
5.981654500961303711e+01
5.961312437057495117e+01
5.936741709709167480e+01
5.970853257179260254e+01
5.935326337814331055e+01
5.936432600021362305e+01
5.955217790603637695e+01
5.920583653450012207e+01
5.942757415771484375e+01
6.312118577957153320e+01
6.268597435951232910e+01
6.531456875801086426e+01
5.917588043212890625e+01
6.284052467346191406e+01
5.871188783645629883e+01
5.909181642532348633e+01
5.876433730125427246e+01
5.902163362503051758e+01
5.877240395545959473e+01
5.883325862884521484e+01
5.916453838348388672e+01
5.945932459831237793e+01
5.924302721023559570e+01
5.933269143104553223e+01
5.900755167007446289e+01
5.909905791282653809e+01
5.966711854934692383e+01
5.953415250778198242e+01
5.944539856910705566e+01
5.936461424827575684e+01
5.926890349388122559e+01
5.934805846214294434e+01
5.912195229530334473e+01
5.891203260421752930e+01
5.902335929870605469e+01
5.871427702903747559e+01
5.872672653198242188e+01
5.942256784439086914e+01
5.988053488731384277e+01
5.893185830116271973e+01
5.930553388595581055e+01
5.966152644157409668e+01
5.905196022987365723e+01
5.898695993423461914e+01
5.897691631317138672e+01
5.933870553970336914e+01
5.886938858032226562e+01
5.921126890182495117e+01
5.909588027000427246e+01
5.927517867088317871e+01
5.929180049896240234e+01
5.942658042907714844e+01
5.967391538619995117e+01
5.915401649475097656e+01
5.908431434631347656e+01
5.939265370368957520e+01
5.927155470848083496e+01
5.902219367027282715e+01
5.955040144920349121e+01
5.911490678787231445e+01
5.914726305007934570e+01
5.905561184883117676e+01
5.918693637847900391e+01
5.939601373672485352e+01
5.951842832565307617e+01
5.945847964286804199e+01
5.915030574798583984e+01
5.860088682174682617e+01
5.853408813476562500e+01
5.893377447128295898e+01
5.923893141746520996e+01
5.977331328392028809e+01
5.927458596229553223e+01
5.926737952232360840e+01
5.905516362190246582e+01
5.935177731513977051e+01
5.874320363998413086e+01
6.039429664611816406e+01
5.999183368682861328e+01
5.940240359306335449e+01
5.885030293464660645e+01
5.897326493263244629e+01
5.943221831321716309e+01
5.929031562805175781e+01
5.921269297599792480e+01
5.937071943283081055e+01
5.950553250312805176e+01
5.926064944267272949e+01
5.906929039955139160e+01
5.903663945198059082e+01
5.922601151466369629e+01
5.909503722190856934e+01
5.903655076026916504e+01
5.929462146759033203e+01
5.953728246688842773e+01
5.880353784561157227e+01
5.887435269355773926e+01
5.989444088935852051e+01
5.969427776336669922e+01
5.920787382125854492e+01
5.964348745346069336e+01
5.957965111732482910e+01
5.931843352317810059e+01
5.930371379852294922e+01
5.873444843292236328e+01
5.977207398414611816e+01
5.887605428695678711e+01
5.935913801193237305e+01
5.914577245712280273e+01
5.898585247993469238e+01
5.932246661186218262e+01
5.894417238235473633e+01
5.943114399909973145e+01
5.974049520492553711e+01
5.973708438873291016e+01
5.858825469017028809e+01
5.957348942756652832e+01
5.900662851333618164e+01
5.880037355422973633e+01
5.953595519065856934e+01
5.964586710929870605e+01
5.925315499305725098e+01
5.935438966751098633e+01
5.917840385437011719e+01
5.947663688659667969e+01
5.975306296348571777e+01
5.933008050918579102e+01
5.906039977073669434e+01
5.892192792892456055e+01
5.949305224418640137e+01
5.928881263732910156e+01
5.947421526908874512e+01
5.942526340484619141e+01
5.922393918037414551e+01
5.889339375495910645e+01
5.920403099060058594e+01
5.883219265937805176e+01
5.867907452583312988e+01
5.902109193801879883e+01
5.967552232742309570e+01
5.914979672431945801e+01
5.881730365753173828e+01
5.948870229721069336e+01
5.915693354606628418e+01
5.911705589294433594e+01
5.929786515235900879e+01
5.947866415977478027e+01
5.923970770835876465e+01
5.931930255889892578e+01
5.908635830879211426e+01
5.951240968704223633e+01
5.885236883163452148e+01
5.973769569396972656e+01
5.886851882934570312e+01
5.865028762817382812e+01
5.928905367851257324e+01
5.961440944671630859e+01
5.905279397964477539e+01
5.905162286758422852e+01
5.908255434036254883e+01
5.846063685417175293e+01
5.863304281234741211e+01
5.874059009552001953e+01
5.866757965087890625e+01
5.911334109306335449e+01
5.844916749000549316e+01
5.930813789367675781e+01
5.917579865455627441e+01
5.920514273643493652e+01
5.918280100822448730e+01
5.962805676460266113e+01
5.868313598632812500e+01
5.943287682533264160e+01
5.918789935111999512e+01
5.885383272171020508e+01
6.007283592224121094e+01
5.916046071052551270e+01
5.956649994850158691e+01
5.860616087913513184e+01
5.917749905586242676e+01
5.939235687255859375e+01
5.963427519798278809e+01
5.975298452377319336e+01
5.933598136901855469e+01
5.851947355270385742e+01
5.867967247962951660e+01
5.959550023078918457e+01
5.909612631797790527e+01
5.999484181404113770e+01
5.911892175674438477e+01
5.899923515319824219e+01
5.953718638420104980e+01
5.917520093917846680e+01
5.878764843940734863e+01
5.961802053451538086e+01
6.003556394577026367e+01
5.927467679977416992e+01
5.908211755752563477e+01
5.956461668014526367e+01
5.931732082366943359e+01
5.934999942779541016e+01
5.936800765991210938e+01
5.943685841560363770e+01
5.947698640823364258e+01
5.953969407081604004e+01
5.911221909523010254e+01
5.917556715011596680e+01
5.976003170013427734e+01
5.980499911308288574e+01
5.954157328605651855e+01
5.966789174079895020e+01
5.877157044410705566e+01
5.836213374137878418e+01
5.998920226097106934e+01
5.880257654190063477e+01
5.888149905204772949e+01
5.942871880531311035e+01
5.873552203178405762e+01
5.932349777221679688e+01
5.883674764633178711e+01
5.874402284622192383e+01
5.930710744857788086e+01
5.976140356063842773e+01
5.929934048652648926e+01
5.898789858818054199e+01
5.949093604087829590e+01
5.898493289947509766e+01
5.939507055282592773e+01
5.930856013298034668e+01
5.922896385192871094e+01
5.924493336677551270e+01
5.990091276168823242e+01
5.945368337631225586e+01
5.953761386871337891e+01
5.927579140663146973e+01
5.921359777450561523e+01
5.942296576499938965e+01
5.887149333953857422e+01
5.958607339859008789e+01
5.907224535942077637e+01
5.973927092552185059e+01
5.935055088996887207e+01
5.944753408432006836e+01
5.927570986747741699e+01
5.952816033363342285e+01
5.941774678230285645e+01
5.939051318168640137e+01
5.881892561912536621e+01
5.918100070953369141e+01
5.863906550407409668e+01
5.953978061676025391e+01
5.934327101707458496e+01
5.950692701339721680e+01
5.972859764099121094e+01
5.933449697494506836e+01
5.856543660163879395e+01
5.944520020484924316e+01
5.879376888275146484e+01
5.900315904617309570e+01
5.917891240119934082e+01
6.019501280784606934e+01
5.920107007026672363e+01
5.939781069755554199e+01
5.924432611465454102e+01
5.879921603202819824e+01
5.927479028701782227e+01
5.892839074134826660e+01
5.957097792625427246e+01
5.942113089561462402e+01
5.921414232254028320e+01
5.922560739517211914e+01
5.924303460121154785e+01
5.891234517097473145e+01
5.949339437484741211e+01
5.929155325889587402e+01
5.964751100540161133e+01
5.950345063209533691e+01
5.944818520545959473e+01
5.978576040267944336e+01
5.900371265411376953e+01
5.928504920005798340e+01
5.959619569778442383e+01
5.958190822601318359e+01
5.998140025138854980e+01
5.940228390693664551e+01
5.936807823181152344e+01
5.921235275268554688e+01
5.926813936233520508e+01
5.953868031501770020e+01
5.948937702178955078e+01
5.951508736610412598e+01
5.926690244674682617e+01
5.978744292259216309e+01
6.209980320930480957e+01
6.269412040710449219e+01
5.900333333015441895e+01
5.935359358787536621e+01
5.927092528343200684e+01
5.919266319274902344e+01
5.878581809997558594e+01
5.877113771438598633e+01
5.909929537773132324e+01
5.895577502250671387e+01
5.935040903091430664e+01
5.903419041633605957e+01
5.894178938865661621e+01
5.898848247528076172e+01
5.956800460815429688e+01
5.917596912384033203e+01
5.919515275955200195e+01
5.923427343368530273e+01
5.998938751220703125e+01
5.894547986984252930e+01
5.945842385292053223e+01
5.982095718383789062e+01
5.975871801376342773e+01
5.943477249145507812e+01
5.997462129592895508e+01
5.914624357223510742e+01
5.930076456069946289e+01
5.932159924507141113e+01
5.926908993721008301e+01
5.966245770454406738e+01
5.924429798126220703e+01
5.863341426849365234e+01
5.973934626579284668e+01
5.941797733306884766e+01
6.004005074501037598e+01
5.962967371940612793e+01
5.976973819732666016e+01
5.922815918922424316e+01
5.919610261917114258e+01
5.897493672370910645e+01
5.926220774650573730e+01
5.974136805534362793e+01
5.922439742088317871e+01
5.884885406494140625e+01
5.862345933914184570e+01
5.918248438835144043e+01
5.888593101501464844e+01
5.956769776344299316e+01
5.930668330192565918e+01
5.933814764022827148e+01
5.914439344406127930e+01
5.888075518608093262e+01
5.950286507606506348e+01
5.942723441123962402e+01
5.945967125892639160e+01
5.932297587394714355e+01
5.928797507286071777e+01
5.947169399261474609e+01
5.951842522621154785e+01
5.950830984115600586e+01
5.945306754112243652e+01
5.891143918037414551e+01
5.931038713455200195e+01
5.940479516983032227e+01
6.204300737380981445e+01
5.997700643539428711e+01
6.267130637168884277e+01
6.134202837944030762e+01
6.135197138786315918e+01
6.240492105484008789e+01
5.884197521209716797e+01
5.916108822822570801e+01
5.897821617126464844e+01
6.169657039642333984e+01
5.913220667839050293e+01
5.944445991516113281e+01
5.909521389007568359e+01
5.963778090476989746e+01
5.926257419586181641e+01
5.917241883277893066e+01
6.035348010063171387e+01
6.127201795578002930e+01
6.126033616065979004e+01
6.093038606643676758e+01
6.075491261482238770e+01
6.082107734680175781e+01
6.082408118247985840e+01
6.084040975570678711e+01
6.143292784690856934e+01
6.105519843101501465e+01
6.140565824508666992e+01
6.121248102188110352e+01
6.085983872413635254e+01
6.096490383148193359e+01
6.142999434471130371e+01
6.114637446403503418e+01
6.087623596191406250e+01
5.914426946640014648e+01
6.139769387245178223e+01
6.101918029785156250e+01
6.113323473930358887e+01
6.171453762054443359e+01
6.053156256675720215e+01
6.033578991889953613e+01
6.142975878715515137e+01
6.091466975212097168e+01
6.154709649085998535e+01
6.087588143348693848e+01
6.104897260665893555e+01
6.070290637016296387e+01
6.009523153305053711e+01
6.136402344703674316e+01
6.139867782592773438e+01
6.117692947387695312e+01
6.108879733085632324e+01
6.117279005050659180e+01
6.097855997085571289e+01
6.102798056602478027e+01
5.969144701957702637e+01
5.991171288490295410e+01
6.068235373497009277e+01
6.055684590339660645e+01
6.023483896255493164e+01
5.998357653617858887e+01
6.094921922683715820e+01
6.052522277832031250e+01
6.022511148452758789e+01
6.061842608451843262e+01
5.957387566566467285e+01
6.116198062896728516e+01
6.023604846000671387e+01
5.956751632690429688e+01
6.036275267601013184e+01
6.091267991065979004e+01
6.120634102821350098e+01
6.128413510322570801e+01
6.099787163734436035e+01
6.144283533096313477e+01
6.126222538948059082e+01
5.968784713745117188e+01
5.962469649314880371e+01
5.949724912643432617e+01
5.985313081741333008e+01
5.990078496932983398e+01
5.970739817619323730e+01
5.999803543090820312e+01
5.970389723777770996e+01
5.951618218421936035e+01
5.961619567871093750e+01
5.955898475646972656e+01
5.956911873817443848e+01
5.956528759002685547e+01
5.968732571601867676e+01
5.973101496696472168e+01
5.923443579673767090e+01
5.942386341094970703e+01
5.979341745376586914e+01
5.974230384826660156e+01
5.933501005172729492e+01
5.936185860633850098e+01
6.020046091079711914e+01
5.985954260826110840e+01
5.999060750007629395e+01
5.948877930641174316e+01
5.996053457260131836e+01
6.079876899719238281e+01
6.098482561111450195e+01
6.045155930519104004e+01
6.110559749603271484e+01
6.067358827590942383e+01
6.074901342391967773e+01
6.083936309814453125e+01
6.129887080192565918e+01
6.097410774230957031e+01
5.949687290191650391e+01
6.129702568054199219e+01
6.120713949203491211e+01
6.140203237533569336e+01
6.102803707122802734e+01
6.200944614410400391e+01
6.139936947822570801e+01
6.088229942321777344e+01
6.068407320976257324e+01
6.095935583114624023e+01
6.169735431671142578e+01
6.140836596488952637e+01
6.095057630538940430e+01
6.088720726966857910e+01
6.079229283332824707e+01
6.068390417098999023e+01
6.143245625495910645e+01
6.007182431221008301e+01
6.122263932228088379e+01
6.051184177398681641e+01
6.121226143836975098e+01
6.049246048927307129e+01
6.098085975646972656e+01
6.131580519676208496e+01
6.102710938453674316e+01
6.076850867271423340e+01
6.082331442832946777e+01
6.035261559486389160e+01
6.127685809135437012e+01
6.101672840118408203e+01
6.065071773529052734e+01
6.002230691909790039e+01
6.121556568145751953e+01
6.089507484436035156e+01
6.050736904144287109e+01
6.116873168945312500e+01
6.159916901588439941e+01
6.104331040382385254e+01
6.074882102012634277e+01
6.028912758827209473e+01
5.974795317649841309e+01
6.042873740196228027e+01
6.155993294715881348e+01
6.002023911476135254e+01
6.067111039161682129e+01
6.035084390640258789e+01
6.145920968055725098e+01
6.102896547317504883e+01
5.933842968940734863e+01
6.004385113716125488e+01
6.129587984085083008e+01
6.130778384208679199e+01
6.068901872634887695e+01
6.063110208511352539e+01
6.085244369506835938e+01
6.145946121215820312e+01
5.926087927818298340e+01
5.980366063117980957e+01
5.999891328811645508e+01
5.964724087715148926e+01
6.004390525817871094e+01
5.963647222518920898e+01
5.992890763282775879e+01
5.976212549209594727e+01
5.978160429000854492e+01
5.943184542655944824e+01
5.986048316955566406e+01
