1.035838081975271052e-13
3.432254480628671445e-13
2.315370117855763965e-13
2.875477633779155440e-13
4.928280006311069883e-13
1.233235735753623885e-12
8.593126210598711623e-12
2.012418010011174374e-11
2.061961712485071985e-12
7.656097977815079503e-13
8.809619700400617148e-14
1.265654248072678456e-13
1.814104422237505787e-13
4.178324353176776640e-13
1.151634343443674879e-12
4.452715973712884079e-12
1.732299304002538065e-10
2.654931829937368093e-12
2.163269563482117519e-12
6.524780715722044988e-13
1.599831378484850575e-13
1.602051824534100888e-13
4.049538482320258481e-13
7.930878176409805747e-13
3.987365992941249715e-12
5.829764448961327616e-11
7.611966612586229530e-12
1.441735619778228283e-12
5.786482404346315889e-13
4.367617378875365830e-13
1.811883976188255474e-13
2.623457007189244905e-13
8.421596753294124937e-13
1.908806446238031640e-12
4.506117701197354108e-12
7.456724127052893891e-11
2.532085652262594522e-12
9.126588373931099341e-13
9.821587987346447335e-13
3.737010700888276915e-13
6.751266212745576922e-13
2.560729406297923560e-13
7.360223541752475285e-13
1.829425499977332947e-12
4.593597724422693318e-11
1.395905613321701821e-11
2.169320278966324622e-12
8.169021015191901824e-13
4.354294702579863952e-13
3.220756994437579124e-13
2.654543251878749288e-13
3.713696017371148628e-13
6.397105067890151986e-13
3.119338121138071074e-12
3.632238954054400892e-11
1.146410744112813518e-11
1.731059739995544078e-12
7.736589147100403352e-13
4.224953720211033215e-13
3.058109321329993691e-13
2.554623179662485200e-13
3.470557174978239345e-13
4.903855099769316439e-13
3.302413897898759387e-12
1.501965218864143026e-11
2.149186384414747408e-11
1.826649942415770056e-12
5.752065490582936036e-13
5.357936316841005464e-13
3.081424004847121978e-13
1.876276911616514553e-13
2.829403378257211443e-13
6.423195308968843165e-13
1.976085961530316126e-12
7.878309116193804584e-12
3.116717994799955704e-11
2.739808380169961310e-12
8.568701304056958179e-13
3.521627434110996546e-13
3.711475571321898315e-13
1.067479438177088014e-13
2.252087405452130042e-13
3.169131623792509345e-13
7.513434319150746887e-13
2.955968803064479289e-12
4.284431143197764413e-10
5.399625191415680092e-12
1.451949671604779724e-12
5.624944954263355612e-13
5.314637618880624359e-13
1.583178033115473227e-13
1.650901637617607776e-13
2.167155344068305567e-13
3.959055305813308223e-13
9.822143098858759913e-13
5.835276706278591519e-12
4.353162275094746292e-11
1.954214567945200542e-12
1.026234652812263448e-12
2.784439345759892603e-13
1.282862704954368382e-13
1.387223669269133097e-13
4.417022303471185296e-13
4.469757897140880232e-13
7.434053372890048195e-13
3.379851953866364056e-12
1.353933631875747778e-10
4.406253140132321278e-12
1.019517803513281251e-12
5.497824417943775188e-13
1.774136393351000152e-13
1.924016501675396285e-13
3.573252804756066325e-13
5.688227666666989535e-13
1.824373985215288485e-12
1.521932579962026466e-11
1.404826255324564954e-11
1.003919170017297802e-12
8.578138199766272010e-13
5.149214388211476034e-13
1.864619569857950410e-13
2.151057110211240797e-13
3.638755963208950561e-13
1.335653809775294576e-12
4.368005956933984635e-12
6.631794002842639202e-10
2.546629573885184072e-12
9.185430194236232637e-13
5.338507413910065225e-13
2.661204590026500227e-13
1.639799407371356210e-13
3.221312105949891702e-13
5.553890680687345593e-13
1.703970298194690258e-12
1.206962307875869556e-11
2.564565226848003476e-11
1.380562331121382158e-12
9.009459844833145326e-13
5.918043832764396939e-13
3.260169911811772181e-13
1.859068454734824627e-13
4.102829187502265995e-13
6.772915561725767475e-13
1.775246616375625308e-12
3.304839735207565354e-11
8.790024264015983135e-12
1.648459146963432431e-12
4.071187831300449034e-13
5.145328607625287987e-13
2.496336470869664481e-13
1.559308238086032361e-13
4.732325642464729754e-13
7.573386362480505340e-13
2.025879464184754397e-12
4.235245487649308416e-11
9.228007247230607391e-12
1.492861390062216742e-12
9.385270338668760814e-13
5.019318294330332719e-13
3.837485884616853582e-13
1.673661209622423485e-13
2.572941859568800282e-13
9.516276655574529286e-13
1.539990357457554637e-12
1.534788962587185779e-11
1.850197772768069626e-11
2.678468558059421412e-12
7.579492589115943701e-13
3.904099266094362974e-13
4.025668687290817616e-13
1.814659533749818365e-13
3.188560526723449584e-13
3.906874823655925866e-13
1.314837128063572891e-12
4.861389069077404201e-12
3.688224170517173661e-10
5.101141731245206756e-12
9.906520048730271810e-13
5.397904345727511100e-13
4.588551760775771982e-13
1.388889003806070832e-13
1.904032487232143467e-13
2.662314813051125384e-13
4.835576383754869312e-13
1.761812917777660914e-12
2.071764981792512117e-11
1.918787351229411797e-11
2.187805492326333479e-12
7.018274850167927070e-13
4.292122213200855185e-13
1.293409823688307370e-13
1.794675519306565548e-13
2.320921232978889748e-13
4.234390615920347045e-13
9.385825450181073393e-13
4.017286503454897684e-12
3.849452534510078294e-09
4.437117340216900629e-12
1.524891324322652508e-12
8.810174811912929727e-13
2.104427743176984222e-13
1.411648575810886541e-13
2.196021142708559637e-13
3.215760990826765919e-13
1.741939925636870612e-12
4.958533583732105399e-12
2.515432306893217174e-11
1.943167848850180235e-12
9.076073226310654718e-13
4.776179451937423437e-13
1.200706201132106798e-13
3.342881527146346343e-13
2.573496971081112861e-13
6.252776074688881636e-13
2.905398144292803408e-12
8.049865773962494586e-10
4.150957355619766531e-12
1.655398040867339660e-12
4.657940699814844265e-13
2.930433673498100688e-13
2.174926905240681663e-13
2.188249581536183541e-13
4.893307981035377452e-13
1.449673714404298153e-12
1.167932417445172177e-11
2.879546601164406638e-11
1.420086270798037731e-12
5.672684544322237343e-13
4.494182803682633676e-13
3.519962099574058811e-13
1.690314554991800833e-13
6.330491686412642593e-13
5.492273302820649405e-13
1.813771355330118240e-12
3.305578033518941083e-11
9.180323168322956917e-12
1.334155008692050615e-12
7.395195567028167716e-13
6.269984531570571562e-13
2.753353101070388220e-13
2.584599201327364426e-13
2.684519273543628515e-13
6.410427744185653864e-13
2.072064742009160909e-12
4.931022257181894020e-11
6.914746553121631223e-12
1.638689184346731054e-12
6.027400800689974858e-13
3.214095656289828185e-13
2.816080701961709565e-13
1.457722831332830538e-13
3.664291092775329162e-13
5.105915690251094929e-13
1.824818074425138548e-12
2.753497430063589491e-11
9.833911462919786572e-12
1.940891891649698664e-12
6.553091402849986480e-13
2.600697435184429196e-13
2.422506639732091571e-13
1.613709166292665032e-13
2.256528297550630668e-13
5.564437799421284581e-13
1.817823669370000061e-12
1.117739234501868850e-11
3.392008895986009520e-11
2.687572386861347695e-12
7.180922523275512503e-13
4.808931031163865555e-13
3.790301406070284429e-13
1.157962614684038272e-13
1.997291221300656616e-13
3.868017017794045387e-13
1.032285368296470551e-12
3.758160449507386147e-12
4.874269321497592955e-10
5.869860153495665145e-12
1.314004460795104023e-12
6.260547635861257731e-13
4.248268403728161502e-13
1.098565682866592397e-13
1.622590950489666284e-13
3.090860900556435809e-13
4.091726957256014430e-13
1.696198737022314162e-12
1.239042202172413454e-11
3.367583989444256076e-11
1.805056104586810761e-12
9.449663274097019894e-13
4.627409566637652460e-13
9.126033262418786762e-14
2.443045765687656967e-13
2.478017790963349398e-13
2.058353487655040226e-13
8.173461907290402451e-13
2.094935336316439134e-12
4.293704281010946033e-11
9.834910663641949213e-12
1.830091633792108041e-12
8.504863480141011678e-13
1.129651927556096780e-13
2.789990460883018386e-13
1.803002191991254222e-13
6.123990203832363477e-13
1.695033002846457748e-12
1.748400313417164398e-10
3.583078278523998961e-12
7.493450304707494070e-13
4.152234112098085461e-13
2.908229213005597558e-13
2.230993167984252068e-13
4.216627047526344541e-13
3.135269821541442070e-13
7.304712390521217458e-13
8.998524148040587534e-12
2.061645298923053815e-11
1.777189506668719332e-12
9.981460102892469877e-13
3.072542220650120726e-13
1.838529328779259231e-13
3.998468223187501280e-13
3.062550213428494317e-13
8.890110869685940997e-13
1.002420368934053840e-12
2.224287420915516122e-11
7.697731341238522873e-12
1.115607606294588550e-12
5.322409180053000455e-13
2.848832281188151683e-13
3.652633751016765018e-13
1.828537321557632822e-13
1.997846332812969194e-13
6.127320872906238947e-13
3.881506227543241039e-12
6.661998730450591211e-11
6.984191003311934764e-12
9.606759832081479544e-13
5.090927679418655316e-13
3.776978729774782551e-13
1.530442439445778291e-13
1.549316230864405952e-13
4.035105583000131446e-13
7.568945470382004714e-13
1.808442284811917489e-12
8.876421819792312817e-11
5.233313782326831642e-12
9.693912339514554333e-13
5.031530747601209441e-13
2.733369086627135403e-13
4.354294702579863952e-13
2.490230244234226120e-13
2.944311461305915145e-13
4.613531778829838004e-13
1.454225628805261294e-12
1.544464556246794018e-11
1.476951894119338249e-11
2.123412556898074399e-12
1.017019801707874649e-12
4.852229729124246660e-13
3.983480212355061667e-13
1.444955266549641237e-13
2.344235916496018035e-13
3.904654377606675553e-13
8.518186156436513556e-13
5.906386491005832795e-12
6.019262865919472461e-11
3.212430321752890450e-12
1.030953100666920363e-12
5.185851748024106200e-13
3.664846204287641740e-13
1.030286966852145270e-13
1.801336857454316487e-13
3.425038030968607927e-13
6.377676164959211746e-13
1.475986000087914363e-12
6.448308553785864206e-11
6.185441048245365891e-12
1.795397164272571899e-12
7.076006447448435210e-13
5.483946630135960731e-13
5.321854068540687877e-13
2.101652185615421331e-13
2.428612866367529932e-13
6.935008123321040330e-13
8.875677970365813962e-13
3.443023643967535463e-12
1.341948219213406901e-10
3.642475210341444836e-12
1.053934717276661104e-12
4.991562718714703806e-13
9.514611321037591551e-14
1.196820420545918751e-13
1.937894289483210741e-13
2.330913240200516157e-13
5.306866057708248263e-13
1.733502230649719422e-12
1.584499198514777163e-11
2.125333242730675920e-11
2.344457961100943066e-12
1.001754235119278746e-12
1.015854067532018234e-13
1.617594946878853079e-13
2.962075029699917650e-13
1.025901585904875901e-12
7.198130980157202430e-12
1.585492848121816678e-11
1.091127188601603848e-12
7.739364704661966243e-13
3.333999742949345091e-13
4.061195824078822625e-13
1.504352198367087112e-13
1.449951270160454442e-13
5.490607968283711671e-13
1.370126234689905687e-12
3.639571977132050051e-11
3.879119248040296952e-12
8.986700272828329616e-13
4.120037644383955922e-13
4.787836793695987581e-13
2.553512956637860043e-13
1.309508057545372139e-13
2.564615186884111608e-13
1.658950754546140161e-12
2.155664535763435197e-12
6.160519316900092690e-10
2.488786954302213417e-12
1.038780172990527717e-12
4.462541447480816714e-13
4.306555112520982220e-13
2.597921877622866305e-13
1.446065489574266394e-13
2.809419363813958626e-13
6.523115381185107253e-13
2.968680856696437331e-12
4.842370615598667882e-09
3.873623644068402427e-12
1.108946268146837610e-12
5.084821452783216955e-13
3.159139616570882936e-13
2.480238237012599711e-13
2.154942890797428845e-13
3.234079670733081002e-13
6.450395773072159500e-13
2.355060590986113311e-12
1.333106958156804467e-10
6.172173883101095271e-12
1.594890886025268628e-12
3.225752998048392328e-13
3.877453913503359217e-13
2.949307464916728350e-13
1.147970607462411863e-13
2.479128013987974555e-13
5.004885395010205684e-13
1.547151295966386897e-12
1.566019536269891432e-11
1.468641874780018952e-11
1.542932448472811302e-12
7.977507543444062321e-13
4.553024623987766972e-13
2.235989171595065272e-13
9.076073226310654718e-14
4.467537451091629919e-13
4.770628336814297654e-13
8.961720254774263594e-13
5.298150806964940784e-12
9.983258664192362630e-11
2.332189996678835087e-12
1.048217068699841548e-12
3.415046023746981518e-13
4.115041640773142717e-13
1.303956942422246357e-13
2.741695759311824077e-13
3.214095656289828185e-13
5.010436510133331467e-13
2.048972103096957653e-12
2.838151935691257677e-11
6.577460798240508666e-12
1.936284466097504264e-12
9.244827126053678512e-13
5.477840403500522370e-13
1.464384169480581477e-13
1.519895320711839304e-13
2.656208586415687023e-13
3.668731984873829788e-13
9.796052857780068734e-13
2.657374320591543437e-12
1.338917920978843767e-09
4.640787754084385597e-12
1.242339564555550169e-12
6.599165658371930476e-13
8.876233081878126541e-14
2.429167977879842510e-13
1.826871987020695087e-13
4.138911435802583583e-13
6.412093078722591599e-13
1.430522367229514202e-12
1.158828588643245894e-11
3.205891108137848278e-11
2.578770530448082354e-12
1.429301121902426530e-12
1.006417171822704404e-13
1.894595591522829636e-13
6.281086761816823127e-13
1.161459817211607515e-12
3.502833578750141896e-10
2.355504680195963374e-12
5.673239655834549922e-13
3.702593787124897062e-13
3.683719995706269401e-13
2.013389455157721386e-13
1.259548021437240095e-13
2.122191311570986727e-13
6.502021143717229279e-13
3.439026841078884900e-12
7.379813427021986172e-11
1.988076370196267817e-12
7.827072323607353610e-13
4.418132526495810453e-13
3.724243136105087615e-13
1.607602939657226671e-13
1.130762150580721936e-13
1.258049220353996134e-12
7.163714066393822577e-13
3.647637747405951814e-12
5.263744995431807183e-11
1.489974810198191335e-12
7.744360708272779448e-13
2.020605904817784904e-13
4.040101586610944651e-13
1.791899961745002656e-13
1.726951914804430999e-13
4.168887457467462809e-13
6.591394097199554380e-13
3.259614800299459603e-12
8.672196294412515272e-11
2.553013356276778723e-12
7.594480599948383315e-13
3.918532165414490009e-13
3.859690345109356713e-13
2.080002836635230778e-13
1.798006188380441017e-13
2.482458683061850024e-13
5.853095785823825281e-13
1.923683434768008738e-12
9.229687569778377565e-10
2.972122548072775317e-12
9.027223413227147830e-13
3.894107258872736566e-13
2.238209617644315585e-13
2.291500322826323099e-13
1.537658889105841808e-13
2.123856646107924462e-13
3.215205879314453341e-13
1.228239732142810681e-12
2.476074900670255374e-11
1.151995165926678055e-11
2.341016269724605081e-12
6.961098364399731508e-13
3.641531520770513453e-13
2.132183318792613136e-13
1.717515019095117168e-13
1.928457393773896911e-13
4.479194792850194062e-13
1.169953023349989962e-12
5.222711152441661397e-12
9.365364039837231758e-11
2.604416682316923470e-12
7.360778653264787863e-13
5.750400156045998301e-13
3.705369344686459954e-13
3.310129947919904225e-13
2.142730437526552123e-13
3.281264149279650155e-13
6.120104423246175429e-13
1.842137553609290990e-12
2.400724063988946000e-11
1.233024793378945105e-11
1.699695939549883406e-12
7.319145289841344493e-13
4.563016631209393381e-13
7.494005416219806648e-14
1.348365863407252618e-13
2.859379399922090670e-13
3.567146578120627964e-13
8.411049634560185950e-13
4.088951399694451538e-12
1.112796688129691347e-09
4.412303855616528381e-12
1.641020652698443882e-12
7.646105970593453094e-13
6.078471059822732059e-14
2.016720124231596856e-13
2.293165657363260834e-13
2.788880237858393230e-13
4.700684286262912792e-13
1.361633028551523239e-12
9.331480033125671980e-12
4.887645843609789154e-11
5.029643368459346675e-12
1.346422973114158594e-12
6.999956170261611987e-14
3.111955138024313783e-13
8.461009670668317995e-13
3.514799562509551834e-12
1.241029501386492484e-11
9.872103134966891957e-13
3.931854841709991888e-13
3.780309398848658020e-13
1.978972541394341533e-13
1.963984530561901920e-13
1.895705814547454793e-13
3.742561816011402698e-13
6.932787677271790017e-13
1.022337769995829149e-11
8.643141757858074925e-12
1.017963491278806032e-12
6.369904603786835651e-13
3.668176873361517210e-13
2.883804306463844114e-13
6.261657858885882888e-13
1.009192729384267295e-13
2.144395772063489858e-13
8.859579736508749193e-13
1.126182480604143166e-11
7.159883796958865787e-12
9.851008897499013983e-13
4.263811526072913693e-13
4.115041640773142717e-13
2.542410726391608478e-13
1.245115122117113060e-13
4.042322032660194964e-13
3.888556143749610783e-13
1.096456259119804599e-12
4.882982906906363496e-12
1.254535364481057513e-11
1.233013691148698854e-12
6.458167334244535596e-13
2.634004125923183892e-13
4.146127885462647100e-13
2.738365090237948607e-13
2.569056078982612235e-13
5.767053501415375649e-13
6.741829317036263092e-13
2.256639319853093184e-12
1.706662589029406263e-10
3.586408947597874430e-12
8.075207169611076097e-13
3.924083280537615792e-13
2.775557561562891351e-13
8.895661984809066780e-13
1.781907954523376247e-13
2.694511280765254924e-13
4.354849814092176530e-13
1.585065412257335993e-12
3.717204322128964122e-11
6.847022948619496674e-12
2.791378239663799832e-12
4.649058915617843013e-13
3.854139229986230930e-13
7.849276784099856741e-13
1.048050535246147774e-13
2.091660178393794922e-13
1.468380972369232040e-12
1.169508934140139900e-12
4.857170221583828607e-12
3.550604255053713132e-11
2.663314013773288025e-12
1.001421168211891199e-12
5.005440506522518262e-13
4.233280392895721889e-13
2.839950496991150430e-13
4.550249066426204081e-13
3.216871213851391076e-13
6.068479052601105650e-13
1.560529483413120033e-12
6.437866906239264608e-11
5.521749724124447312e-12
2.025546397277366850e-12
7.897016374158738472e-13
5.234701561107613088e-13
1.214583988939921255e-13
1.341704525259501679e-13
1.955657857877213246e-13
7.513434319150746887e-13
8.679168495007161255e-13
4.106437412332297754e-12
1.648120528940921758e-10
4.645728246543967543e-12
9.389156119254948862e-13
6.102340854852172924e-13
9.892087149410144775e-14
1.084132783546465362e-13
1.084132783546465362e-13
2.404187959825776488e-13
5.395128788165948208e-13
1.330657806164481372e-12
2.104644236666786128e-11
3.721972730019729170e-11
3.293032513340676815e-12
2.522870801158205722e-12
1.901812041182893154e-13
2.456923553495471424e-13
7.845946115025981271e-13
2.333012782962384790e-08
1.472544308711576377e-12
4.775624340425110859e-13
2.957079026089104445e-13
1.934563620409335272e-13
3.763656053479280672e-13
2.564615186884111608e-13
1.495470414170085860e-13
3.033684414788240247e-13
1.811772953885792958e-12
3.597564302015854310e-09
1.946609540226518220e-12
3.951838856153244706e-13
3.349542865294097282e-13
2.080557948147543357e-13
2.961519918187605072e-13
1.665889648450047389e-13
1.587063813701661275e-13
3.619882171790322900e-13
1.532385329738872315e-12
3.436360085373735274e-10
2.584099600966283106e-12
7.372435995023352007e-13
5.189182417097981670e-13
2.621791672652307170e-13
3.019806626980425790e-13
2.317035452392701700e-13
1.011968286945830187e-13
2.965960810286105698e-13
1.135258553830453820e-12
1.808880822906644426e-11
4.922562357734250327e-12
9.077738560847592453e-13
1.371514013470687132e-12
2.650102359780248662e-13
3.119171587684377300e-13
3.156364059009320044e-13
1.409983241273948806e-13
3.581024365928442421e-13
8.698042286425788916e-13
4.595435143528447952e-12
2.507311025468084154e-11
1.297184581972032902e-12
5.050959650532149681e-13
4.250488849777411815e-13
3.659850200676828536e-13
4.096722960866827634e-13
9.831024883055761165e-14
2.874922522266842861e-13
4.043432255684820120e-13
1.694255846729220139e-12
7.774703658647297289e-10
3.444300400445854393e-12
1.465882970563825438e-12
6.133427099541677308e-13
3.892441924335798831e-13
3.751443600208403950e-13
1.274536032269679708e-13
1.902922264207518310e-13
4.404809850200308574e-13
1.258104731505227392e-12
8.363310044501304219e-12
9.354406138584181463e-12
1.891542478205110456e-12
7.275846591880963388e-13
5.533351554731780197e-13
4.568012634820206586e-13
1.393885007416884037e-13
1.211253319866045786e-13
1.616484723854227923e-13
6.342149028171206737e-13
2.995215186984978573e-12
1.206336142089980967e-09
6.803224650298034248e-12
1.585287456862261024e-12
6.468714452978474583e-13
7.482903185973555082e-13
8.526512829121202230e-14
2.106648189226234535e-13
2.401967513776526175e-13
3.049782648645305017e-13
1.677546990208611533e-12
1.069921928831263358e-11
4.490374738708169389e-11
3.064715148326513372e-12
1.220190615214278296e-12
8.965050923848139064e-13
1.181277298201166559e-13
2.000066778862219508e-13
2.626787676263120375e-13
2.965960810286105698e-13
6.918354777951662982e-13
2.823852263134085661e-12
5.805700364902577348e-11
9.826806035562185571e-12
3.043898466614791687e-12
1.425304319013775967e-12
1.986744102566717629e-13
4.169442568979775388e-13
4.643285755889792199e-12
3.177624829930891792e-12
5.173639294753229478e-13
2.534639165219232382e-13
4.194422587033841410e-13
2.483568906086475181e-13
2.068345494876666635e-13
1.784128400572626560e-13
1.727507026316743577e-13
3.846367668813854834e-13
5.385636381305403120e-12
9.235168185739439650e-12
1.078304112667183290e-12
3.987921104453562293e-13
2.386979502944086562e-13
2.816080701961709565e-13
1.772471058814062417e-13
1.973421426271215751e-13
2.305378110634137556e-13
5.602740493770852481e-13
1.635969137936399420e-12
1.936872884300555597e-11
1.066091659396306568e-12
5.734301922188933531e-13
3.470002063465926767e-13
2.232103391008877225e-13
3.451683383559611684e-13
2.934319454084288736e-13
2.025046796916285530e-13
3.287370375915088516e-13
1.277866701343555178e-12
4.389781500524492230e-07
2.215172489883343587e-12
1.133926286200903633e-12
6.356581927491333772e-13
5.124234370157410012e-13
3.083089339384059713e-13
3.738676035425214650e-13
1.964539642074214498e-13
3.549938121238938038e-13
1.190436638154324100e-12
1.519034897867754808e-11
7.711664640197568588e-12
1.457223230971749217e-12
6.820100040272336628e-13
3.956834859764057910e-13
4.964917366123700049e-13
3.016475957906550320e-13
1.459388165869768272e-13
2.531863607657669490e-13
6.097899962753672298e-13
2.716993297013914344e-12
9.460426886320760786e-11
2.795208509098756622e-12
1.123490189769427161e-12
6.693534615465068782e-13
3.945177518005493766e-13
3.737010700888276915e-13
1.516564651637963834e-13
1.980637875931279268e-13
4.528044605933700950e-13
2.121358644302517860e-12
3.281852567482701488e-11
1.013866768317939204e-11
1.747268996155071363e-12
5.633826738460356864e-13
6.346034808757394785e-13
4.856670621222747286e-13
8.243405957841787313e-14
1.944000516118649102e-13
2.255973186038318090e-13
1.098121593656742334e-12
4.189759650330415752e-12
1.862106580041711368e-10
3.668565451420136014e-12
1.096400747968573341e-12
1.546929251361461866e-12
1.044941910777197336e-12
1.096900348329654662e-13
1.450506381672767020e-13
2.510214258677478938e-13
5.996869667512783053e-13
2.163380585784580035e-12
2.437938739774381247e-11
1.604755217599063144e-11
3.184785768439724052e-12
1.923960990524165027e-12
1.220634704424128358e-12
6.344924585732769629e-14
4.862221736345873069e-13
1.470490396116019838e-13
6.819544928760024050e-13
1.083411138580459010e-12
3.934852443876479811e-12
6.768040239357731025e-09
8.609779555968088971e-12
2.420397215985303774e-12
1.603828181373501138e-12
3.126388037344440818e-13
1.825872786298532446e-12
5.016892457021526752e-11
8.836265052991620905e-13
4.802824804528427194e-13
2.889355421586969896e-13
2.070010829413604370e-13
1.999511667349906929e-13
3.772537837676281924e-13
2.315370117855763965e-13
2.252642516964442621e-13
1.192435039598649382e-12
6.227472981734649693e-10
1.248556813493451045e-12
8.317790900491672801e-13
3.205768983605139510e-13
2.514655150775979564e-13
3.564371020559065073e-13
3.074762666699371039e-13
2.839395385478837852e-13
1.489919299046960077e-13
4.969358258222200675e-13
1.512268088532664478e-11
4.613920356888456809e-12
7.869260798543109559e-13
8.116285421522206889e-13
2.829403378257211443e-13
4.039546475098632072e-13
3.115840918610501831e-13
2.419731082170528680e-13
2.460809334081659472e-13
7.293610160274965892e-13
4.455213975518290681e-12
2.212113825450501281e-11
1.615485523132065282e-12
9.185985305748545215e-13
4.197753256107716879e-13
4.568567746332519164e-13
5.861977570020826533e-13
3.410605131648480892e-13
2.876032745291468018e-13
3.831934769493727799e-13
2.139399768452676653e-12
1.653140957458276716e-10
3.626432487635611324e-12
1.331434962281718981e-12
1.112832048733025658e-12
6.142308883738678560e-13
5.514477763313152536e-13
4.480305015874819219e-13
2.054467707068852178e-13
2.929878561985788110e-13
6.737943536450075044e-13
8.664791106838265478e-12
2.483435679323520162e-11
2.253974784593992808e-12
1.410815908542417674e-12
1.080413536413971087e-12
6.206701819166937639e-13
5.837552663479073090e-13
1.575406471943097131e-13
4.491962357633383363e-13
1.235900271012724261e-12
3.435918216609934461e-12
3.018554850520160926e-10
9.165945780154061140e-12
2.971622947711693996e-12
1.501021529293211643e-12
1.893873946556823284e-12
9.043876758596525178e-13
1.728617249341368733e-13
2.160494005920554628e-13
4.429789868254374596e-13
1.662225912468784372e-12
8.401390694245947088e-12
6.663869456247084599e-11
4.399869357740726628e-12
2.609523708230199190e-12
1.535327420754128980e-12
1.606492716632601514e-12
2.366440376988521166e-13
1.674216321134736063e-13
3.910760604242113914e-13
8.433254095052689081e-13
3.043787444312329171e-12
7.606204555088424968e-11
1.596378584878266338e-11
4.295619415728424428e-12
3.001821013981498254e-12
1.873889932113570467e-12
1.413869021860136854e-13
1.900146706645955419e-13
2.254307851501380355e-13
6.047384815133227676e-13
1.473043909072657698e-12
9.772571640809246674e-12
1.172122343628956287e-09
1.427707951862089431e-11
3.673283899274792930e-12
3.064215547965432052e-12
