-5.688464809696520685e-01 -4.467357039538698560e-01 -7.864824279354443171e-01
-7.253668840106846094e-01 -4.449110621618327377e-01 -9.318522249453232709e-01
-8.907737171567777779e-01 -4.172668556916566684e-01 -1.078611585929497352e+00
-1.056743375981820110e+00 -3.627024834991889324e-01 -1.218271286721066993e+00
-1.215774984057823582e+00 -2.832553350731819020e-01 -1.343096476615958323e+00
-1.362982457120648139e+00 -1.838860011166834341e-01 -1.447995242895766754e+00
-1.496418902012906393e+00 -7.147534798599924910e-02 -1.530969009206045950e+00
4.666945928953174061e+00 4.643778100678271764e-02 -1.592455957883141204e+00
4.559630932431018913e+00 1.627542085662017635e-01 -1.634402902315308825e+00
4.463687471703957854e+00 2.715533695579281925e-01 -1.659582940918159055e+00
-6.952797575845903744e-01 -4.471294226096323432e-01 -9.044091643697416139e-01
-8.555914921191951628e-01 -4.253382962984951776e-01 -1.047988727370279260e+00
-1.018716768288248309e+00 -3.776672837778373149e-01 -1.187025808605298716e+00
-1.177369576988467115e+00 -3.050130737499753830e-01 -1.313907539487599196e+00
-1.326265302123606826e+00 -2.110862616482135357e-01 -1.422983440854649784e+00
-1.462830593766756504e+00 -1.017446117957377244e-01 -1.511372599824880592e+00
4.696439796201194561e+00 1.607475872290466470e-02 -1.578642400804394441e+00
4.584232804674823747e+00 1.354128945104700055e-01 -1.626007326692356925e+00
4.482462700834305203e+00 2.501070964565427213e-01 -1.655636090738561883e+00
4.390188685628791276e+00 3.552786078022606708e-01 -1.670252805391902129e+00
-8.076929076644775440e-01 -4.344171759687689427e-01 -1.005774172316031834e+00
-9.664068680761782604e-01 -3.958303336462993816e-01 -1.143285555811277110e+00
-1.123650112532670997e+00 -3.326639175408766524e-01 -1.272013805630010319e+00
-1.273725824589476030e+00 -2.471997625281492916e-01 -1.385806088750883847e+00
-1.413244625961627809e+00 -1.440235255946240023e-01 -1.480800752866369807e+00
-1.541123003963043026e+00 -2.922368340668428724e-02 -1.555527586776437543e+00
4.625317415060568038e+00 9.057946358110643970e-02 -1.610335238058787422e+00
4.518496346001300346e+00 2.090922750365691862e-01 -1.646707461193719579e+00
4.420409485048494069e+00 3.209661102906221086e-01 -1.666797306161749814e+00
4.330377161951698639e+00 4.221276877866489974e-01 -1.673213662312217132e+00
-8.960333201059356156e-01 -4.159576273790480117e-01 -1.083161093183513168e+00
-1.050669799008963068e+00 -3.651938365337921155e-01 -1.213313388215453204e+00
-1.201472786830652506e+00 -2.915545449348510010e-01 -1.332304794492017441e+00
-1.344088972423778117e+00 -1.980851537694260367e-01 -1.435229618717175581e+00
-1.476353932504408162e+00 -8.971333609470992509e-02 -1.519375566102683539e+00
4.685202001520582193e+00 2.754861744112060279e-02 -1.584013866932684644e+00
4.573351903542138608e+00 1.474651365658879998e-01 -1.629814206220381090e+00
4.470039466780798776e+00 2.642947379748660230e-01 -1.658302345014473378e+00
4.374221018831023322e+00 3.732892014172788375e-01 -1.671548372411241212e+00
4.285442915795627528e+00 4.709350453182640783e-01 -1.672056654369915574e+00
-9.534780969743315016e-01 -3.998951088418281063e-01 -1.132346677615570396e+00
-1.104313823284486684e+00 -3.418394127382373138e-01 -1.256652119444344295e+00
-1.250296316223197257e+00 -2.622495781801977843e-01 -1.368742119377759359e+00
-1.387883698256174192e+00 -1.645163419303752872e-01 -1.464464319871979781e+00
-1.515557354378293198e+00 -5.365610213112777249e-02 -1.541703317946485408e+00
4.649793088718173983e+00 6.445353030883063661e-02 -1.600058331049773130e+00
4.540818970455065440e+00 1.838628216706731655e-01 -1.640303952108471019e+00
4.439499347326862022e+00 2.991908150790361098e-01 -1.663941598226685192e+00
4.344907790437953388e+00 4.060562715450358184e-01 -1.672968706174029707e+00
4.256749724161314141e+00 5.012728436006010924e-01 -1.669822271358676113e+00
-9.763258508604921726e-01 -3.925987231657610543e-01 -1.151644404572255143e+00
-1.125423361042612536e+00 -3.318020293639871721e-01 -1.273415372760143827e+00
-1.269376520185258483e+00 -2.500423132372114332e-01 -1.382660146138277701e+00
-1.404944035019423110e+00 -1.508161214226520497e-01 -1.475503704210007427e+00
-1.530823536670352203e+00 -3.915142618472244873e-02 -1.550030892880726263e+00
4.635978175802510926e+00 7.914200880046891318e-02 -1.605943073121776310e+00
4.528084894999091503e+00 1.982341900999891326e-01 -1.644037551689819354e+00
4.427500013836708881e+00 3.128841371151560025e-01 -1.665797055968531337e+00
4.333349085369580855e+00 4.188510742662661657e-01 -1.673188284375755064e+00
4.245397819049563815e+00 5.130741857766561997e-01 -1.668621761481643873e+00
-9.632843853951310598e-01 -3.968273763987033576e-01 -1.140648024411079042e+00
-1.113387444078075328e+00 -3.375842500535795043e-01 -1.263878604167511854e+00
-1.258506482733000809e+00 -2.570492826171972278e-01 -1.374754135207412409e+00
-1.395227518591978466e+00 -1.586616094293777368e-01 -1.469241403691915249e+00
-1.522128778256234716e+00 -4.744330381499040072e-02 -1.545314155704135439e+00
4.643847015717541105e+00 7.075650335727871887e-02 -1.602617335838689261e+00
4.535341408816623954e+00 1.900368959139957237e-01 -1.641935842528340794e+00
4.434341187057722067e+00 3.050796020511507001e-01 -1.664764297216004385e+00
4.339941931700729505e+00 4.115624307474913812e-01 -1.673086669349674205e+00
4.251875662587165650e+00 5.063548876595616033e-01 -1.669328729102095288e+00
-9.150761214724189019e-01 -4.109915527832906368e-01 -1.099568834964792075e+00
-1.068546033022750086e+00 -3.577506077840945653e-01 -1.227869244274659710e+00
-1.217799052654641612e+00 -2.820617728505718791e-01 -1.344616169771742031e+00
-1.358758530626202443e+00 -1.870978400610811276e-01 -1.445161045054684568e+00
-1.489488638473139615e+00 -7.782631940788763136e-02 -1.527003387988541405e+00
4.673347889881612538e+00 3.977945723184920374e-02 -1.589536137289515816e+00
4.562476866485936533e+00 1.595750974994233073e-01 -1.633470793951454558e+00
4.459848219211047571e+00 2.759408725450868127e-01 -1.660329635204690790e+00
4.364456575826867635e+00 3.842500227897215903e-01 -1.672159244845085935e+00
4.275899835746884037e+00 4.811029424118704600e-01 -1.671441630047219462e+00
-8.346746543432110865e-01 -4.295727267347459466e-01 -1.029627194526883560e+00
-9.923876550153092335e-01 -3.871560736159316840e-01 -1.165116112495814482e+00
-1.147807975571333072e+00 -3.206255694276459178e-01 -1.291000325330665888e+00
-1.295653024859981794e+00 -2.325275745215850953e-01 -1.401510995165736073e+00
-1.432936027931998479e+00 -1.275818203322722777e-01 -1.493165561972099376e+00
-1.558852385509827743e+00 -1.187209960351333013e-02 -1.564753580358412721e+00
4.609147519843214802e+00 1.080884880989951696e-01 -1.616744231617964322e+00
4.503459290420277483e+00 2.261737770785560708e-01 -1.650647228142638090e+00
4.406117779498132769e+00 3.372234832688990602e-01 -1.668594870264140217e+00
4.316511394858258299e+00 4.373407566933945056e-01 -1.673164417808136628e+00
-7.279898044724062434e-01 -4.446762519971973471e-01 -9.342336462036021638e-01
-8.882877829978182982e-01 -4.178765521198498090e-01 -1.076458910881185282e+00
-1.050019429628129108e+00 -3.654583610136119542e-01 -1.212781700379342409e+00
-1.206323778435208993e+00 -2.887658880986295751e-01 -1.335975762640523978e+00
-1.352493595311203611e+00 -1.918215758888165701e-01 -1.440936346420789382e+00
-1.486448097377621291e+00 -8.059575772637381230e-02 -1.525250527020869828e+00
4.675026461398543276e+00 3.804007210633456731e-02 -1.588763322838979253e+00
4.564505028874327408e+00 1.573118917679218187e-01 -1.632799998857542567e+00
4.463911117372556525e+00 2.712978086458083249e-01 -1.659538946159700767e+00
4.372375180117837878e+00 3.753638149226596887e-01 -1.671674185898119891e+00
-6.084714849520475033e-01 -4.485860219928276549e-01 -8.239119084920839553e-01
-7.720357411134844972e-01 -4.397547081884967124e-01 -9.739673968415263339e-01
-9.428291175022475157e-01 -4.031179861742878456e-01 -1.123299501253208543e+00
-1.111998924067659544e+00 -3.382412678662611860e-01 -1.262774780153513854e+00
-1.272259491202197612e+00 -2.481606528214606588e-01 -1.384746505940485539e+00
-1.419462695676809272e+00 -1.388814411835674612e-01 -1.484736210495947839e+00
-1.552500238027875179e+00 -1.812637295746184068e-02 -1.561482844318729413e+00
4.611016274166414242e+00 1.060552295707524323e-01 -1.616019230383609839e+00
4.503258714050253353e+00 2.264023264855238304e-01 -1.650697919213093279e+00
4.406200944043489720e+00 3.371290428320225518e-01 -1.668585206879655392e+00
-7.357750550544311929e-01 -4.439407922714759813e-01 -9.412925570957901833e-01
-9.006802590468718783e-01 -4.147784827549325093e-01 -1.087173919330755467e+00
-1.066690138757665718e+00 -3.585390001602351551e-01 -1.226363123962615154e+00
-1.226554265777010544e+00 -2.768446385241586372e-01 -1.351166661761503462e+00
-1.375502559767653565e+00 -1.742406654673271660e-01 -1.456327242921114706e+00
-1.511646388459018997e+00 -5.732998098656662961e-02 -1.539536459435612681e+00
4.647930800797398732e+00 6.642456811793777394e-02 -1.600864195399615664e+00
4.535543406266895339e+00 1.898091318111769510e-01 -1.641876474747033354e+00
4.432954730637944429e+00 3.066620025705014685e-01 -1.664979027605455020e+00
4.339267206813418376e+00 4.123099256823936631e-01 -1.673099993658806017e+00
-8.425497748368399042e-01 -4.280275734571962198e-01 -1.036553762769188536e+00
-1.003848372778481490e+00 -3.831127040809920170e-01 -1.174680016157400253e+00
-1.162454357511324421e+00 -3.130125134944433118e-01 -1.302395794075691393e+00
-1.312899166395111061e+00 -2.205857194768937879e-01 -1.413674843776611345e+00
-1.452244251016701071e+00 -1.110143499695959157e-01 -1.505005069932612738e+00
4.703312965533927859e+00 9.116714299325250070e-03 -1.575292768748911332e+00
4.586545773434852258e+00 1.328598429003817749e-01 -1.625179155827919830e+00
4.479235697820865170e+00 2.537909960450994706e-01 -1.656349107931276876e+00
4.380149883604800287e+00 3.666128266494381727e-01 -1.671110167751392206e+00
4.288698976928491113e+00 4.674493145735162947e-01 -1.672237168265079177e+00
-9.195118270817901340e-01 -4.097839247622986902e-01 -1.103376207534572329e+00
-1.075775440946689310e+00 -3.546447726776834064e-01 -1.233724012809945370e+00
-1.227534135034525686e+00 -2.762552233730759532e-01 -1.351897422645414792e+00
-1.370584095176265338e+00 -1.780525066776261767e-01 -1.453066277608139556e+00
-1.503023065606470032e+00 -6.537229080556704319e-02 -1.534709633610779722e+00
4.658358017452695954e+00 5.542633083771104918e-02 -1.596302861205637358e+00
4.546143584589819930e+00 1.778725137633682118e-01 -1.638680063620141736e+00
4.442180951834845182e+00 2.961282049364235003e-01 -1.663498989008102225e+00
4.345427788881342401e+00 4.054789981393220888e-01 -1.672954328597972218e+00
4.255524645753056667e+00 5.025520727906789276e-01 -1.669701322816127487e+00
-9.618005385262570206e-01 -3.972976265590864031e-01 -1.139393667923223719e+00
-1.114237578200045542e+00 -3.371810957286944799e-01 -1.264553891356066773e+00
-1.261538935636225878e+00 -2.551085900472940260e-01 -1.376965768448532801e+00
-1.400145278035101359e+00 -1.547046120784482948e-01 -1.472419345621823084e+00
-1.528607766340814855e+00 -4.127247676293735457e-02 -1.548835515932117657e+00
4.636074238506739498e+00 7.903926440616708404e-02 -1.605902813590025735e+00
4.526461246996742460e+00 2.000704591910679453e-01 -1.644498048966224868e+00
4.424482888587658813e+00 3.163243805944204179e-01 -1.666231469269202847e+00
4.329221885460739827e+00 4.234000868471725632e-01 -1.673220262977346717e+00
4.240449419587509539e+00 5.181804884199223693e-01 -1.668042763415606755e+00
-9.680383642984378145e-01 -3.953056062824247263e-01 -1.144662298237250075e+00
-1.119133864947500223e+00 -3.348434968618732022e-01 -1.268438941458215563e+00
-1.265086881439266175e+00 -2.528239933555293528e-01 -1.379547596947290344e+00
-1.402447022818020139e+00 -1.528428394343518126e-01 -1.473900938065697330e+00
-1.529810079236407327e+00 -4.012208529504154852e-02 -1.549484830285364545e+00
4.635832416654263710e+00 7.929775450303003237e-02 -1.606003770391770225e+00
4.527080867591489977e+00 1.993694385014182502e-01 -1.644322679093935147e+00
4.425912812025019072e+00 3.146938219246662172e-01 -1.666027124009506144e+00
4.331452266175419119e+00 4.209430106968830021e-01 -1.673205812956021887e+00
4.243493166195885458e+00 5.150415524565038483e-01 -1.668402749644962046e+00
-9.392188408162200908e-01 -4.041851427223456805e-01 -1.120225022390349379e+00
-1.091538225411461172e+00 -3.476796898957682513e-01 -1.246425068777204048e+00
-1.239219611117085673e+00 -2.691405465386932372e-01 -1.360577042056646535e+00
-1.378437067251357062e+00 -1.719522386728788155e-01 -1.458265260167799227e+00
-1.507476950991915698e+00 -6.122884460350251634e-02 -1.537210657482589893e+00
4.656867506611185981e+00 5.699296970547134550e-02 -1.596962209185579740e+00
4.547285097133670462e+00 1.765902516552490531e-01 -1.638327169283627649e+00
4.445765059958864285e+00 2.920344005243736829e-01 -1.662891688232009946e+00
4.351389519747508317e+00 3.988482052812934442e-01 -1.672761467644500621e+00
4.263879305191459856e+00 4.938010098696153927e-01 -1.670485046372480076e+00
-8.781956359836509129e-01 -4.202897774257572938e-01 -1.067701786671771291e+00
-1.033377746466465075e+00 -3.720757978683991718e-01 -1.199129179483492402e+00
-1.185228034527830543e+00 -3.006974479749190410e-01 -1.319934036549789136e+00
-1.329065288243690857e+00 -2.090686900999132736e-01 -1.424920262357142198e+00
-1.462434247021534794e+00 -1.020938615645036324e-01 -1.511136038164664797e+00
4.698333261450565956e+00 1.415348480166518826e-02 -1.577724680113117728e+00
4.586126439544122135e+00 1.333220570004759742e-01 -1.625329760095743037e+00
4.482945945428602919e+00 2.495549613507005993e-01 -1.655527892565314518e+00
4.387778670381631940e+00 3.580029111862924607e-01 -1.670472023441343934e+00
4.300184307046744259e+00 4.550853320415915171e-01 -1.672753311449326707e+00
-7.897854334574828661e-01 -4.372490455540798404e-01 -9.898410159481961790e-01
-9.476560719300610725e-01 -4.016709307119022410e-01 -1.127404352547803246e+00
-1.104818865710644138e+00 -3.416049907143323683e-01 -1.257055133462118723e+00
-1.255312660693785887e+00 -2.590816190732681545e-01 -1.372419387847192418e+00
-1.395401861832999968e+00 -1.585217315907937186e-01 -1.469354353637488231e+00
-1.523704947041163660e+00 -4.594638397359648851e-02 -1.546174291796569511e+00
4.642666475728318254e+00 7.201148204388423124e-02 -1.603120713743093395e+00
4.536263289494995909e+00 1.889971397206541559e-01 -1.641663947138577662e+00
4.439151279235726832e+00 2.995883751235033921e-01 -1.663998364790068241e+00
4.350676403659583080e+00 3.996423198994520365e-01 -1.672787113305475026e+00
-6.810741189148350472e-01 -4.478735785873323438e-01 -8.913716052219367025e-01
-8.390469957769944864e-01 -4.287222811486512408e-01 -1.033474666168190392e+00
-1.000614372037433863e+00 -3.842669879257039067e-01 -1.171985543374927552e+00
-1.158446865138825332e+00 -3.151193486688673717e-01 -1.299286645690865605e+00
-1.307000880411878452e+00 -2.247099517706211691e-01 -1.409533848535858391e+00
-1.443371210211858768e+00 -1.186825351906336534e-01 -1.499599902699684240e+00
-1.566938559246960905e+00 -3.850106966576657529e-03 -1.568860141821437626e+00
4.604754636849222038e+00 1.128768171876603638e-01 -1.618431958918938429e+00
4.504202245170207064e+00 2.253287429335425751e-01 -1.650459781239043799e+00
4.413714160775490392e+00 3.285879745305451127e-01 -1.667675901357873691e+00
-6.432464468168673788e-01 -4.488957862838328650e-01 -8.563988479363912054e-01
-8.158321976829300270e-01 -4.330289202698942574e-01 -1.012989780275124652e+00
-9.944426322690382847e-01 -3.864406141947020479e-01 -1.166834254655328307e+00
-1.169272975714499729e+00 -3.093863891414060929e-01 -1.307670446188989866e+00
-1.332968377596638554e+00 -2.062408980279272219e-01 -1.427611938787894497e+00
-1.482040346159872790e+00 -8.459128767215173816e-02 -1.522695661503000286e+00
4.666945153059176121e+00 4.643857990678691705e-02 -1.592456318243949509e+00
4.546151555795716170e+00 1.778634604610984660e-01 -1.638677594246068958e+00
4.436986331385663895e+00 3.020599301142213311e-01 -1.664347054022241812e+00
4.338281493564525526e+00 4.134013557162744545e-01 -1.673118246483294103e+00
-7.662606810670707924e-01 -4.405054795444858784e-01 -9.687855119341549637e-01
-9.381241616607816081e-01 -4.045061065360077701e-01 -1.119291768847516577e+00
-1.109875908778197084e+00 -3.392414674761516369e-01 -1.261085713908594474e+00
-1.273836291233310103e+00 -2.471274100178237343e-01 -1.385885867293002782e+00
-1.425432220875522349e+00 -1.339018892132190219e-01 -1.488487528364030421e+00
-1.563342013624969162e+00 -7.426280140194787584e-03 -1.567041524915801620e+00
4.594772147124015049e+00 1.238056936720711571e-01 -1.622180863583682742e+00
4.480840547029494303e+00 2.519582254963162460e-01 -1.655996329850352389e+00
4.376513111103730758e+00 3.707096694798808212e-01 -1.671384918237441619e+00
4.281056048956741300e+00 4.756185595586399084e-01 -1.671789844581071272e+00
-8.624183713417479247e-01 -4.238652566346995942e-01 -1.053956819156107061e+00
-1.029403469319149833e+00 -3.736133027316361210e-01 -1.195855219963704474e+00
-1.192862763496425726e+00 -2.964378597615574540e-01 -1.325762663755525539e+00
-1.347033403592701850e+00 -1.959001952468574226e-01 -1.437234242496813863e+00
-1.489116198465499030e+00 -7.816608089404374071e-02 -1.526788886381182708e+00
4.664332076436867425e+00 4.916713781774134651e-02 -1.593635367149223825e+00
4.545725028363650999e+00 1.783429325937937182e-01 -1.638809114752729945e+00
4.436629484990364247e+00 3.024675366044122793e-01 -1.664403982220086453e+00
4.335801920574431811e+00 4.161426162728519840e-01 -1.673157653485674468e+00
4.242852838873994337e+00 5.157032013482353294e-01 -1.668328094839902187e+00
-9.245149913598892377e-01 -4.083985592617210836e-01 -1.107664411747812050e+00
-1.086158096133306383e+00 -3.500868705764578759e-01 -1.242099851160585189e+00
-1.242828346547960150e+00 -2.669113161342488993e-01 -1.363243842293468955e+00
-1.389959339857949061e+00 -1.628679384112196593e-01 -1.465818308593204833e+00
-1.525630056909820231e+00 -4.411460990136823607e-02 -1.547221767535151837e+00
4.633183750683197211e+00 8.213164076607346042e-02 -1.607106948197621010e+00
4.518846319077905349e+00 2.086956845881656475e-01 -1.646612153675142132e+00
4.413077527631029895e+00 3.293125470926751563e-01 -1.667756013908881396e+00
4.314856292320998321e+00 4.391481884175861827e-01 -1.673140215645184004e+00
4.224008430652324009e+00 5.349762904887431780e-01 -1.665879015448904488e+00
-9.503280698373794966e-01 -4.008600640887241551e-01 -1.129673681174798938e+00
-1.108350392008875973e+00 -3.399573178461252065e-01 -1.259870834596455103e+00
-1.261066826155897047e+00 -2.554114009844438149e-01 -1.376621863531242829e+00
-1.404394908149225518e+00 -1.512621003790124430e-01 -1.475151893597584030e+00
-1.536698262890020761e+00 -3.350265390628123785e-02 -1.553178345512729042e+00
4.624976408094189750e+00 9.094664031146858230e-02 -1.610473331865106328e+00
4.513062089732185811e+00 2.152584149093771104e-01 -1.648166403617296494e+00
4.409401237612590840e+00 3.334927637903806197e-01 -1.668207728486367669e+00
4.313094038776779549e+00 4.410708058283074884e-01 -1.673109980285769849e+00
4.224050285139865579e+00 5.349338590738030863e-01 -1.665884954865066936e+00
-9.409169885326230665e-01 -4.036846844597247741e-01 -1.121671474463957541e+00
-1.097720944821465761e+00 -3.448749849850819005e-01 -1.251382198522303923e+00
-1.249558075054768125e+00 -2.627132087366286228e-01 -1.368199950371191465e+00
-1.392260344571168540e+00 -1.610350013050559914e-01 -1.467315783026782006e+00
-1.524042812323094687e+00 -4.562504211314649671e-02 -1.546358439012544883e+00
4.638197224597304213e+00 7.677192127471621497e-02 -1.605012161625112288e+00
4.527012101804164246e+00 1.994476261685181329e-01 -1.644342144437269004e+00
4.424316537086479428e+00 3.165139811575166662e-01 -1.666254989938944053e+00
4.329233893447542947e+00 4.233871351639476588e-01 -1.673220004065814726e+00
4.241641188685776775e+00 5.169523031531157997e-01 -1.668185260376073842e+00
-8.992979059305379330e-01 -4.151313250978680980e-01 -1.085980972133956168e+00
-1.056846572200998535e+00 -3.626601695456025953e-01 -1.218355225109915674e+00
-1.210462652353363477e+00 -2.863650351412479478e-01 -1.339099496238709053e+00
-1.355394815090049665e+00 -1.896398855600815447e-01 -1.442895866447053033e+00
-1.489305736866590291e+00 -7.799334855340536721e-02 -1.526898050327647915e+00
4.671284827982078447e+00 4.192119701877530802e-02 -1.590481806254809394e+00
4.559118960731950665e+00 1.633262597265669192e-01 -1.634569601694322527e+00
4.456157954857207670e+00 2.801583617187773934e-01 -1.661027850172785536e+00
4.361471295924013170e+00 3.875923280880618216e-01 -1.672318270286787589e+00
4.274810405637738064e+00 4.822589414467547964e-01 -1.671363378032728608e+00
-8.299067486888024314e-01 -4.304793352522158223e-01 -1.025425870826491836e+00
-9.889086496042072127e-01 -3.883569276684154525e-01 -1.162204743259966255e+00
-1.146020548895422708e+00 -3.215383267857330196e-01 -1.289603700802899988e+00
-1.295473726186783914e+00 -2.326498252107680464e-01 -1.401383629817750887e+00
-1.433924203984555001e+00 -1.267444871843931009e-01 -1.493778534461919882e+00
-1.560371600173284579e+00 -1.037003827015532502e-02 -1.565530009204160855e+00
4.607834676046345557e+00 1.095183498880359513e-01 -1.617250944151993330e+00
4.503182569662774526e+00 2.264889790579606155e-01 -1.650716936699965443e+00
4.407834770682694803e+00 3.352726896016105518e-01 -1.668394264182564868e+00
4.321350118201192636e+00 4.320466562436352520e-01 -1.673212922143304082e+00
-7.385661949026109951e-01 -4.436631944790013771e-01 -9.438192012418105126e-01
-8.979123914451760946e-01 -4.154834277047834146e-01 -1.084784550999559505e+00
-1.058756945093999091e+00 -3.618680689456034716e-01 -1.219912169136108115e+00
-1.214085846163448945e+00 -2.842477333236407278e-01 -1.341826954816652595e+00
-1.359061702346254563e+00 -1.868677449494486054e-01 -1.445364752079350668e+00
-1.491499695509332035e+00 -7.598886752384641230e-02 -1.528158584145552279e+00
4.671917433423412369e+00 4.126408300520478106e-02 -1.590192529354752082e+00
4.563902111299556807e+00 1.579845690345532128e-01 -1.633000017078303001e+00
4.466557692061312146e+00 2.682734947221609989e-01 -1.659011265086738129e+00
4.379218863658078220e+00 3.676618329086875359e-01 -1.671182341254356496e+00
-6.324763320153927726e-01 -4.489290270152986317e-01 -8.463725211658000847e-01
-7.890997366589598272e-01 -4.373513912506865609e-01 -9.892292476355287745e-01
-9.519626587585130473e-01 -4.003605003981485222e-01 -1.131061231683168744e+00
-1.113046166508921520e+00 -3.377458192865337994e-01 -1.263607395572772463e+00
-1.265703503005333186e+00 -2.524253811774453404e-01 -1.379995574119227575e+00
-1.405987021402046455e+00 -1.499670414622912840e-01 -1.476171952426469813e+00
-1.532579220438039291e+00 -3.746745206278954271e-02 -1.550974770570240358e+00
4.637329257712823782e+00 7.769864707817729366e-02 -1.605376836922678185e+00
4.536362338648906700e+00 1.888853024440522443e-01 -1.641634655137860221e+00
4.446848137791600486e+00 2.907968849219778051e-01 -1.662704575043497890e+00
-6.716067267502241478e-01 -4.482607493118231923e-01 -8.826538683680965613e-01
-8.559954284320491213e-01 -4.252525174492394200e-01 -1.048342337579422523e+00
-1.045576081920790434e+00 -3.672532785902794528e-01 -1.209145670571673659e+00
-1.228942161907272235e+00 -2.754063681216341597e-01 -1.352946966430941478e+00
-1.398401495178301701e+00 -1.561111042331940202e-01 -1.471294404136973322e+00
-1.551174937019453859e+00 -1.942592702261921808e-02 -1.560795523188578393e+00
4.595165908581436476e+00 1.233734837916595911e-01 -1.622035174996999896e+00
4.472071923928268689e+00 2.619727136518810728e-01 -1.657880725634930386e+00
4.360752757296607385e+00 3.883968944630798448e-01 -1.672354919334288148e+00
4.260362350481935678e+00 4.974927762322818858e-01 -1.670167113568178374e+00
-7.856031889771917243e-01 -4.378665179616709757e-01 -9.861076787288891587e-01
-9.675684173939432808e-01 -3.954569303489890442e-01 -1.144266134037983829e+00
-1.148542743070599448e+00 -3.202494650069963034e-01 -1.291574195444333828e+00
-1.319788910076661104e+00 -2.157157436338009160e-01 -1.418486343306767372e+00
-1.476662572451332256e+00 -8.943637826973412086e-02 -1.519556291087835964e+00
4.664783267220782292e+00 4.869547283092565820e-02 -1.593432190457711339e+00
4.536674156421745430e+00 1.885335016910037742e-01 -1.641542389339098351e+00
4.420102404650539718e+00 3.213152285572459799e-01 -1.666838937429772516e+00
4.313549170514103359e+00 4.405746213146298773e-01 -1.673118017246717937e+00
4.216694637803486856e+00 5.423616731555191972e-01 -1.664798768724028211e+00
-8.676795486062930385e-01 -4.227001033894447479e-01 -1.058547409476662926e+00
-1.043923368802752272e+00 -3.679156433813390303e-01 -1.207791617406206441e+00
-1.216026435771082381e+00 -2.831068625730632227e-01 -1.343285559839690224e+00
-1.377329189028493328e+00 -1.728173664807520216e-01 -1.457534394282257395e+00
-1.524899523701352511e+00 -4.480985624961355412e-02 -1.546824751481559845e+00
4.624359342818104679e+00 9.161131768748266568e-02 -1.610723205287180715e+00
4.502444453581785133e+00 2.273288264982835927e-01 -1.650902321384264848e+00
4.390702742096021183e+00 3.546968382641261797e-01 -1.670205026589807851e+00
4.287986496205877351e+00 4.682130116075828852e-01 -1.672198938111308930e+00
4.194307955564577028e+00 5.646231399933407946e-01 -1.661048483260398889e+00
-9.135980079215580973e-01 -4.113897576486616470e-01 -1.098298775662703175e+00
-1.084291358903632707e+00 -3.509146758100178398e-01 -1.240597068577344864e+00
-1.249699626219705539e+00 -2.626244725424563553e-01 -1.368303941405605517e+00
-1.404302182335925409e+00 -1.513376364602268265e-01 -1.475092154035502201e+00
-1.545890249778771874e+00 -2.459048785501788403e-02 -1.558037953709517920e+00
4.608398102162531984e+00 1.089046116259650004e-01 -1.617033915161627533e+00
4.490657988458251815e+00 2.407564848209691466e-01 -1.653760435883177671e+00
4.382471250186856793e+00 3.639950604312011118e-01 -1.670924755847391419e+00
4.282917251395828018e+00 4.736338512163255632e-01 -1.671906532562059455e+00
4.192154227712833858e+00 5.667370743055799576e-01 -1.660652743957116151e+00
-9.238737419586635635e-01 -4.085774777588470630e-01 -1.107114983926751783e+00
-1.090812363619552805e+00 -3.480064770646043582e-01 -1.245842036118783414e+00
-1.252482931693962742e+00 -2.608723500690508512e-01 -1.370346809919298803e+00
-1.403701228036357218e+00 -1.518253180078847908e-01 -1.474706727525973760e+00
-1.542349542370595739e+00 -2.803346088126614302e-02 -1.556175606252171217e+00
4.614534596439567871e+00 1.022343763131402655e-01 -1.614643176247576362e+00
4.499221320583115968e+00 2.309981902872296766e-01 -1.651702604821318143e+00
4.393449736918667803e+00 3.515883308595678103e-01 -1.669943086472909899e+00
4.296388441349030529e+00 4.591831390855427575e-01 -1.672603658004916394e+00
4.208188777700489602e+00 5.508809642958529817e-01 -1.663452059300578822e+00
-9.016348774584338477e-01 -4.145337796606282099e-01 -1.087997622929840924e+00
-1.066782260695746665e+00 -3.585001601851890984e-01 -1.226437936052012567e+00
-1.227510513406724568e+00 -2.762692751302180394e-01 -1.351879951085218634e+00
-1.378355951737299856e+00 -1.720157557821086758e-01 -1.458211783179045318e+00
-1.516812103265633427e+00 -5.247307649654898293e-02 -1.542395993636112683e+00
4.640424362277698833e+00 7.439781924738231300e-02 -1.604072800084699768e+00
4.525847394101030652e+00 2.007656360810139429e-01 -1.644671446270611348e+00
4.421294023128318429e+00 3.199578862140962099e-01 -1.666676266775190651e+00
4.325916919127812399e+00 4.270358431046419323e-01 -1.673227988770072505e+00
4.239743130767902102e+00 5.189078343531070558e-01 -1.667957502030684935e+00
-8.513124525701181167e-01 -4.262385721717769638e-01 -1.044241541957178665e+00
-1.015877052171511252e+00 -3.787249332285286818e-01 -1.184673367709123015e+00
-1.177765633746577612e+00 -3.047973556210696877e-01 -1.314211784994352428e+00
-1.330749659706066845e+00 -2.078508908925980059e-01 -1.426082837668347647e+00
-1.471492297585432985e+00 -9.406293966502729531e-02 -1.516515695907821204e+00
4.683926707629234798e+00 2.885833823275256796e-02 -1.584615261354330951e+00
4.568328675214592849e+00 1.530511578184046151e-01 -1.631521664186131648e+00
4.463638520150004396e+00 2.716091695646972726e-01 -1.659592668452200215e+00
4.368924994547400686e+00 3.792390132218867449e-01 -1.671896579489903889e+00
4.284015347551391351e+00 4.724608465865076656e-01 -1.671972687972345106e+00
-7.781459515974167296e-01 -4.389261522558535744e-01 -9.794407810026520833e-01
-9.420295239966132161e-01 -4.033553624302995688e-01 -1.122618874051623861e+00
-1.106075846922323080e+00 -3.410199768083962413e-01 -1.258057915482755362e+00
-1.262994198407113799e+00 -2.541733198928723958e-01 -1.378025585668507746e+00
-1.408167190447282779e+00 -1.481880600869406595e-01 -1.477566657056104793e+00
-1.539866175108569601e+00 -3.044135309376818505e-02 -1.554861992135891491e+00
4.624827502215048902e+00 9.110714304062150770e-02 -1.610533682397872868e+00
4.518443164187596395e+00 2.091529396990094714e-01 -1.646722119652692218e+00
4.423141172573089364e+00 3.178538792114606326e-01 -1.666420497301818626e+00
4.338503106224634642e+00 4.131554652170633668e-01 -1.673114036175504138e+00
-6.880891694582226270e-01 -4.475301905681366432e-01 -8.978160161315305032e-01
-8.496357388962579860e-01 -4.265869153664594848e-01 -1.042772159701235601e+00
-1.015377172863950017e+00 -3.789102967505953989e-01 -1.184258836826454386e+00
-1.176980768537157607e+00 -3.052246036629334136e-01 -1.313609006825457337e+00
-1.328183900395312866e+00 -2.097048542067364574e-01 -1.424311058051029422e+00
-1.465777335832155082e+00 -9.914101415713684473e-02 -1.513129229505649320e+00
4.694067408071571634e+00 1.848723896668626882e-02 -1.579787404893965075e+00
4.584234447965777726e+00 1.354111690603238827e-01 -1.626006804826871432e+00
4.486858694206286025e+00 2.450901102887731997e-01 -1.654641433941435258e+00
4.401277902750246440e+00 3.427171032678053564e-01 -1.669137134408325673e+00
-5.876521634911385794e-01 -4.478158848774926315e-01 -8.043026613833946792e-01
-7.438209024009663217e-01 -4.431204409422840884e-01 -9.485712269132544616e-01
-9.091316831897889861e-01 -4.125798647045979539e-01 -1.094457608623968348e+00
-1.074737780749461136e+00 -3.550938158163816638e-01 -1.232884893841857066e+00
-1.232657590078372056e+00 -2.731553403254752266e-01 -1.355711147016838147e+00
-1.377716526059809654e+00 -1.725150322267051950e-01 -1.457789909156681274e+00
-1.507821697668593197e+00 -6.090746113690545527e-02 -1.537403645323156764e+00
4.660186630230181315e+00 5.350700925415004944e-02 -1.595490482316389347e+00
4.559042822503889703e+00 1.634120711297272210e-01 -1.634594436127833506e+00
4.471088092322598406e+00 2.630967871368430355e-01 -1.658085516040202601e+00
-6.951421444325418530e-01 -4.471375472730105827e-01 -9.042831721907328424e-01
-8.949441932747127515e-01 -4.162308486731853274e-01 -1.082219698798902785e+00
-1.099142222694035276e+00 -3.442248425033046511e-01 -1.252519412596746040e+00
-1.293875655431775185e+00 -2.337380710722231636e-01 -1.400247818422504231e+00
-1.471000902324676618e+00 -9.450074606266695154e-02 -1.516225808964205113e+00
4.654406268970119775e+00 5.958351730689902953e-02 -1.598045607471049401e+00
4.513958276739895581e+00 2.142410238593465965e-01 -1.647928407746896751e+00
4.388003978118304005e+00 3.577481270963258075e-01 -1.670451768980019125e+00
4.274754843755231626e+00 4.823180772345014855e-01 -1.671359346559527115e+00
4.174261616437113354e+00 5.841010660139729360e-01 -1.657131887544543991e+00
-7.967844163639659083e-01 -4.361786088953509277e-01 -9.960781726677689907e-01
-9.924128989793642441e-01 -3.871472124198713782e-01 -1.165137239484443477e+00
-1.186189311798406143e+00 -3.001648898092486584e-01 -1.320669351525367574e+00
-1.367606970642035291e+00 -1.803455443432692151e-01 -1.451084747130752417e+00
-1.531803042858301822e+00 -3.821237482817287784e-02 -1.550557986728749782e+00
4.604435562200959176e+00 1.132252485694558441e-01 -1.618553697081723142e+00
4.472449087194656947e+00 2.615419583972349304e-01 -1.657801945956105083e+00
4.353038130253750637e+00 3.970111785662839288e-01 -1.672699098407459006e+00
4.245028060487230803e+00 5.134568358988872427e-01 -1.668579776076074772e+00
4.148947766793165570e+00 6.080576054770746586e-01 -1.651452075721484114e+00
-8.633012982616378173e-01 -4.236717275907341262e-01 -1.054727447611988334e+00
-1.052212461366951901e+00 -3.645648308419034977e-01 -1.214573746924283215e+00
-1.236397918188582468e+00 -2.708736741491680200e-01 -1.358487030760219705e+00
-1.407628201677209479e+00 -1.486280299936408034e-01 -1.477222286781110894e+00
-1.562648309505275224e+00 -8.114646819046679102e-03 -1.566689293661853055e+00
4.581205478489910554e+00 1.387592820715542463e-01 -1.627081306712383268e+00
4.455436132308824959e+00 2.809835908374749280e-01 -1.661162367391453953e+00
4.341257968348060992e+00 4.101050032787610378e-01 -1.673058892947445919e+00
4.237869111469813710e+00 5.208342859896868404e-01 -1.667727470828295422e+00
4.145980027247948563e+00 6.108186796822531184e-01 -1.650733675286091273e+00
-8.936946645837757774e-01 -4.165431416206842874e-01 -1.081139098136272292e+00
-1.076410673101460880e+00 -3.543689948858095851e-01 -1.234237769564055842e+00
-1.253629514417476276e+00 -2.601476340800596976e-01 -1.371187128656519594e+00
-1.418224313436315276e+00 -1.399094676127453085e-01 -1.483954612894064384e+00
-1.567466423035476231e+00 -3.324338159915527034e-03 -1.569125858725914258e+00
4.581325371637169575e+00 1.386267651576057469e-01 -1.627038977343363557e+00
4.459926531708226172e+00 2.758517112428630624e-01 -1.660314600609683833e+00
4.349838317436391044e+00 4.005755607779029615e-01 -1.672816662168429724e+00
4.250410275037244112e+00 5.078783630245180536e-01 -1.669173912017866135e+00
4.162319885653541718e+00 5.954937642315931701e-01 -1.654553344450770735e+00
-8.908514826900761907e-01 -4.172477047908882963e-01 -1.078679265648290642e+00
-1.068992196483406598e+00 -3.575606424768883462e-01 -1.228231122835367950e+00
-1.242148112380567326e+00 -2.673325959506846483e-01 -1.362741755816579303e+00
-1.403397563793565395e+00 -1.520720653023582558e-01 -1.474511635356857697e+00
-1.549846236391094090e+00 -2.072748936119837848e-02 -1.560104724274236521e+00
4.601513661682944623e+00 1.164183984782909548e-01 -1.619662357088906823e+00
4.482758525167784391e+00 2.497686292251354856e-01 -1.655569690240278780e+00
4.375555442311952703e+00 3.717873423311772174e-01 -1.671454133179752777e+00
4.279247216901059581e+00 4.775451879036737846e-01 -1.671671945514261459e+00
4.194335184142953921e+00 5.645965466477719241e-01 -1.661053428423994172e+00
-8.593202637121631904e-01 -4.245394652592525686e-01 -1.051249791740393347e+00
-1.034340879315428285e+00 -3.717005705948710492e-01 -1.199921932099339061e+00
-1.205882354998400574e+00 -2.890205760135990953e-01 -1.335642333520704605e+00
-1.366588437987800164e+00 -1.811272917800446636e-01 -1.450405521255568653e+00
-1.512888003524515357e+00 -5.616548814535891887e-02 -1.540225813966830115e+00
4.638813936370548063e+00 7.611442708478065311e-02 -1.604752810757358983e+00
4.520941622246511749e+00 2.063205680100186901e-01 -1.646038129902863911e+00
4.415265876091533315e+00 3.268220923799809996e-01 -1.667477667780136175e+00
4.321026001058591248e+00 4.324020523505336389e-01 -1.673210665667928199e+00
4.238457883348546673e+00 5.202286021934845461e-01 -1.667800251039234238e+00
-8.042108518539673456e-01 -4.349917357952354791e-01 -1.002682533744191806e+00
-9.767164177494633837e-01 -3.924693119992737067e-01 -1.151973083762440453e+00
-1.148245395069826147e+00 -3.204017843052273662e-01 -1.291341868968637785e+00
-1.310595531174254758e+00 -2.222013273912805953e-01 -1.412060010915882957e+00
-1.459070735512853156e+00 -1.050515924895219777e-01 -1.509121400343126806e+00
4.690821522313328273e+00 2.179644027119578484e-02 -1.581344525269638313e+00
4.571987257825090190e+00 1.489812144470780975e-01 -1.630281247725213545e+00
4.466310898092177517e+00 2.685553557744571607e-01 -1.659060974746772610e+00
4.372887144443848406e+00 3.747886197977537970e-01 -1.671639820239458007e+00
4.291644056253976380e+00 4.642881832356546834e-01 -1.672387186376358192e+00
-7.308348412600815802e-01 -4.444143574832813415e-01 -9.368149021326483972e-01
-9.002645568469127557e-01 -4.148850674604173672e-01 -1.086815240266658433e+00
-1.072257940537892473e+00 -3.561629102409154535e-01 -1.230877582469628972e+00
-1.237650265505069846e+00 -2.701052341882021479e-01 -1.359415325924229867e+00
-1.390224322328698525e+00 -1.626573602483265546e-01 -1.465990941373506384e+00
-1.527377344321322772e+00 -4.244789950126576228e-02 -1.548169659303049173e+00
4.634090703333848538e+00 8.116061660347954898e-02 -1.606730047245234161e+00
4.526729358634649536e+00 1.997669363440878754e-01 -1.644422208432409604e+00
4.432696737047073121e+00 3.069562132884223749e-01 -1.665018705075399952e+00
4.351605158435325471e+00 3.986079331217682320e-01 -1.672753413020779956e+00
-6.446271419294324900e-01 -4.488830762410860875e-01 -8.576821322338503695e-01
-8.092231344159497297e-01 -4.341611085023878158e-01 -1.007132188311208765e+00
-9.808540391138248493e-01 -3.910907965822081889e-01 -1.155450352817964488e+00
-1.149645618860079654e+00 -3.196834489383890143e-01 -1.292435010800801143e+00
-1.307644522576796531e+00 -2.242618251134566865e-01 -1.409986648641222251e+00
-1.450491236716335841e+00 -1.125365160987224222e-01 -1.503942060464151576e+00
4.706155200970340680e+00 6.253101214337869994e-03 -1.573893711363058223e+00
4.595302311745602886e+00 1.232238443379528592e-01 -1.621984713566045011e+00
4.499087283334909593e+00 2.311509862575832075e-01 -1.651735744770817860e+00
4.416834087487278460e+00 3.250374968081035654e-01 -1.667274370985885712e+00
-5.510414378375648736e-01 -4.453711414366661181e-01 -7.695134209018027471e-01
-7.081272779860423583e-01 -4.462883417155982246e-01 -9.161555957736252642e-01
-8.772389562780710248e-01 -4.205135346697204124e-01 -1.066870048630282231e+00
-1.048493173198419282e+00 -3.660775409221400656e-01 -1.211533403841231760e+00
-1.212348112048214466e+00 -2.852653785608022519e-01 -1.340519429428336906e+00
-1.362292965586653137e+00 -1.844117885371605592e-01 -1.447533357019429756e+00
-1.495492302583959709e+00 -7.232771645412437722e-02 -1.530441187235412226e+00
4.671474364675350266e+00 4.172410388049702101e-02 -1.590395063486892413e+00
4.571374758110882119e+00 1.496620718785209025e-01 -1.630489960317176523e+00
4.486522144399199163e+00 2.454740434806061133e-01 -1.654718452755337355e+00
-7.192505135293962848e-01 -4.454321801979009288e-01 -9.262918826266940409e-01
-9.388353835963159089e-01 -4.042977638421135778e-01 -1.119898115305116626e+00
-1.161223018257698580e+00 -3.136618422769990588e-01 -1.301441258091300845e+00
-1.369211344489832616e+00 -1.791107331263797342e-01 -1.452153403647392871e+00
-1.554624729643080849e+00 -1.603938856603292010e-02 -1.562580847388873817e+00
4.565692366813554059e+00 1.559880143948765563e-01 -1.632405145080092268e+00
4.421895637212176489e+00 3.192729134107976652e-01 -1.666593546754274957e+00
4.294163861946374894e+00 4.615791151897565836e-01 -1.672506193331820823e+00
4.181783106343558210e+00 5.768453098329436868e-01 -1.658662484725640152e+00
9.448716637321603606e-01 2.477605850258850051e+00 1.507506866636090903e+00
-8.067765948719455293e-01 -4.345693725487321246e-01 -1.004961250136086948e+00
-1.019696744421821233e+00 -3.773005387690109291e-01 -1.187836989955276312e+00
-1.229281652492547172e+00 -2.752014802871978194e-01 -1.353199559033999577e+00
-1.422587759537842667e+00 -1.362801835083677360e-01 -1.486703235613771934e+00
4.688442801150771722e+00 2.422740701645916678e-02 -1.582478447097761087e+00
4.536336744896511952e+00 1.889142619168169834e-01 -1.641642151734335142e+00
4.401172327871380574e+00 3.428370789819555342e-01 -1.669148721510845590e+00
4.280677862897259267e+00 4.760219676649447562e-01 -1.671765788197469460e+00
4.174652068832640062e+00 5.837260612858981013e-01 -1.657213252739210274e+00
9.433092600476817857e-01 2.476267048886723110e+00 1.507999626156313777e+00
-8.577933105833079885e-01 -4.248681440069717596e-01 -1.049914825693493814e+00
-1.062297043987627809e+00 -3.603908793146944900e-01 -1.222793336468883663e+00
-1.261044916725915455e+00 -2.554253460393774988e-01 -1.376605775462582226e+00
-1.443632300108504962e+00 -1.184583830549761213e-01 -1.499759737602843312e+00
4.676658470260694145e+00 3.635079183191073510e-02 -1.588009026066856455e+00
4.532280412457093455e+00 1.934926284875915226e-01 -1.642830819010229426e+00
4.403797108081603184e+00 3.398584855437549734e-01 -1.668859105638372142e+00
4.289394706861449968e+00 4.667031221995853740e-01 -1.672273740895544369e+00
4.189017482840191597e+00 5.698065184331456701e-01 -1.660065600179303491e+00
4.104267554802953910e+00 6.485252580356022367e-01 -1.639503175673725499e+00
-8.743678189905114140e-01 -4.211793822259862208e-01 -1.064372903183938401e+00
-1.071275151514189838e+00 -3.565844461923934894e-01 -1.230081781363071558e+00
-1.262218795756290479e+00 -2.546717789554264755e-01 -1.377461139963608749e+00
-1.437874294181590296e+00 -1.233866573445661918e-01 -1.496220763014261212e+00
4.688270069564448583e+00 2.440397795612296930e-02 -1.582560489671090309e+00
4.549028266323878356e+00 1.746316812475358637e-01 -1.637784928984871824e+00
4.425405471450099881e+00 3.152731939925519922e-01 -1.666100153345643875e+00
4.315813387905111931e+00 4.381038649747380775e-01 -1.673154530851711508e+00
4.220108667550062087e+00 5.389204319693972067e-01 -1.665312061700854551e+00
4.139541462866578314e+00 6.167719070854466024e-01 -1.649137353760731450e+00
-8.611425237178144121e-01 -4.241439649515318933e-01 -1.052842350044507436e+00
-1.051954996634950179e+00 -3.646698933315420388e-01 -1.214363439235220499e+00
-1.237968273846774991e+00 -2.699099241833511353e-01 -1.359650810311814118e+00
-1.409954907977263527e+00 -1.467252889483723344e-01 -1.478707439340511964e+00
-1.564092972083246158e+00 -6.680672790329014385e-03 -1.567422271283063440e+00
4.582601344067513516e+00 1.372158153814557469e-01 -1.626587506346488077e+00
4.461983018621590524e+00 2.735012499855906110e-01 -1.659916942867555756e+00
4.355740215639951174e+00 3.939972999333920534e-01 -1.672588242986359663e+00
4.263516414284873157e+00 4.941830081115528572e-01 -1.670453129573263862e+00
4.186141463182742051e+00 5.726114826721464546e-01 -1.659515845750060725e+00
-8.233992841854070877e-01 -4.316815273832301791e-01 -1.019682351614687565e+00
-1.009267050959665291e+00 -3.811543768915444663e-01 -1.179187455735474677e+00
-1.192562970297532443e+00 -2.966064401358432523e-01 -1.325534386094495476e+00
-1.363539040853477324e+00 -1.834614346995616097e-01 -1.448367571705206913e+00
-1.517367253750611766e+00 -5.194966215125747938e-02 -1.542701629167898547e+00
4.629800236350593678e+00 8.575890226745257194e-02 -1.608503866034224128e+00
4.510269737641196208e+00 2.184300003586496786e-01 -1.648900547497247127e+00
4.405769413208821206e+00 3.376187412002448762e-01 -1.668634864531139739e+00
4.315684417603990575e+00 4.382448693751248570e-01 -1.673152821970995241e+00
4.240406798760706586e+00 5.182242223942208348e-01 -1.668037604655858042e+00
-7.662921830738387285e-01 -4.405015163907126663e-01 -9.688137497080240301e-01
-9.475451513774170165e-01 -4.017044790400156606e-01 -1.127310028443382128e+00
-1.129434580129758281e+00 -3.298398920767018350e-01 -1.276581367156123470e+00
-1.301385032622258242e+00 -2.285976356634199236e-01 -1.405572877308870039e+00
-1.457145004354807538e+00 -1.067393736324872971e-01 -1.507963828430344488e+00
4.688317804195824223e+00 2.435536829318380239e-02 -1.582537788766074538e+00
4.567910380892418409e+00 1.535169736360101622e-01 -1.631662508278093116e+00
4.463450690604249260e+00 2.718240479685593014e-01 -1.659629659013627467e+00
4.374065288082266356e+00 3.734638002663763223e-01 -1.671559100983921464e+00
4.299723750339415673e+00 4.555835327792562839e-01 -1.672736329191006899e+00
-6.946837305839135279e-01 -4.471644943348719314e-01 -9.038628985566566909e-01
-8.706813337377001805e-01 -4.220228263685749659e-01 -1.061163372866115395e+00
-1.051426418889634284e+00 -3.648854668175646188e-01 -1.213931525862737004e+00
-1.225543387036074350e+00 -2.774514548322770668e-01 -1.350412256587855575e+00
-1.385046277489550448e+00 -1.667609562822688629e-01 -1.462608903573459296e+00
-1.526507940697207966e+00 -4.327739223255317597e-02 -1.547698438379025543e+00
4.633422486198357504e+00 8.187529141699005641e-02 -1.607007660956472073e+00
4.527234852726810033e+00 1.991952347308810212e-01 -1.644279072102510009e+00
4.437044018851507232e+00 3.019941925586120957e-01 -1.664337917107753473e+00
4.362425165189638854e+00 3.865252907864769605e-01 -1.672268990544739653e+00
-6.131720977031482889e-01 -4.486988674235106167e-01 -8.283227382973901154e-01
-7.823808186425907918e-01 -4.383309257781871082e-01 -9.832285656804784502e-01
-9.611211197809598206e-01 -3.975120899132399410e-01 -1.138819324523577814e+00
-1.137636893862641996e+00 -3.257723439620350825e-01 -1.283035029888676570e+00
-1.302112026026577496e+00 -2.280966690406702468e-01 -1.406086364513877918e+00
-1.449105113050791260e+00 -1.137379514491310417e-01 -1.503099665417203301e+00
4.706047517849342832e+00 6.361778490625514398e-03 -1.573946848565823009e+00
4.596319317997027198e+00 1.221078616429801672e-01 -1.621607684808795247e+00
4.503758845863805149e+00 2.258331403293834527e-01 -1.650571746864202938e+00
4.427598400957078795e+00 3.127723998626633639e-01 -1.665782787756162842e+00
-5.261058955919044600e-01 -4.428876916088897997e-01 -7.455832986344507196e-01
-6.863483425633534196e-01 -4.476202008848163549e-01 -8.962179807832864054e-01
-8.611650662220656782e-01 -4.241394926199257842e-01 -1.052861704713464519e+00
-1.039195222237248251e+00 -3.697950843808481269e-01 -1.203912393622758703e+00
-1.209069272451700483e+00 -2.871755891641197822e-01 -1.338048669726353168e+00
-1.362985093768870337e+00 -1.838839496980773369e-01 -1.447996961732170851e+00
-1.497614132839332424e+00 -7.037443595517310635e-02 -1.531648840276520263e+00
4.670472369468973817e+00 4.276557537746022292e-02 -1.590852830666587225e+00
4.573914960194399804e+00 1.468391044436887782e-01 -1.629620572625942065e+00
4.494885047026747849e+00 2.359381691048381136e-01 -1.652757166003190559e+00
-7.529472039190028276e-01 -4.421148660269940134e-01 -9.568077266806219727e-01
-9.972572562754840053e-01 -3.854544687115767365e-01 -1.169184707062877582e+00
-1.240165291413591886e+00 -2.685573906268804434e-01 -1.361276771880994829e+00
-1.460914543496092177e+00 -1.034318595248270717e-01 -1.510226976146540556e+00
4.630346155291922727e+00 8.517313863261916085e-02 -1.608279656696025128e+00
4.464478873864755393e+00 2.706487772994937702e-01 -1.659426510997819459e+00
4.320217280711390551e+00 4.332877300177542801e-01 -1.673204618946420252e+00
4.195739529569077142e+00 5.632158447466478757e-01 -1.661308310956292944e+00
9.509461934564403807e-01 2.482838283274012792e+00 1.505617688000121301e+00
8.722456865354892841e-01 2.418517641383572947e+00 1.533213078023263121e+00
-8.254146996551522397e-01 -4.313139620299071275e-01 -1.021462217674213413e+00
-1.059077674804856484e+00 -3.617351404420801053e-01 -1.220173331100037117e+00
-1.285929486617607864e+00 -2.391043456017286906e-01 -1.394579148119273082e+00
-1.490489366904248714e+00 -7.691295175430655495e-02 -1.527578487739504443e+00
4.614396431789016262e+00 1.023842707677211361e-01 -1.614697369750524913e+00
4.459634885083340272e+00 2.761842660182605713e-01 -1.660370395068169858e+00
4.324884675958223568e+00 4.281685980784238899e-01 -1.673227088381077365e+00
4.208869865957503009e+00 5.502025680451521072e-01 -1.663563615650527794e+00
4.112918314947227039e+00 6.408751655905896571e-01 -1.642003067494127500e+00
8.980569367643729262e-01 2.438782475424377427e+00 1.523437660834339624e+00
-8.614719878509465856e-01 -4.240722696588110074e-01 -1.053129949236037977e+00
-1.083932037138360283e+00 -3.510736019688602827e-01 -1.240307608865603983e+00
-1.298080015001729981e+00 -2.308687415179609403e-01 -1.403232873606429232e+00
-1.491154214599099248e+00 -7.630480237692748025e-02 -1.527960304351319909e+00
4.623288129717788131e+00 9.276618306088101062e-02 -1.611156178197898026e+00
4.476727324701647248e+00 2.566550558145024863e-01 -1.656893439090007858e+00
4.349474960498072917e+00 4.009796026036873129e-01 -1.672829050192007561e+00
4.240387676180596088e+00 5.182442324470138972e-01 -1.668035502217695365e+00
4.150368293786335094e+00 6.067327213889202042e-01 -1.651792204876282311e+00
9.397778862674147637e-01 2.473252197019975007e+00 1.509123415903523835e+00
-8.658437007692347809e-01 -4.231094397683891062e-01 -1.056946431132582020e+00
-1.078522573299124598e+00 -3.534498819185023510e-01 -1.235944193441414596e+00
-1.283550537848573869e+00 -2.406965981088977358e-01 -1.392874932638367813e+00
-1.469165389474590633e+00 -9.613497169004799059e-02 -1.515140185562296127e+00
4.651390690676088902e+00 6.276526780103308667e-02 -1.599364096357164033e+00
4.510352440392326301e+00 2.183359592655993164e-01 -1.648878967749035196e+00
4.388493060428718451e+00 3.571956709597864932e-01 -1.670408104050557618e+00
4.284592004943124088e+00 4.718450222863417309e-01 -1.672007098155561922e+00
4.199046832904935300e+00 5.599553290518431981e-01 -1.661897562584742971e+00
4.133170009197342232e+00 6.226163418709594888e-01 -1.647507949022215534e+00
-8.442929915879188174e-01 -4.276781149446003405e-01 -1.038084353907652524e+00
-1.048890366225912141e+00 -3.659162820931431970e-01 -1.211858561453739602e+00
-1.247822246537223290e+00 -2.638011185024634608e-01 -1.366923784284532983e+00
-1.429296800306000481e+00 -1.306553056991782147e-01 -1.490901938290428719e+00
4.694374096216014536e+00 1.817490476679195846e-02 -1.579639658475779695e+00
4.556321856900457767e+00 1.664555214957751939e-01 -1.635473837019401966e+00
4.437714020662411940e+00 3.012292407824983531e-01 -1.664230690070641616e+00
4.337182497314291396e+00 4.146163772713422624e-01 -1.673136800460228946e+00
4.254625576816724042e+00 5.034901411500624091e-01 -1.669611263985221417e+00
4.190768379628465823e+00 5.680955499640820694e-01 -1.660394962874717439e+00
-8.022555673971483170e-01 -4.353092236055025599e-01 -1.000945098673021949e+00
-9.999754882255379451e-01 -3.844937765319157985e-01 -1.171452603413217997e+00
-1.195021389375958476e+00 -2.952213735447251075e-01 -1.327406311255540539e+00
-1.374996135601650904e+00 -1.746340417731061800e-01 -1.455992512583209830e+00
-1.534018620343470696e+00 -3.608387392330335286e-02 -1.551746633595717073e+00
4.611706855696911411e+00 1.053044458809783701e-01 -1.615750192268938346e+00
4.494236874523687142e+00 2.366761121554449843e-01 -1.652912543764586184e+00
4.395265633656761040e+00 3.495325570143139049e-01 -1.669764085829536837e+00
4.314234338086818887e+00 4.398270733392323217e-01 -1.673129854905944569e+00
4.251340434020069559e+00 5.069113744660108667e-01 -1.669272800719212135e+00
-7.444821770222710411e-01 -4.430502077802608851e-01 -9.491688412933594332e-01
-9.357429567622707056e-01 -4.052002965301474968e-01 -1.117261194980668559e+00
-1.128203980374653081e+00 -3.304431907835581606e-01 -1.275611143255731328e+00
-1.308638462776215983e+00 -2.235693569425561689e-01 -1.410685444172593339e+00
-1.469418242702350330e+00 -9.591000138531539931e-02 -1.515289969684789906e+00
4.674662655796871569e+00 3.841668024304745188e-02 -1.588931146780021342e+00
4.556280532939863015e+00 1.665017711161080050e-01 -1.635487219375848289e+00
4.457100890712842656e+00 2.790811318971351818e-01 -1.660851490774066797e+00
4.376174077635945459e+00 3.710915309325943379e-01 -1.671409725745979902e+00
4.313218479162642005e+00 4.409351731914477046e-01 -1.673112150709208823e+00
-6.751083186800663771e-01 -4.481272469232778222e-01 -8.858808728764051565e-01
-8.595020172909056955e-01 -4.245000400513102012e-01 -1.051408514140875994e+00
-1.049722294301066450e+00 -3.655791779465279445e-01 -1.212538627082247134e+00
-1.231826475549744560e+00 -2.736601402775462599e-01 -1.355093408114011133e+00
-1.396195789734183013e+00 -1.578846836520445829e-01 -1.469868385473833472e+00
-1.538998396208779207e+00 -3.128086569152221247e-02 -1.554401759673534222e+00
4.622918961819711292e+00 9.316461229108208286e-02 -1.611305170970935174e+00
4.521796728402435406e+00 2.053518172940271835e-01 -1.645802317951929883e+00
4.439576118049009423e+00 2.991032827521408199e-01 -1.663929069025166241e+00
4.375547604592342488e+00 3.717960816240624133e-01 -1.671454699154808266e+00
-5.978123480600407991e-01 -4.482469794949249797e-01 -8.138878364318331560e-01
-7.741887881484775802e-01 -4.394668307573376120e-01 -9.758970947865260870e-01
-9.615460935042552393e-01 -3.973781021529440571e-01 -1.139178606067649868e+00
-1.145699363315303421e+00 -3.217024516250372446e-01 -1.289352100466814255e+00
-1.314976252013014379e+00 -2.191235113679417812e-01 -1.415128426108433368e+00
-1.463302080695964902e+00 -1.013285875754043192e-01 -1.511654257806484214e+00
4.693825500666516604e+00 1.873330690977360879e-02 -1.579903766908152596e+00
4.589046050101679874e+00 1.301036225884161512e-01 -1.624276785874073425e+00
4.504132977873790189e+00 2.254075801518159727e-01 -1.650477311189685325e+00
4.438003232195778303e+00 3.008993045919539644e-01 -1.664184168834557553e+00
-5.159329077918954898e-01 -4.416791746034963717e-01 -7.357629742190745503e-01
-6.826103288201322838e-01 -4.478024415044767892e-01 -8.927839127680198272e-01
-8.655793048446615012e-01 -4.231683123272386715e-01 -1.056715635329837921e+00
-1.051212180629794046e+00 -3.649730167072908205e-01 -1.213756523256834363e+00
-1.226062915964673206e+00 -2.771397396125083179e-01 -1.350800083569027032e+00
-1.381431381220562304e+00 -1.696070177813236990e-01 -1.460236698667579214e+00
-1.514094564456962999e+00 -5.503214666173349839e-02 -1.540894456971057647e+00
4.658934940315918816e+00 5.482100576854351259e-02 -1.596047144863486977e+00
4.569895029964436084e+00 1.513080686686489873e-01 -1.630992564311968041e+00
4.500591484171347467e+00 2.294387968072671702e-01 -1.651364134073169732e+00
-8.082343123124221540e-01 -4.343268122325271152e-01 -1.006254911454646850e+00
-1.081659358079981592e+00 -3.520758735868393385e-01 -1.238475591766365680e+00
-1.343724455841564858e+00 -1.983544065087379238e-01 -1.434981377059017627e+00
4.710886603089829094e+00 1.503166032500020694e-03 -1.571546366158945052e+00
4.518028221668966893e+00 2.096233097308334015e-01 -1.646834703531877775e+00
4.355357180224762814e+00 3.944249865869001170e-01 -1.672604609582785340e+00
4.219427624896023410e+00 5.396079483896781825e-01 -1.665210934919334695e+00
4.111126215291793784e+00 6.424669035387218230e-01 -1.641492317770000930e+00
8.916606920828821226e-01 2.433685236335818569e+00 1.525796367562850309e+00
8.455687696284854837e-01 2.398419137211779351e+00 1.544013682447994196e+00
-8.640145042276713427e-01 -4.235144692545922407e-01 -1.055350217873949115e+00
-1.120786161493383171e+00 -3.340484442752524874e-01 -1.269747758552016936e+00
-1.363007844283487868e+00 -1.838664881950444474e-01 -1.448012213798090864e+00
4.709006754485540291e+00 3.387897370289185556e-03 -1.572481632508396121e+00
4.530202561902973102e+00 1.958394165986786506e-01 -1.643431085880879383e+00
4.379447190809273138e+00 3.674048992249642764e-01 -1.671164678336769294e+00
4.253925750491337254e+00 5.042195549858400350e-01 -1.669540330626243962e+00
4.153970139779291415e+00 6.033628385795890559e-01 -1.652643146779789074e+00
9.397599423674529717e-01 2.473237371323763423e+00 1.509129226252559963e+00
8.952894578995703734e-01 2.436570502546339778e+00 1.524452979287503451e+00
-8.848572046893782295e-01 -4.187079204828718648e-01 -1.073485139854162496e+00
-1.126529552875012552e+00 -3.312627436192024377e-01 -1.274289096755604866e+00
-1.353939691796619549e+00 -1.907357546394507497e-01 -1.441913501043080359e+00
-1.552985637212536352e+00 -1.765064914620973271e-02 -1.561733863917902143e+00
4.561270246926845573e+00 1.609225317314687542e-01 -1.633867058041486020e+00
4.419197641925463493e+00 3.223466002632211502e-01 -1.666961110827099635e+00
4.301411811623423453e+00 4.537582418889807845e-01 -1.672797845904655523e+00
4.207597520260855539e+00 5.514712733771671704e-01 -1.663354957090162456e+00
4.138636721554287412e+00 6.176044498530660620e-01 -1.648909005889821255e+00
9.532760841335337076e-01 2.484857310777563555e+00 1.504904080359902974e+00
-8.776258892314572346e-01 -4.204231909354666508e-01 -1.067206386919769878e+00
-1.106798013656072444e+00 -3.406831865782747881e-01 -1.258633747270780256e+00
-1.323732152101212423e+00 -2.129030174733050895e-01 -1.421227395847897146e+00
-1.514934242088333605e+00 -5.424214300679397471e-02 -1.541359385961617479e+00
4.605582166063521221e+00 1.119736970302153550e-01 -1.618115681470870149e+00
4.469161615393873355e+00 2.652979397703079112e-01 -1.658482807160392980e+00
4.356537975436774346e+00 3.931069387996266040e-01 -1.672554066891222879e+00
4.266812476797617215e+00 4.907142700740966812e-01 -1.670737085113382703e+00
4.200122129480788224e+00 5.588919895266217797e-01 -1.662086088612561463e+00
4.156390453940621121e+00 6.010900567622864399e-01 -1.653205994011374136e+00
-8.486006792947196065e-01 -4.268002965017994033e-01 -1.041864551015727836e+00
-1.067621347855726377e+00 -3.581437776891632230e-01 -1.227119183688289317e+00
-1.277468891106185778e+00 -2.447356312582276705e-01 -1.388505421754397062e+00
-1.464282908770276226e+00 -1.004628160883285076e-01 -1.512239188837598780e+00
4.659366596858669496e+00 5.436728332179179002e-02 -1.595855068305266800e+00
4.525840499292679731e+00 2.007728427060398446e-01 -1.644673278542980510e+00
4.416015899170962378e+00 3.259689572315961903e-01 -1.667381075136650681e+00
4.328525016578990581e+00 4.241675085580106641e-01 -1.673223046452685825e+00
4.262884416542036092e+00 4.948471220752852506e-01 -1.670396924199975874e+00
4.218634319556171519e+00 5.404076361469231093e-01 -1.665092124579405475e+00
-8.028941981633209712e-01 -4.352060080589152946e-01 -1.001512847234111048e+00
-1.013408188867973792e+00 -3.796373981619708959e-01 -1.182625941567072791e+00
-1.218613207151111766e+00 -2.815802540078875538e-01 -1.345226921072767645e+00
-1.403775355582394857e+00 -1.517654277211471503e-01 -1.474754258499356263e+00
-1.562872048832521621e+00 -7.892639483252843896e-03 -1.566803038431244133e+00
4.587203434847849870e+00 1.321343180449038868e-01 -1.624942565218164825e+00
4.478037883643155581e+00 2.551584117907484406e-01 -1.656610297031922752e+00
4.391104479811771988e+00 3.542426009579889290e-01 -1.670167473741468456e+00
4.325405226564496886e+00 4.275977322794875524e-01 -1.673227773615334701e+00
4.280120454930108842e+00 4.766157813102742669e-01 -1.671729547844489794e+00
-7.445543968923551414e-01 -4.430423983431771018e-01 -9.492342516625130733e-01
-9.473881880355101703e-01 -4.017520091292887119e-01 -1.127176582352922063e+00
-1.149493965169034793e+00 -3.197614222560436481e-01 -1.292316531022728032e+00
-1.335082322407402655e+00 -2.047022013684826613e-01 -1.429065656589100453e+00
-1.496040560151398413e+00 -7.182341276806468444e-02 -1.530753613573166749e+00
4.652222048034884594e+00 6.188730205949068142e-02 -1.599001690982635893e+00
4.541759483320477742e+00 1.828038712212395056e-01 -1.640019764708501970e+00
4.453841562936436738e+00 2.828056005564199005e-01 -1.661456425957899663e+00
4.387041363166488850e+00 3.588356293034782318e-01 -1.670537217381790285e+00
4.340196338236326667e+00 4.112810890558576959e-01 -1.673081518472518070e+00
-6.768454556516168008e-01 -4.480572444292882373e-01 -8.874805813519134334e-01
-8.720296058039073150e-01 -4.217158482876026682e-01 -1.062337737802313997e+00
-1.071708993201212046e+00 -3.563985093022860595e-01 -1.230433129453498697e+00
-1.259154149039819259e+00 -2.566355855265581298e-01 -1.375226906506991531e+00
-1.423899818987844235e+00 -1.351844233162518005e-01 -1.487527018633980624e+00
-1.562660979350426249e+00 -8.102344862358107705e-03 -1.566695681529416628e+00
4.606935252298894667e+00 1.104978665588566000e-01 -1.617596836296041785e+00
4.516568975677837550e+00 2.112782675886291095e-01 -1.647229371751678384e+00
4.447652268229344230e+00 2.898780343327730935e-01 -1.662564397228498470e+00
4.398687421795647978e+00 3.456546112697427842e-01 -1.669413441484873806e+00
-6.025218280912163493e-01 -4.484110894332071218e-01 -8.183206710594214117e-01
-7.893823537121732459e-01 -4.373091084694485930e-01 -9.894811300330962345e-01
-9.864518565049296139e-01 -3.891975981620470759e-01 -1.160146796648814371e+00
-1.176498725492308717e+00 -3.054869452211531056e-01 -1.313238042286138496e+00
-1.346570949942437423e+00 -1.962437924274870737e-01 -1.436919591896271609e+00
-1.491023990344836569e+00 -7.642387388020231709e-02 -1.527885626870376434e+00
4.673685488030698387e+00 3.942902061675492703e-02 -1.589380863627602114e+00
4.579431962276378165e+00 1.407224200252966961e-01 -1.627705156840933309e+00
4.507368892292864970e+00 2.217271895455719954e-01 -1.649652180829369374e+00
4.455675988483088545e+00 2.807093968003766538e-01 -1.661117804653349017e+00
-5.240270266739717187e-01 -4.426500096429739073e-01 -7.435796384994460828e-01
-7.013162394404238720e-01 -4.467541375418261906e-01 -9.099336784505767106e-01
-8.947701561144770777e-01 -4.162749032157972429e-01 -1.082068922609506378e+00
-1.087403916770754764e+00 -3.495321939701362401e-01 -1.243102498634425457e+00
-1.263890045083573943e+00 -2.535964306025061954e-01 -1.378677307377486283e+00
-1.415721176907597245e+00 -1.419808059247748000e-01 -1.482371774673404419e+00
-1.540819054440256020e+00 -2.951845105489706370e-02 -1.555366776120063133e+00
4.642753960401576840e+00 7.191855916584206920e-02 -1.603083704092715500e+00
4.566463160118654052e+00 1.551291465662978375e-01 -1.632147899223589382e+00
4.511361940411187099e+00 2.171894434807636887e-01 -1.648614694000097414e+00
-8.985276026576999309e-01 -4.153273129185901524e-01 -1.085316009847106855e+00
-1.200641632260416092e+00 -2.920295588624308714e-01 -1.331674914490988293e+00
-1.472429378423284474e+00 -9.322694895494920697e-02 -1.517068462451802269e+00
4.586058408552812438e+00 1.333975235044988772e-01 -1.625354308097427980e+00
4.404143557926979646e+00 3.394650329079065831e-01 -1.668819881823203399e+00
4.259321739164398934e+00 4.985829341612725840e-01 -1.670069597998227406e+00
4.150795157691080206e+00 6.063344654954604396e-01 -1.651893835556073942e+00
9.378835999412776792e-01 2.471641326623910118e+00 1.509732014545856815e+00
9.021699532347108308e-01 2.442086216355709105e+00 1.521943513757570754e+00
8.969106478220038037e-01 2.437864873161502022e+00 1.523857216908829804e+00
-9.333402935757837415e-01 -4.058951515369799701e-01 -1.115210602635481107e+00
-1.211302942913657477e+00 -2.858755684142237352e-01 -1.339732345897239885e+00
-1.460437734352573624e+00 -1.038511490159023665e-01 -1.509941375942573050e+00
4.615652110290045407e+00 1.010225251430289517e-01 -1.614203161099981410e+00
4.447786722751697397e+00 2.897243261722419749e-01 -1.662540983056900679e+00
4.314405637269810079e+00 4.396408066899005762e-01 -1.673132857748453217e+00
4.213820942999351615e+00 5.452483759526932650e-01 -1.664354649392312702e+00
4.145752361586920287e+00 6.110294712226645997e-01 -1.650677936196578433e+00
4.108536235961340211e+00 6.447614931049537867e-01 -1.640747742905645401e+00
9.565496009834428826e-01 2.487704311785325473e+00 1.503912243492876888e+00
-9.368527595705118394e-01 -4.048776825592252937e-01 -1.118207709028492758e+00
-1.195438212742335748e+00 -2.949858849536715621e-01 -1.327723353896898661e+00
-1.428493544542764671e+00 -1.313315876753470834e-01 -1.490401094821352190e+00
4.659534358091207196e+00 5.419115485320196574e-02 -1.595780628384871003e+00
4.501095284459689871e+00 2.288645315720253537e-01 -1.651239047120632630e+00
4.375313756704724888e+00 3.720593664830807445e-01 -1.671471151908001218e+00
4.279847957768029509e+00 4.769057027877011690e-01 -1.671711722145075685e+00
4.213546294188088126e+00 5.455238316887889294e-01 -1.664311577989739499e+00
4.174618336353334236e+00 5.837586081149284123e-01 -1.657206129769840608e+00
4.159752279372695760e+00 5.979214238956030991e-01 -1.653975333167584161e+00
-9.171811174423184498e-01 -4.104208279319130348e-01 -1.101376491868931495e+00
-1.160731005180483111e+00 -3.139206918175843630e-01 -1.301059734796661038e+00
-1.382757852733776271e+00 -1.685645353390844980e-01 -1.461108182929436339e+00
-1.570451327981958523e+00 -3.449141685303272649e-04 -1.570623827152801022e+00
4.559890702164006271e+00 1.624639700383593011e-01 -1.634318285494489986e+00
4.438514782601808761e+00 3.003147833247435949e-01 -1.664101689070248247e+00
4.345854354245980211e+00 4.050055168928196059e-01 -1.672942244726537631e+00
4.280122154651593291e+00 4.766136792135164391e-01 -1.671729770545281157e+00
4.239347689669063612e+00 5.193141928803379770e-01 -1.667909370654848900e+00
4.220633917804574864e+00 5.383901989703099300e-01 -1.665389408162700313e+00
-8.803682677610480400e-01 -4.197789148181602092e-01 -1.069589065224062496e+00
-1.112256202795615323e+00 -3.381196352150820372e-01 -1.262979333119219172e+00
-1.327047778931511601e+00 -2.105234656204354182e-01 -1.423525033116717298e+00
-1.510815168379171514e+00 -5.810880786450183660e-02 -1.539074001624439525e+00
4.621976522766149564e+00 9.418116545844046339e-02 -1.611684372410195243e+00
4.502364401062060928e+00 2.274201021686038937e-01 -1.650922184663149439e+00
4.410590582788218583e+00 3.321405342756654222e-01 -1.668063472951233583e+00
4.344393803919901487e+00 4.066267680567146603e-01 -1.672982563143962098e+00
4.301595719185539402e+00 4.535586460028588340e-01 -1.672803966367663930e+00
4.279501175894828258e+00 4.772747977813633913e-01 -1.671688923082497169e+00
-8.307113025331328560e-01 -4.303278651079868178e-01 -1.026135136787491797e+00
-1.053307464773689306e+00 -3.641168470457825657e-01 -1.215468071146295737e+00
-1.263635423493800092e+00 -2.537603050206395650e-01 -1.378492143928542912e+00
-1.446279557075174749e+00 -1.161791907951216785e-01 -1.501378357339883340e+00
4.686346134656409923e+00 2.637527812587030576e-02 -1.583473266229105780e+00
4.566269196856124424e+00 1.553452740958669032e-01 -1.632212554348389189e+00
4.473736622027109533e+00 2.600712200479071146e-01 -1.657531158864212539e+00
4.406134758371972104e+00 3.372042462388768480e-01 -1.668592831260585774e+00
4.361058911696380491e+00 3.880538932220465864e-01 -1.672339397588922916e+00
4.335866677077866882e+00 4.160711598369310482e-01 -1.673156905428063945e+00
-7.712771190176879177e-01 -4.398552728164064063e-01 -9.732870501112663719e-01
-9.860301761262881826e-01 -3.893414673995686526e-01 -1.159793053917883787e+00
-1.193812729465591138e+00 -2.959034135133232768e-01 -1.326486221933526499e+00
-1.377547206447615524e+00 -1.726474902074761897e-01 -1.457678245466836886e+00
-1.530496797806704778e+00 -3.946456217739105488e-02 -1.549854937017975498e+00
4.630194422540475863e+00 8.533609934310076861e-02 -1.608341929151030580e+00
4.535426300885745832e+00 1.899415360667893460e-01 -1.641911054979804829e+00
4.465520156221764125e+00 2.694586943814763491e-01 -1.659219172166332967e+00
4.417830763170252695e+00 3.239027070322744173e-01 -1.667143199133524822e+00
4.389665284216062169e+00 3.558700414032269776e-01 -1.670301179225288868e+00
-7.043316387227588349e-01 -4.465535858183776186e-01 -9.126896209312737041e-01
-9.118633002414304745e-01 -4.118541826297386077e-01 -1.096807568429148505e+00
-1.118260800407595568e+00 -3.352619653340574990e-01 -1.267746847370767149e+00
-1.304797716321607570e+00 -2.262395623332335570e-01 -1.407981955777322103e+00
-1.462078754183585128e+00 -1.024071327800725184e-01 -1.510923486768129376e+00
4.694408266344992420e+00 1.814022330093851068e-02 -1.579623241266914446e+00
4.596008341694222565e+00 1.224491021814869129e-01 -1.621723114362645157e+00
4.522895519048752533e+00 2.041069986482155485e-01 -1.645497594891686122e+00
4.472175114771040683e+00 2.618542197674477157e-01 -1.657858988162930203e+00
4.441024681604188729e+00 2.974488989294015728e-01 -1.663690994203631091e+00
-6.316775768240833200e-01 -4.489270023878724758e-01 -8.456275568127482600e-01
-8.318613387335928033e-01 -4.301103013347662984e-01 -1.027148948481069857e+00
-1.037307379670901364e+00 -3.705389961740622184e-01 -1.202361426056441696e+00
-1.227886201114436915e+00 -2.760433241743724952e-01 -1.352159846837539092e+00
-1.391218784547236353e+00 -1.618656691603160280e-01 -1.466638441718297603e+00
-1.523837331173413689e+00 -4.582055097825718515e-02 -1.546246491980284077e+00
4.655927252525334126e+00 5.798189298936835129e-02 -1.597376948598481006e+00
4.578661368193073677e+00 1.415756279885530822e-01 -1.627974966305375970e+00
4.524408080727607029e+00 2.023943969504833351e-01 -1.645075857282870535e+00
4.490146018068624123e+00 2.413406741817289425e-01 -1.653880448046092466e+00
-5.548882346160729506e-01 -4.456943935934104539e-01 -7.731878193945670441e-01
-7.469251301792044773e-01 -4.427870300233837653e-01 -9.513748321405713915e-01
-9.511096445717622805e-01 -4.006214632143275112e-01 -1.130337194390150124e+00
-1.146460279451984254e+00 -3.213142181633030781e-01 -1.289947050785930305e+00
-1.317371009073784682e+00 -2.174312958168710119e-01 -1.416801050963575559e+00
-1.457614606380504663e+00 -1.063281880479070851e-01 -1.508246598494239255e+00
-1.567510705486015565e+00 -3.280035252566869484e-03 -1.569148089951875713e+00
4.633224926686352774e+00 8.208729396711664239e-02 -1.607089797409749998e+00
4.574837345803959288e+00 1.458157043575966094e-01 -1.629303101391367248e+00
4.537233394326857017e+00 1.879031509692536128e-01 -1.641376719639057402e+00
-1.031510787026856280e+00 -3.727998756495748967e-01 -1.197592052809027807e+00
-1.347432740627466874e+00 -1.956035402932981004e-01 -1.437505413141340282e+00
4.676153445697795341e+00 3.687288629616448932e-02 -1.588242594232348370e+00
4.476275314763688229e+00 2.571714515290123848e-01 -1.656990710275862089e+00
4.327740169848207863e+00 4.250313364509206160e-01 -1.673225686539674184e+00
4.225666013330035220e+00 5.332951013150557529e-01 -1.666113845157182638e+00
4.166302910185075703e+00 5.917117312779737182e-01 -1.655433532007551500e+00
4.143204602287424265e+00 6.133904263466957163e-01 -1.650051694761542898e+00
4.147572309911467414e+00 6.093385008494094368e-01 -1.651120750280736127e+00
4.170539171221647301e+00 5.876702247930412071e-01 -1.656347480650429693e+00
-1.037349898773746393e+00 -3.705222866955328875e-01 -1.202396336725436443e+00
-1.323518923504798828e+00 -2.130555069157990256e-01 -1.421079384399193568e+00
-1.561162343474018721e+00 -9.587312229374204270e-03 -1.565933192683344632e+00
4.537345602840986203e+00 1.877764774286842797e-01 -1.641343289650147197e+00
4.399148517909845957e+00 3.451322631023100440e-01 -1.669365118328370423e+00
4.302063427002795315e+00 4.530531166264300524e-01 -1.672820165783217794e+00
4.241861525425032475e+00 5.167256766489251030e-01 -1.668211443586240073e+00
4.213165097460735531e+00 5.459057967868878869e-01 -1.664251790532146336e+00
4.209198225567557294e+00 5.498742985913159798e-01 -1.663617028208943527e+00
4.222991861344747022e+00 5.360059966240050544e-01 -1.665733237893614938e+00
-1.019697032726517794e+00 -3.773003587197629738e-01 -1.187837177738460870e+00
-1.284110759452583128e+00 -2.403219625285049899e-01 -1.393276848033040194e+00
-1.506937208347196355e+00 -6.173250486054420588e-02 -1.536908461995433628e+00
4.601128365085387806e+00 1.168393610394163618e-01 -1.619807651820330596e+00
4.468963102632309337e+00 2.655248064240519068e-01 -1.658523329497149312e+00
4.374367548013593066e+00 3.731235600272125308e-01 -1.671538057078174599e+00
4.312852487971207793e+00 4.413344809604073382e-01 -1.673105542522174582e+00
4.279601951265743942e+00 4.771672688596474421e-01 -1.671695424099110872e+00
4.269060308892342448e+00 4.883437997917275952e-01 -1.670922203363097047e+00
4.275519687101509092e+00 4.815066092967533184e-01 -1.671414577336468588e+00
-9.859866346046801677e-01 -3.893562470163336453e-01 -1.159756690264656109e+00
-1.234566061672085713e+00 -2.719930201492365973e-01 -1.357128461863355673e+00
-1.447750307920939061e+00 -1.149096033078299550e-01 -1.502275132575673577e+00
4.665702051879597079e+00 4.773574998205690895e-02 -1.593018064800297839e+00
4.536381570180321177e+00 1.888638513131391528e-01 -1.641629093988388632e+00
4.442373707093527635e+00 2.959084164659029348e-01 -1.663466932448065760e+00
4.379061655143349441e+00 3.678394194433972642e-01 -1.671194365965442907e+00
4.341904867324429595e+00 4.093882354232038501e-01 -1.673044364595154265e+00
4.326056984769797609e+00 4.268815194106794775e-01 -1.673227997597999561e+00
4.326626928350406409e+00 4.262550759278941337e-01 -1.673227579215090577e+00
-9.408425732039848999e-01 -4.037069438390067933e-01 -1.121607950442861545e+00
-1.177879451677324996e+00 -3.047353057666215559e-01 -1.314299274081901059e+00
-1.385238105043301138e+00 -1.666097025232193551e-01 -1.462734459678511012e+00
-1.552756453381886503e+00 -1.787500226525827809e-02 -1.561615496847462925e+00
4.601499269719511176e+00 1.164334589124414732e-01 -1.619667510422535761e+00
4.506549221277700745e+00 2.226596476163825444e-01 -1.649862669745228771e+00
4.440920798780049417e+00 2.975669262304545537e-01 -1.663708157950691824e+00
4.400185556529076614e+00 3.439562520759839592e-01 -1.669254956909647092e+00
4.379887522103624420e+00 3.669084586232437828e-01 -1.671130634233516155e+00
4.375641401691412469e+00 3.716903210360591459e-01 -1.671447746132386669e+00
-8.871043583049980086e-01 -4.181647749667096736e-01 -1.075433442029856135e+00
-1.115658722254438961e+00 -3.365052873212338036e-01 -1.265682521547952133e+00
-1.320062126697955085e+00 -2.155214099259998572e-01 -1.418676544709192688e+00
-1.487877488425644712e+00 -7.929491246494888013e-02 -1.526075553711147004e+00
4.664765471803963948e+00 4.871400315849194057e-02 -1.593440301911805523e+00
4.567555036556268711e+00 1.539125798840759451e-01 -1.631781890496205811e+00
4.499052253568513571e+00 2.311909075011386316e-01 -1.651744216056354464e+00
4.454833530924443785e+00 2.816717773378274448e-01 -1.661273803538236615e+00
4.430625858231683090e+00 3.093192345581586289e-01 -1.665333473058281166e+00
4.422330911105099460e+00 3.187770443835890588e-01 -1.666533396616599827e+00
-8.265265164829206368e-01 -4.311089522185506118e-01 -1.022443875748903608e+00
-1.048691345557853261e+00 -3.659974308070720883e-01 -1.211695319863281828e+00
-1.252317805417981322e+00 -2.609762667201629971e-01 -1.370225609359718266e+00
-1.422518318157220296e+00 -1.363381570154452715e-01 -1.486659584119492505e+00
-1.556423212578311288e+00 -1.426882022892172336e-02 -1.563507340742075424e+00
4.626075857601323449e+00 8.976298805350793608e-02 -1.610027018619222705e+00
4.554082135629699657e+00 1.689639740420028902e-01 -1.636190716772200737e+00
4.506300673917896127e+00 2.229419395377580659e-01 -1.649926091444741116e+00
4.478492024896874035e+00 2.546406173086467328e-01 -1.656511573840621532e+00
4.466682250715794389e+00 2.681309327462554348e-01 -1.658986230752031110e+00
-7.602143840748759596e-01 -4.412572896177719972e-01 -9.633513095027380624e-01
-9.772773254697690870e-01 -3.922835355375404731e-01 -1.152444369390879908e+00
-1.181763596468662358e+00 -3.026086331546303243e-01 -1.317280664488045927e+00
-1.356156893568683852e+00 -1.890651466288464921e-01 -1.443409795239971150e+00
-1.495059885596172533e+00 -7.272496671947976943e-02 -1.530194764568308718e+00
4.682760430029029308e+00 3.005696912327860890e-02 -1.585163427915759371e+00
4.606586749658401203e+00 1.108781367010575475e-01 -1.617730819355675198e+00
4.555020160421690001e+00 1.679131659187851344e-01 -1.635891537941882579e+00
4.523742895875609626e+00 2.031471587727247397e-01 -1.645261557941899433e+00
4.508779612279189664e+00 2.201234991866354296e-01 -1.649288113183876359e+00
-6.889271030792244455e-01 -4.474864796937543243e-01 -8.985851831361182374e-01
-9.014438766659392810e-01 -4.145825890329171148e-01 -1.087833039464748186e+00
-1.107932868858518161e+00 -3.401528269838193230e-01 -1.259538144755463218e+00
-1.288137636731079949e+00 -2.376206156537868097e-01 -1.396157960910036300e+00
-1.433657232471792886e+00 -1.269710756802180374e-01 -1.493612804802957772e+00
-1.544966790075893659e+00 -2.548978812356880036e-02 -1.557553255547289517e+00
4.657073165478339050e+00 5.677640679353563452e-02 -1.596871280107993618e+00
4.601373896540862596e+00 1.165704874105917555e-01 -1.619714873762931662e+00
4.566624943897882538e+00 1.549487428575503922e-01 -1.632093601942320893e+00
4.548736962967240949e+00 1.749588906651231013e-01 -1.637875800998098041e+00
-6.132991515868382315e-01 -4.487014051648686164e-01 -8.284420870981717977e-01
-8.210904894456780845e-01 -4.320986096309787916e-01 -1.017641828102644919e+00
-1.030212989972134396e+00 -3.733014839606348390e-01 -1.196522552102481152e+00
-1.217677940912178736e+00 -2.821329950489255833e-01 -1.344525439989705307e+00
-1.371493673360916876e+00 -1.773494695705183366e-01 -1.453670658281867700e+00
-1.490146595548826225e+00 -7.722567209613330486e-02 -1.527381502221218490e+00
4.705992755151345186e+00 6.416712952605788285e-03 -1.573973886761857344e+00
4.645683049684194543e+00 6.880740238347797522e-02 -1.601831648910951866e+00
4.607342767781249293e+00 1.100537953626643806e-01 -1.617440236391360697e+00
4.586662626823243549e+00 1.327307998425085733e-01 -1.625137105677939564e+00
