1.471478247642517090e+01
8.994978904724121094e+00
1.871937274932861328e+01
1.621057820320129395e+01
2.408520889282226562e+01
2.288899087905883789e+01
2.064184975624084473e+01
2.441066718101501465e+01
2.547762012481689453e+01
2.119232225418090820e+01
1.761023926734924316e+01
2.498419761657714844e+01
2.524074411392211914e+01
2.689146327972412109e+01
1.404244804382324219e+01
2.251898169517517090e+01
1.975696110725402832e+01
1.367965412139892578e+01
1.220289921760559082e+01
1.675808668136596680e+01
1.549406242370605469e+01
1.868990039825439453e+01
2.825143671035766602e+01
2.395018839836120605e+01
1.623410463333129883e+01
3.981506657600402832e+01
2.536890387535095215e+01
3.095038986206054688e+01
1.816872096061706543e+01
1.717406439781188965e+01
2.679158520698547363e+01
1.387225437164306641e+01
1.591647577285766602e+01
1.384035730361938477e+01
1.587836670875549316e+01
3.212215638160705566e+01
1.363168549537658691e+01
1.902586078643798828e+01
1.876409792900085449e+01
1.663677835464477539e+01
1.039231276512145996e+01
1.764479589462280273e+01
2.693014335632324219e+01
2.002035164833068848e+01
1.845307326316833496e+01
2.064729595184326172e+01
1.694965624809265137e+01
1.951793694496154785e+01
1.674952554702758789e+01
1.404310607910156250e+01
1.228004479408264160e+01
1.213227963447570801e+01
1.567361855506896973e+01
1.741941928863525391e+01
3.008877825736999512e+01
2.464281105995178223e+01
1.658112740516662598e+01
1.564087986946105957e+01
1.013100194931030273e+01
1.359775853157043457e+01
1.441313624382019043e+01
1.661963987350463867e+01
1.031032800674438477e+01
2.372520923614501953e+01
2.451468229293823242e+01
1.652988934516906738e+01
1.359110546112060547e+01
1.704995226860046387e+01
1.587630009651184082e+01
1.863917803764343262e+01
1.854205608367919922e+01
2.095546817779541016e+01
1.710804629325866699e+01
2.253780364990234375e+01
1.726947927474975586e+01
2.661113476753234863e+01
1.279740905761718750e+01
2.503981280326843262e+01
1.098284482955932617e+01
1.146653461456298828e+01
1.196112203598022461e+01
1.130448651313781738e+01
1.439172220230102539e+01
2.028003215789794922e+01
1.621634411811828613e+01
2.662905550003051758e+01
1.544299411773681641e+01
2.524812817573547363e+01
1.216016530990600586e+01
1.167604255676269531e+01
1.138701581954956055e+01
1.441191601753234863e+01
1.423804044723510742e+01
1.367168879508972168e+01
1.244599151611328125e+01
2.652208161354064941e+01
2.359579753875732422e+01
1.369857168197631836e+01
1.503442454338073730e+01
1.926292896270751953e+01
1.734892725944519043e+01
1.393831133842468262e+01
1.274971866607666016e+01
2.148436760902404785e+01
1.299818897247314453e+01
2.114772272109985352e+01
2.846037483215332031e+01
2.991820311546325684e+01
2.265550327301025391e+01
2.223232913017272949e+01
1.710781979560852051e+01
1.477105355262756348e+01
2.269610738754272461e+01
1.084711289405822754e+01
1.719962882995605469e+01
2.387665963172912598e+01
1.785589671134948730e+01
1.589162015914916992e+01
1.872151184082031250e+01
1.431750679016113281e+01
1.805152273178100586e+01
2.262622857093811035e+01
2.406537437438964844e+01
2.645493292808532715e+01
3.023353123664855957e+01
2.801532292366027832e+01
1.138950920104980469e+01
2.129094147682189941e+01
1.966676187515258789e+01
2.851632285118103027e+01
1.390641784667968750e+01
1.778779315948486328e+01
2.500671982765197754e+01
2.188457536697387695e+01
1.558460092544555664e+01
1.718339586257934570e+01
1.747377657890319824e+01
1.804510307312011719e+01
2.464010620117187500e+01
1.429556131362915039e+01
1.694479084014892578e+01
1.422304177284240723e+01
1.300861430168151855e+01
2.096873998641967773e+01
2.334142136573791504e+01
2.152124357223510742e+01
1.125358104705810547e+01
2.823350310325622559e+01
1.849802398681640625e+01
1.532552361488342285e+01
1.450350427627563477e+01
1.120047283172607422e+01
2.515807533264160156e+01
1.589866757392883301e+01
2.042992949485778809e+01
1.876230216026306152e+01
1.487804913520812988e+01
2.090964984893798828e+01
2.001345586776733398e+01
1.431756424903869629e+01
1.448758625984191895e+01
1.842645192146301270e+01
1.692475247383117676e+01
2.092040300369262695e+01
2.252541208267211914e+01
1.544762897491455078e+01
2.222695827484130859e+01
2.448407554626464844e+01
1.588240671157836914e+01
1.676419520378112793e+01
1.523526620864868164e+01
1.936288094520568848e+01
2.349647545814514160e+01
1.485922002792358398e+01
2.708029961585998535e+01
3.351537799835205078e+01
2.417430257797241211e+01
1.902048110961914062e+01
1.656402111053466797e+01
2.094354128837585449e+01
1.709291887283325195e+01
1.834949541091918945e+01
1.533130574226379395e+01
2.523822522163391113e+01
2.048509812355041504e+01
2.491220760345458984e+01
1.808518147468566895e+01
1.878581380844116211e+01
3.117796134948730469e+01
2.343903946876525879e+01
1.737131714820861816e+01
1.420208120346069336e+01
1.545275092124938965e+01
1.837083315849304199e+01
1.636455392837524414e+01
3.068052482604980469e+01
4.581883502006530762e+01
1.655923604965209961e+01
1.810254430770874023e+01
2.166929626464843750e+01
2.083592748641967773e+01
2.257467341423034668e+01
1.471648216247558594e+01
1.406555414199829102e+01
1.874782204627990723e+01
1.988804721832275391e+01
2.640192794799804688e+01
1.365228915214538574e+01
1.338120770454406738e+01
1.360410356521606445e+01
1.751948785781860352e+01
2.310400772094726562e+01
1.467529034614562988e+01
1.184883689880371094e+01
1.856353569030761719e+01
4.021284866333007812e+01
1.438290619850158691e+01
1.285948801040649414e+01
1.296810054779052734e+01
1.451486086845397949e+01
1.655928993225097656e+01
1.540801024436950684e+01
2.112838006019592285e+01
1.806033515930175781e+01
2.306047368049621582e+01
1.848442482948303223e+01
1.894474840164184570e+01
1.379115128517150879e+01
2.542105674743652344e+01
1.841566395759582520e+01
1.972775220870971680e+01
1.430648303031921387e+01
1.083574128150939941e+01
1.317921757698059082e+01
2.990961003303527832e+01
2.874262070655822754e+01
1.296384954452514648e+01
1.688177251815795898e+01
2.145017313957214355e+01
2.304220938682556152e+01
2.819561553001403809e+01
2.659161782264709473e+01
1.072473526000976562e+01
1.599324107170104980e+01
1.991961693763732910e+01
2.316479659080505371e+01
1.987356829643249512e+01
2.239730191230773926e+01
2.012152433395385742e+01
1.890893721580505371e+01
1.375458407402038574e+01
1.111380481719970703e+01
2.159268331527709961e+01
1.507332563400268555e+01
2.022574400901794434e+01
1.778480458259582520e+01
1.704493093490600586e+01
1.874146747589111328e+01
2.935428953170776367e+01
1.441259050369262695e+01
1.721114563941955566e+01
1.524621701240539551e+01
1.511044383049011230e+01
1.696488618850708008e+01
2.354034781455993652e+01
1.654926156997680664e+01
1.400824880599975586e+01
1.826531410217285156e+01
1.226248884201049805e+01
1.204172778129577637e+01
1.201823902130126953e+01
1.217244935035705566e+01
2.489214205741882324e+01
1.867106199264526367e+01
1.833586645126342773e+01
3.112551093101501465e+01
1.992975354194641113e+01
3.013982844352722168e+01
2.275261855125427246e+01
1.580359458923339844e+01
1.108883333206176758e+01
1.844734764099121094e+01
2.331942534446716309e+01
2.058935070037841797e+01
1.413930368423461914e+01
1.506167984008789062e+01
2.125335741043090820e+01
1.851031708717346191e+01
1.593440818786621094e+01
2.173068237304687500e+01
1.431467556953430176e+01
2.135871315002441406e+01
1.989061236381530762e+01
1.514699792861938477e+01
2.499387860298156738e+01
2.019146442413330078e+01
1.857892966270446777e+01
2.099807667732238770e+01
1.870742559432983398e+01
2.348147010803222656e+01
1.915495347976684570e+01
2.824965262413024902e+01
1.598315000534057617e+01
1.724772024154663086e+01
2.821002912521362305e+01
2.526361250877380371e+01
1.571787881851196289e+01
1.303673219680786133e+01
2.296327781677246094e+01
1.783913660049438477e+01
1.423618245124816895e+01
1.399375438690185547e+01
1.468921589851379395e+01
2.175631928443908691e+01
2.230749273300170898e+01
2.016294574737548828e+01
1.897141432762145996e+01
1.766922831535339355e+01
2.325005149841308594e+01
1.478985166549682617e+01
1.909265065193176270e+01
1.255385375022888184e+01
1.321407079696655273e+01
1.614349961280822754e+01
3.835890436172485352e+01
2.366121220588684082e+01
1.493927168846130371e+01
1.769300413131713867e+01
1.726479268074035645e+01
1.881050252914428711e+01
1.591174530982971191e+01
1.744125580787658691e+01
1.684343647956848145e+01
1.997799563407897949e+01
2.592602968215942383e+01
1.964059209823608398e+01
2.362698817253112793e+01
1.683678817749023438e+01
1.578470206260681152e+01
1.777841281890869141e+01
1.981613612174987793e+01
1.094194388389587402e+01
1.996683430671691895e+01
2.050660681724548340e+01
2.230614113807678223e+01
1.918512606620788574e+01
2.621157956123352051e+01
2.854713487625122070e+01
1.837084388732910156e+01
1.735516428947448730e+01
1.893696665763854980e+01
2.119954109191894531e+01
2.337957119941711426e+01
1.436940670013427734e+01
2.848830723762512207e+01
1.899344229698181152e+01
1.861983656883239746e+01
1.713080334663391113e+01
1.453291082382202148e+01
1.262351536750793457e+01
1.992958831787109375e+01
1.618516373634338379e+01
1.709489631652832031e+01
1.417844104766845703e+01
2.011115860939025879e+01
1.881794071197509766e+01
1.890057945251464844e+01
1.620400810241699219e+01
1.514525461196899414e+01
1.970001506805419922e+01
1.557284736633300781e+01
2.449548935890197754e+01
1.785879755020141602e+01
1.150925707817077637e+01
2.040438008308410645e+01
2.560884809494018555e+01
1.358062100410461426e+01
2.277848362922668457e+01
2.743506050109863281e+01
2.120915675163269043e+01
8.542918205261230469e+00
1.131255245208740234e+01
1.299086403846740723e+01
1.755349874496459961e+01
1.267271137237548828e+01
2.536399888992309570e+01
2.710279059410095215e+01
1.165151143074035645e+01
2.545075178146362305e+01
1.740400242805480957e+01
2.133673453330993652e+01
1.375558972358703613e+01
1.909689283370971680e+01
1.898702979087829590e+01
1.602519416809082031e+01
1.899294114112854004e+01
1.760671067237854004e+01
2.546255731582641602e+01
2.394112420082092285e+01
1.618240737915039062e+01
1.210849952697753906e+01
1.804331040382385254e+01
1.919880771636962891e+01
1.219362425804138184e+01
1.707800507545471191e+01
1.865259790420532227e+01
1.572314238548278809e+01
1.437887477874755859e+01
1.358090424537658691e+01
1.947994351387023926e+01
1.500201249122619629e+01
1.568233752250671387e+01
1.606254100799560547e+01
1.650796437263488770e+01
2.827859544754028320e+01
2.913748788833618164e+01
1.505606317520141602e+01
1.893375754356384277e+01
3.591569280624389648e+01
2.461643815040588379e+01
1.423953104019165039e+01
2.404038000106811523e+01
1.914224052429199219e+01
2.292308163642883301e+01
2.740463328361511230e+01
2.354267072677612305e+01
2.037102150917053223e+01
1.640584301948547363e+01
1.924017286300659180e+01
2.080061626434326172e+01
1.186540198326110840e+01
1.108544301986694336e+01
1.168366074562072754e+01
1.842207384109497070e+01
3.873025918006896973e+01
1.708204007148742676e+01
2.033985710144042969e+01
1.726949644088745117e+01
2.580104875564575195e+01
1.480899286270141602e+01
1.501278758049011230e+01
1.080594277381896973e+01
1.350062251091003418e+01
1.935455298423767090e+01
3.025335311889648438e+01
1.370997977256774902e+01
1.358171272277832031e+01
1.612204957008361816e+01
2.277659487724304199e+01
1.848727512359619141e+01
1.232311677932739258e+01
1.398166394233703613e+01
1.276359128952026367e+01
2.223235583305358887e+01
2.028245091438293457e+01
1.491112923622131348e+01
2.140160322189331055e+01
1.222116708755493164e+01
1.317748713493347168e+01
1.927620863914489746e+01
2.442582416534423828e+01
1.855570745468139648e+01
1.055377459526062012e+01
1.545048284530639648e+01
2.135301494598388672e+01
2.587496018409729004e+01
2.164968943595886230e+01
2.933009648323059082e+01
2.365865707397460938e+01
1.622926998138427734e+01
2.084997034072875977e+01
1.294463133811950684e+01
1.664400100708007812e+01
1.853942441940307617e+01
1.938862395286560059e+01
4.344347095489501953e+01
2.360389876365661621e+01
1.453545522689819336e+01
1.356001234054565430e+01
1.989285612106323242e+01
1.395970010757446289e+01
1.568162012100219727e+01
2.208461523056030273e+01
1.177905368804931641e+01
1.635983395576477051e+01
2.855035305023193359e+01
3.363002061843872070e+01
2.250880575180053711e+01
1.439276051521301270e+01
1.578646683692932129e+01
2.476615357398986816e+01
9.565371274948120117e+00
1.299181723594665527e+01
1.520294475555419922e+01
1.589780426025390625e+01
2.673293972015380859e+01
1.957321763038635254e+01
1.536685705184936523e+01
3.008711576461791992e+01
2.105017828941345215e+01
1.092326402664184570e+01
1.300474190711975098e+01
1.164956426620483398e+01
1.866329479217529297e+01
3.271748423576354980e+01
1.945171475410461426e+01
1.643463826179504395e+01
1.474269413948059082e+01
1.476876139640808105e+01
1.548575830459594727e+01
1.621281552314758301e+01
2.612328982353210449e+01
1.524148559570312500e+01
2.368726968765258789e+01
2.745475387573242188e+01
1.084555196762084961e+01
1.163981413841247559e+01
1.718497610092163086e+01
1.858359384536743164e+01
2.701567077636718750e+01
2.475651478767395020e+01
1.597699952125549316e+01
1.240108847618103027e+01
1.847818875312805176e+01
1.723089599609375000e+01
1.204809904098510742e+01
1.906473016738891602e+01
1.393634200096130371e+01
1.527739071846008301e+01
2.181876993179321289e+01
1.460769724845886230e+01
1.073855185508728027e+01
1.693628644943237305e+01
1.541890764236450195e+01
2.090684318542480469e+01
1.592803597450256348e+01
1.738987731933593750e+01
1.817855572700500488e+01
1.327569103240966797e+01
2.326395297050476074e+01
2.045275521278381348e+01
2.205669808387756348e+01
2.365158605575561523e+01
1.948577308654785156e+01
3.256441736221313477e+01
2.636072802543640137e+01
1.434774637222290039e+01
1.355980706214904785e+01
1.366806554794311523e+01
2.095517778396606445e+01
2.033893656730651855e+01
1.102967596054077148e+01
2.066829633712768555e+01
1.466218733787536621e+01
1.914376735687255859e+01
1.985801148414611816e+01
2.441615605354309082e+01
1.451265072822570801e+01
2.371543240547180176e+01
1.468905830383300781e+01
1.551697874069213867e+01
1.655639410018920898e+01
1.751020503044128418e+01
2.219857168197631836e+01
1.671405935287475586e+01
2.881194567680358887e+01
2.297953820228576660e+01
1.862299251556396484e+01
1.694453239440917969e+01
1.964186835289001465e+01
2.389806079864501953e+01
1.155519390106201172e+01
1.128868699073791504e+01
1.637418317794799805e+01
2.180462932586669922e+01
2.010522294044494629e+01
2.140184497833251953e+01
1.386462211608886719e+01
2.118173503875732422e+01
1.284768557548522949e+01
1.462349271774291992e+01
1.619212150573730469e+01
2.756265497207641602e+01
1.054874753952026367e+01
2.076856780052185059e+01
1.612536478042602539e+01
4.055733036994934082e+01
2.090584111213684082e+01
1.692670655250549316e+01
2.398260211944580078e+01
1.473353457450866699e+01
1.333458399772644043e+01
1.447671532630920410e+01
1.179902625083923340e+01
1.796056461334228516e+01
1.477922749519348145e+01
1.881217193603515625e+01
1.868378067016601562e+01
1.889504337310791016e+01
1.754346919059753418e+01
2.067416381835937500e+01
1.307593297958374023e+01
1.930262613296508789e+01
1.983766555786132812e+01
1.507958579063415527e+01
1.953482747077941895e+01
1.666561675071716309e+01
1.416898655891418457e+01
1.590925645828247070e+01
1.193909811973571777e+01
1.901293849945068359e+01
1.562137866020202637e+01
1.594235348701477051e+01
3.025286674499511719e+01
2.239607381820678711e+01
2.099682521820068359e+01
1.098109078407287598e+01
1.267442369461059570e+01
2.404025459289550781e+01
1.894957685470581055e+01
2.193876719474792480e+01
1.673702836036682129e+01
2.268564963340759277e+01
2.151777696609497070e+01
3.149187088012695312e+01
1.405079936981201172e+01
1.857885265350341797e+01
2.519068646430969238e+01
1.931447696685791016e+01
1.557197451591491699e+01
1.274244928359985352e+01
1.350496768951416016e+01
1.049184751510620117e+01
1.936163377761840820e+01
3.381369543075561523e+01
1.660143637657165527e+01
2.487158060073852539e+01
1.786444807052612305e+01
1.773195505142211914e+01
1.470267486572265625e+01
1.816748714447021484e+01
1.624886226654052734e+01
1.782383918762207031e+01
1.416483497619628906e+01
3.624904656410217285e+01
2.105238294601440430e+01
2.312270712852478027e+01
1.334653162956237793e+01
1.595626640319824219e+01
2.122783708572387695e+01
1.328011298179626465e+01
2.163084864616394043e+01
2.045524144172668457e+01
3.107766628265380859e+01
2.558628654479980469e+01
1.765509724617004395e+01
1.982188320159912109e+01
1.502708649635314941e+01
1.618775177001953125e+01
3.159623193740844727e+01
1.760530209541320801e+01
1.219340443611145020e+01
1.124689292907714844e+01
1.380649900436401367e+01
2.640687656402587891e+01
2.455097293853759766e+01
2.175407075881958008e+01
1.905413651466369629e+01
1.221312618255615234e+01
1.955968976020812988e+01
1.326795887947082520e+01
9.916990518569946289e+00
2.030582332611083984e+01
3.008380842208862305e+01
2.608008265495300293e+01
2.887131166458129883e+01
2.794590568542480469e+01
1.585477471351623535e+01
1.341766071319580078e+01
2.300729203224182129e+01
2.077940511703491211e+01
1.776801896095275879e+01
2.127548074722290039e+01
1.393158411979675293e+01
1.592824292182922363e+01
2.300240802764892578e+01
2.204239821434020996e+01
2.772009968757629395e+01
2.067984175682067871e+01
2.001357960700988770e+01
9.463532447814941406e+00
1.191381621360778809e+01
1.978596401214599609e+01
1.485975742340087891e+01
1.246772193908691406e+01
2.193299770355224609e+01
1.854513883590698242e+01
2.862963652610778809e+01
2.006539654731750488e+01
1.626972937583923340e+01
1.508537387847900391e+01
1.727247238159179688e+01
1.210223817825317383e+01
3.899122524261474609e+01
1.779052877426147461e+01
2.259659695625305176e+01
1.966332674026489258e+01
2.369577860832214355e+01
1.189998698234558105e+01
1.203290247917175293e+01
1.339042711257934570e+01
1.611128664016723633e+01
1.853321146965026855e+01
2.855567526817321777e+01
1.197126197814941406e+01
1.240086436271667480e+01
1.960391759872436523e+01
2.128945255279541016e+01
1.734625482559204102e+01
1.216262221336364746e+01
1.515812540054321289e+01
1.901213693618774414e+01
2.275555419921875000e+01
3.014521288871765137e+01
1.934971976280212402e+01
1.880765032768249512e+01
1.512319517135620117e+01
3.468650865554809570e+01
1.765039253234863281e+01
1.591410470008850098e+01
1.890707755088806152e+01
1.680123758316040039e+01
1.504965257644653320e+01
3.076542997360229492e+01
2.056977534294128418e+01
2.116931200027465820e+01
1.405078053474426270e+01
1.444537043571472168e+01
1.162244701385498047e+01
1.305134391784667969e+01
1.295712327957153320e+01
1.263428187370300293e+01
1.127942395210266113e+01
2.938389372825622559e+01
1.598551464080810547e+01
1.591927814483642578e+01
1.867025923728942871e+01
1.426701092720031738e+01
3.370040297508239746e+01
1.256361413002014160e+01
1.888132548332214355e+01
2.795450615882873535e+01
2.297607517242431641e+01
2.007257962226867676e+01
2.527582812309265137e+01
1.931672811508178711e+01
1.177377986907958984e+01
1.735387587547302246e+01
1.729279422760009766e+01
1.485904455184936523e+01
2.062603425979614258e+01
1.249537372589111328e+01
2.074958324432373047e+01
2.482136750221252441e+01
2.513155698776245117e+01
2.565399408340454102e+01
2.007984232902526855e+01
1.408700799942016602e+01
1.500910687446594238e+01
1.213435029983520508e+01
1.633576750755310059e+01
1.453217339515686035e+01
1.825546383857727051e+01
1.578279161453247070e+01
1.387719583511352539e+01
3.276496219635009766e+01
1.560897827148437500e+01
1.967459559440612793e+01
2.252990531921386719e+01
1.135654449462890625e+01
1.669210314750671387e+01
1.153457283973693848e+01
1.162232875823974609e+01
1.229453492164611816e+01
2.028816699981689453e+01
2.889897084236145020e+01
2.515974330902099609e+01
2.222015905380249023e+01
2.345391798019409180e+01
2.086567926406860352e+01
1.124344944953918457e+01
1.887935709953308105e+01
1.189001560211181641e+01
1.367820191383361816e+01
1.452236080169677734e+01
1.455540752410888672e+01
1.968049621582031250e+01
1.675283885002136230e+01
1.401753401756286621e+01
1.159249830245971680e+01
1.187197303771972656e+01
2.190852355957031250e+01
1.951619291305541992e+01
2.742311596870422363e+01
1.485994100570678711e+01
3.134365773200988770e+01
2.099968743324279785e+01
4.056271576881408691e+01
1.632755064964294434e+01
1.626180863380432129e+01
1.415281248092651367e+01
1.828665590286254883e+01
2.896104359626770020e+01
2.082211065292358398e+01
1.611115860939025879e+01
1.717147374153137207e+01
1.263872528076171875e+01
1.330896878242492676e+01
2.304755783081054688e+01
1.297846674919128418e+01
1.080338668823242188e+01
1.695952653884887695e+01
2.085005116462707520e+01
1.910866475105285645e+01
1.692676734924316406e+01
2.061528253555297852e+01
1.687728285789489746e+01
1.591347265243530273e+01
1.445552468299865723e+01
1.338103413581848145e+01
1.897852206230163574e+01
1.675132846832275391e+01
2.854479551315307617e+01
6.554754209518432617e+01
2.773132991790771484e+01
1.626837873458862305e+01
1.594093680381774902e+01
2.266991233825683594e+01
1.358978915214538574e+01
1.675188374519348145e+01
9.938958168029785156e+00
1.544249796867370605e+01
1.308281159400939941e+01
2.626795840263366699e+01
2.440999412536621094e+01
1.596504378318786621e+01
1.941135787963867188e+01
2.929136943817138672e+01
1.755094480514526367e+01
1.224345016479492188e+01
2.030490398406982422e+01
1.734567499160766602e+01
1.447004318237304688e+01
1.825618767738342285e+01
2.144324588775634766e+01
1.669811463356018066e+01
1.954133629798889160e+01
1.941526508331298828e+01
1.452433013916015625e+01
1.318506574630737305e+01
1.194430065155029297e+01
1.489492559432983398e+01
1.497315001487731934e+01
1.362410092353820801e+01
2.561560845375061035e+01
1.933957457542419434e+01
2.602566194534301758e+01
1.302282714843750000e+01
1.405207633972167969e+01
1.199195528030395508e+01
1.112936663627624512e+01
1.837701916694641113e+01
1.688929128646850586e+01
2.622787237167358398e+01
1.961845254898071289e+01
2.295281696319580078e+01
2.180900549888610840e+01
2.524030733108520508e+01
2.269976663589477539e+01
1.491696977615356445e+01
1.507956290245056152e+01
1.082185077667236328e+01
1.968530845642089844e+01
1.185902380943298340e+01
2.935568952560424805e+01
3.533361363410949707e+01
1.673514652252197266e+01
1.489229440689086914e+01
1.553997182846069336e+01
1.687257599830627441e+01
8.226845502853393555e+00
1.116344332695007324e+01
1.869084477424621582e+01
1.240834188461303711e+01
1.368709373474121094e+01
1.599483966827392578e+01
3.900655746459960938e+01
2.056104731559753418e+01
1.836566209793090820e+01
1.433697891235351562e+01
1.870246624946594238e+01
1.521908473968505859e+01
1.975223922729492188e+01
1.872115111351013184e+01
1.084903550148010254e+01
1.474500823020935059e+01
1.331353974342346191e+01
1.537461304664611816e+01
1.417110943794250488e+01
1.732914423942565918e+01
1.091785550117492676e+01
2.752670121192932129e+01
2.868497419357299805e+01
1.107758378982543945e+01
1.970851087570190430e+01
1.417363476753234863e+01
1.831661343574523926e+01
1.233975148200988770e+01
1.714879798889160156e+01
1.351760315895080566e+01
1.155909013748168945e+01
1.261169481277465820e+01
2.544889688491821289e+01
1.555517411231994629e+01
1.892489266395568848e+01
1.170035719871520996e+01
1.977634596824645996e+01
1.783177638053894043e+01
2.073597979545593262e+01
1.420564103126525879e+01
1.977655243873596191e+01
1.213951182365417480e+01
2.076625752449035645e+01
1.877262425422668457e+01
1.747230386734008789e+01
1.414192104339599609e+01
1.660856056213378906e+01
1.882997417449951172e+01
1.245449471473693848e+01
1.785560393333435059e+01
1.001790285110473633e+01
1.713989734649658203e+01
2.343930482864379883e+01
3.610054779052734375e+01
1.904634308815002441e+01
1.910378575325012207e+01
1.394974589347839355e+01
1.510594773292541504e+01
1.817255091667175293e+01
2.556271719932556152e+01
1.828464102745056152e+01
1.130715870857238770e+01
1.087635183334350586e+01
3.004478812217712402e+01
2.215366601943969727e+01
1.324253177642822266e+01
1.719995093345642090e+01
1.474366497993469238e+01
1.269537281990051270e+01
1.364380264282226562e+01
1.133608555793762207e+01
1.117465543746948242e+01
1.864546656608581543e+01
1.214762282371520996e+01
3.174185919761657715e+01
1.535994720458984375e+01
1.427578043937683105e+01
2.320413064956665039e+01
1.113984680175781250e+01
2.213520097732543945e+01
1.111707592010498047e+01
1.880994248390197754e+01
2.344612765312194824e+01
2.296446251869201660e+01
2.142945218086242676e+01
2.339618253707885742e+01
2.458780550956726074e+01
1.381721806526184082e+01
2.022218465805053711e+01
2.080878329277038574e+01
1.279591250419616699e+01
1.352149820327758789e+01
1.790301036834716797e+01
1.356881308555603027e+01
2.373832559585571289e+01
3.473067569732666016e+01
1.618778347969055176e+01
1.439210438728332520e+01
1.537350249290466309e+01
1.082884430885314941e+01
8.483027696609497070e+00
2.530789732933044434e+01
1.110819697380065918e+01
1.247106814384460449e+01
1.704954028129577637e+01
2.054109096527099609e+01
3.174831223487854004e+01
1.461522769927978516e+01
1.390213561058044434e+01
1.189653968811035156e+01
