2.465320587158203125e+00
2.570525646209716797e+00
2.304440975189208984e+00
2.474505901336669922e+00
2.503834009170532227e+00
2.509111642837524414e+00
2.342564821243286133e+00
2.527667999267578125e+00
2.434251070022583008e+00
2.664723157882690430e+00
2.492186307907104492e+00
2.427580595016479492e+00
2.492009162902832031e+00
2.257316827774047852e+00
2.327737092971801758e+00
2.324533700942993164e+00
2.399769306182861328e+00
2.327238321304321289e+00
2.589655160903930664e+00
2.427383422851562500e+00
2.251033306121826172e+00
2.350492954254150391e+00
2.492283582687377930e+00
2.361312150955200195e+00
2.350982427597045898e+00
2.478594779968261719e+00
2.417799949645996094e+00
2.443622350692749023e+00
2.362034559249877930e+00
2.349659204483032227e+00
2.365624904632568359e+00
2.339373111724853516e+00
2.404577016830444336e+00
2.392931699752807617e+00
2.353569030761718750e+00
2.337803363800048828e+00
2.349204778671264648e+00
2.283524751663208008e+00
2.405058145523071289e+00
2.458443403244018555e+00
2.382133722305297852e+00
2.392128467559814453e+00
2.317124366760253906e+00
2.300253152847290039e+00
2.407461166381835938e+00
2.529747247695922852e+00
2.461948871612548828e+00
2.280414581298828125e+00
2.596697092056274414e+00
2.530535936355590820e+00
2.422689676284790039e+00
2.377237558364868164e+00
2.584115266799926758e+00
2.414110898971557617e+00
2.417131662368774414e+00
2.386354446411132812e+00
2.432492971420288086e+00
2.520972967147827148e+00
2.267737627029418945e+00
2.417937517166137695e+00
2.271424770355224609e+00
2.326708078384399414e+00
2.470565319061279297e+00
2.516688108444213867e+00
2.523417472839355469e+00
2.663297891616821289e+00
2.363939046859741211e+00
2.523424625396728516e+00
2.546643972396850586e+00
2.435320615768432617e+00
2.499977111816406250e+00
2.448375225067138672e+00
2.611685514450073242e+00
2.290230989456176758e+00
2.334267139434814453e+00
2.537707805633544922e+00
2.530579328536987305e+00
2.289593696594238281e+00
2.421812057495117188e+00
2.432609796524047852e+00
2.545265436172485352e+00
2.313586711883544922e+00
2.537408590316772461e+00
2.451198577880859375e+00
2.395740985870361328e+00
2.471435546875000000e+00
2.309291601181030273e+00
2.423470973968505859e+00
2.354745626449584961e+00
2.288896799087524414e+00
2.439720153808593750e+00
2.447968006134033203e+00
2.350780010223388672e+00
2.344054937362670898e+00
2.483780384063720703e+00
2.470322370529174805e+00
2.449328422546386719e+00
2.515297889709472656e+00
2.384896516799926758e+00
2.447528839111328125e+00
2.545654058456420898e+00
2.410418987274169922e+00
2.531305551528930664e+00
2.443628549575805664e+00
2.549690961837768555e+00
2.389547586441040039e+00
2.584874868392944336e+00
2.350875377655029297e+00
2.467335462570190430e+00
2.362333536148071289e+00
2.460522174835205078e+00
2.568421602249145508e+00
2.493274927139282227e+00
2.328103780746459961e+00
2.329447984695434570e+00
2.505619049072265625e+00
2.326543569564819336e+00
2.341778039932250977e+00
2.475599765777587891e+00
2.329907655715942383e+00
2.367672920227050781e+00
2.483926773071289062e+00
2.367088317871093750e+00
2.586071252822875977e+00
2.385901689529418945e+00
2.348612785339355469e+00
2.321860074996948242e+00
2.470281839370727539e+00
2.373288393020629883e+00
2.576103448867797852e+00
2.516990900039672852e+00
2.420279264450073242e+00
2.538737058639526367e+00
2.541146039962768555e+00
2.508694171905517578e+00
2.548302888870239258e+00
2.275160312652587891e+00
2.518816471099853516e+00
2.373668909072875977e+00
2.298180341720581055e+00
2.567653179168701172e+00
2.307270526885986328e+00
2.306859254837036133e+00
2.430968046188354492e+00
2.364727973937988281e+00
2.474703073501586914e+00
2.468137025833129883e+00
2.537076711654663086e+00
2.375233650207519531e+00
2.519685983657836914e+00
2.499471902847290039e+00
2.349831819534301758e+00
2.607581377029418945e+00
2.362283706665039062e+00
2.429349899291992188e+00
2.483474254608154297e+00
2.376470565795898438e+00
2.280349969863891602e+00
2.411189556121826172e+00
2.335731506347656250e+00
2.534638404846191406e+00
2.555058717727661133e+00
2.325853109359741211e+00
2.248971939086914062e+00
2.553497076034545898e+00
2.290995597839355469e+00
2.388112306594848633e+00
2.431953907012939453e+00
2.445153713226318359e+00
2.482185125350952148e+00
2.454506397247314453e+00
2.325696468353271484e+00
2.338060617446899414e+00
2.293924808502197266e+00
2.485821723937988281e+00
2.307266473770141602e+00
2.248655080795288086e+00
2.430131912231445312e+00
2.497932434082031250e+00
2.481125354766845703e+00
2.475374460220336914e+00
2.378888130187988281e+00
2.471252918243408203e+00
2.451337099075317383e+00
2.576495409011840820e+00
2.420031785964965820e+00
2.354119300842285156e+00
2.540313959121704102e+00
2.327781200408935547e+00
2.491637945175170898e+00
2.428726196289062500e+00
2.419150829315185547e+00
2.253210067749023438e+00
2.396611690521240234e+00
2.450961828231811523e+00
2.375003099441528320e+00
2.509970664978027344e+00
2.448012828826904297e+00
2.276491641998291016e+00
2.488734245300292969e+00
2.284976243972778320e+00
2.422401905059814453e+00
2.405688285827636719e+00
2.389062881469726562e+00
2.314378976821899414e+00
2.400834798812866211e+00
2.261453628540039062e+00
2.476014375686645508e+00
2.428086519241333008e+00
2.439500808715820312e+00
2.389728784561157227e+00
2.452129840850830078e+00
2.409277200698852539e+00
2.547326087951660156e+00
2.353865623474121094e+00
2.385031223297119141e+00
2.473777294158935547e+00
2.510581254959106445e+00
2.292140007019042969e+00
2.476372957229614258e+00
2.529983758926391602e+00
2.344200134277343750e+00
2.468684434890747070e+00
2.304697036743164062e+00
2.373287677764892578e+00
2.403450489044189453e+00
2.384254455566406250e+00
2.377690792083740234e+00
2.394649982452392578e+00
2.417846679687500000e+00
2.227326631546020508e+00
2.485488891601562500e+00
2.656755447387695312e+00
2.606907367706298828e+00
2.271634578704833984e+00
2.375169754028320312e+00
2.495310306549072266e+00
2.476996660232543945e+00
2.265805006027221680e+00
2.334048986434936523e+00
2.450901746749877930e+00
2.333443164825439453e+00
2.454554319381713867e+00
2.476752996444702148e+00
2.454132556915283203e+00
2.431708335876464844e+00
2.330574274063110352e+00
2.412972688674926758e+00
2.469331741333007812e+00
2.488233089447021484e+00
2.480686187744140625e+00
2.379813671112060547e+00
2.395811319351196289e+00
2.413300514221191406e+00
2.393904924392700195e+00
2.482875585556030273e+00
2.422035217285156250e+00
2.444592237472534180e+00
2.305991411209106445e+00
2.391737222671508789e+00
2.294361591339111328e+00
2.317491531372070312e+00
2.381047487258911133e+00
2.407582759857177734e+00
2.484217882156372070e+00
2.661788702011108398e+00
2.446814537048339844e+00
2.370306253433227539e+00
2.467345237731933594e+00
2.339982271194458008e+00
2.434532880783081055e+00
2.474549055099487305e+00
2.246752262115478516e+00
2.421600341796875000e+00
2.390197992324829102e+00
2.347780704498291016e+00
2.274111032485961914e+00
2.351850271224975586e+00
2.308251619338989258e+00
2.353019714355468750e+00
2.593365669250488281e+00
2.429122447967529297e+00
2.574446201324462891e+00
2.431601047515869141e+00
2.329114913940429688e+00
2.462108135223388672e+00
2.438769578933715820e+00
2.458082914352416992e+00
2.460697412490844727e+00
2.358535051345825195e+00
2.496720552444458008e+00
2.463704109191894531e+00
2.326495170593261719e+00
2.269712209701538086e+00
2.372855663299560547e+00
2.445671081542968750e+00
2.519851207733154297e+00
2.469332456588745117e+00
2.309163570404052734e+00
2.477778673171997070e+00
2.378799438476562500e+00
2.279998540878295898e+00
2.357930660247802734e+00
2.415928363800048828e+00
2.457144737243652344e+00
2.328201770782470703e+00
2.515314102172851562e+00
2.301793575286865234e+00
2.458089590072631836e+00
2.457204580307006836e+00
2.543610095977783203e+00
2.471862077713012695e+00
2.567314624786376953e+00
2.548883438110351562e+00
2.395134925842285156e+00
2.305912971496582031e+00
2.458605527877807617e+00
2.455356359481811523e+00
2.254876136779785156e+00
2.444888114929199219e+00
2.344649314880371094e+00
2.424326896667480469e+00
2.390121936798095703e+00
2.372469902038574219e+00
2.312830448150634766e+00
2.475116014480590820e+00
2.358772516250610352e+00
2.456695318222045898e+00
2.484705209732055664e+00
2.571015834808349609e+00
2.366844892501831055e+00
2.325454711914062500e+00
2.617383718490600586e+00
2.543282747268676758e+00
2.431607723236083984e+00
2.532033443450927734e+00
2.572679281234741211e+00
2.403579473495483398e+00
2.298968553543090820e+00
2.492082834243774414e+00
2.499797344207763672e+00
2.383882045745849609e+00
2.296152830123901367e+00
2.295073986053466797e+00
2.300656557083129883e+00
2.240672826766967773e+00
2.361294507980346680e+00
2.361686944961547852e+00
2.336532115936279297e+00
2.364928483963012695e+00
2.321517229080200195e+00
2.473944664001464844e+00
2.471329927444458008e+00
2.455339193344116211e+00
2.384728193283081055e+00
2.401009559631347656e+00
2.524448394775390625e+00
2.319551706314086914e+00
2.349481582641601562e+00
2.481652498245239258e+00
2.474990844726562500e+00
2.634922504425048828e+00
2.407776117324829102e+00
2.311151027679443359e+00
2.428046703338623047e+00
2.383963584899902344e+00
2.428322792053222656e+00
2.394874811172485352e+00
2.531357526779174805e+00
2.361294031143188477e+00
2.486985683441162109e+00
2.336454153060913086e+00
2.484996795654296875e+00
2.373609066009521484e+00
2.315995216369628906e+00
2.568214416503906250e+00
2.497298955917358398e+00
2.453277587890625000e+00
2.397619247436523438e+00
2.304391384124755859e+00
2.410977363586425781e+00
2.319114685058593750e+00
2.285747289657592773e+00
2.304878950119018555e+00
2.562523365020751953e+00
2.485027313232421875e+00
2.445143699645996094e+00
2.455830097198486328e+00
2.326814889907836914e+00
2.548019409179687500e+00
2.333197116851806641e+00
2.406028747558593750e+00
2.342519760131835938e+00
2.441691875457763672e+00
2.407987594604492188e+00
2.243216514587402344e+00
2.354607582092285156e+00
2.580220460891723633e+00
2.372744798660278320e+00
2.344408750534057617e+00
2.318442821502685547e+00
2.259988307952880859e+00
2.404831409454345703e+00
2.395504474639892578e+00
2.493443012237548828e+00
2.264020681381225586e+00
2.454800844192504883e+00
2.466704845428466797e+00
2.317867755889892578e+00
2.487730264663696289e+00
2.490192174911499023e+00
2.503392934799194336e+00
2.532278776168823242e+00
2.384183883666992188e+00
2.396411418914794922e+00
2.292364120483398438e+00
2.331388711929321289e+00
2.295592069625854492e+00
2.433853864669799805e+00
2.363890171051025391e+00
2.323989391326904297e+00
2.298169851303100586e+00
2.413755416870117188e+00
2.268224954605102539e+00
2.540495157241821289e+00
2.465901136398315430e+00
2.419623613357543945e+00
2.461218595504760742e+00
2.445559501647949219e+00
2.311623573303222656e+00
2.511003971099853516e+00
2.330444812774658203e+00
2.548864364624023438e+00
2.438187599182128906e+00
2.492512702941894531e+00
2.392339468002319336e+00
2.455383300781250000e+00
2.378246307373046875e+00
2.360694169998168945e+00
2.509211778640747070e+00
2.493307828903198242e+00
2.510249614715576172e+00
2.340010643005371094e+00
2.445016622543334961e+00
2.256390333175659180e+00
2.285968065261840820e+00
2.285033941268920898e+00
2.300516605377197266e+00
2.489220380783081055e+00
2.474565982818603516e+00
2.506996870040893555e+00
2.537383794784545898e+00
2.344815969467163086e+00
2.359515190124511719e+00
2.424332857131958008e+00
2.462591886520385742e+00
2.239279985427856445e+00
2.330804824829101562e+00
2.377036571502685547e+00
2.380464315414428711e+00
2.440445899963378906e+00
2.401073217391967773e+00
2.417779922485351562e+00
2.370494127273559570e+00
2.343275785446166992e+00
2.461597204208374023e+00
2.354465484619140625e+00
2.398375034332275391e+00
2.332919359207153320e+00
2.517115592956542969e+00
2.621612548828125000e+00
2.547796249389648438e+00
2.539824485778808594e+00
2.358559370040893555e+00
2.338467121124267578e+00
2.258670091629028320e+00
2.489515304565429688e+00
2.539086580276489258e+00
2.325978279113769531e+00
2.437081336975097656e+00
2.315450906753540039e+00
2.416405439376831055e+00
2.383643627166748047e+00
2.299726009368896484e+00
2.359010457992553711e+00
2.477258443832397461e+00
2.493879556655883789e+00
2.515395879745483398e+00
2.595572948455810547e+00
2.492159843444824219e+00
2.382445573806762695e+00
2.438577651977539062e+00
2.335485696792602539e+00
2.333997011184692383e+00
2.463769197463989258e+00
2.490983247756958008e+00
2.483781099319458008e+00
2.508712768554687500e+00
2.453398704528808594e+00
2.436383485794067383e+00
2.247860193252563477e+00
2.419787645339965820e+00
2.392407417297363281e+00
2.297034025192260742e+00
2.282860279083251953e+00
2.492633819580078125e+00
2.419318675994873047e+00
2.481053113937377930e+00
2.347502708435058594e+00
2.430738210678100586e+00
2.502116203308105469e+00
2.342738866806030273e+00
2.371446371078491211e+00
2.335279703140258789e+00
2.285867929458618164e+00
2.397215127944946289e+00
2.434655189514160156e+00
2.371004104614257812e+00
2.495076417922973633e+00
2.346985340118408203e+00
2.509965181350708008e+00
2.497215270996093750e+00
2.286060571670532227e+00
2.331488609313964844e+00
2.401297807693481445e+00
2.559342384338378906e+00
2.409749507904052734e+00
2.594872713088989258e+00
2.262443304061889648e+00
2.536343097686767578e+00
2.287505865097045898e+00
2.583441495895385742e+00
2.298556327819824219e+00
2.462607383728027344e+00
2.280456304550170898e+00
2.380868911743164062e+00
2.530856370925903320e+00
2.351362705230712891e+00
2.475478410720825195e+00
2.524953603744506836e+00
2.526373863220214844e+00
2.321761608123779297e+00
2.368160247802734375e+00
2.347470283508300781e+00
2.469234704971313477e+00
2.310349464416503906e+00
2.409206151962280273e+00
2.307407617568969727e+00
2.475773811340332031e+00
2.346606731414794922e+00
2.503332853317260742e+00
2.338813543319702148e+00
2.309072494506835938e+00
2.467770099639892578e+00
2.285526275634765625e+00
2.401723384857177734e+00
2.478266954421997070e+00
2.312919378280639648e+00
2.398068189620971680e+00
2.342758178710937500e+00
2.489660978317260742e+00
2.363847255706787109e+00
2.470628976821899414e+00
2.432419538497924805e+00
2.483956336975097656e+00
2.401782274246215820e+00
2.350778102874755859e+00
2.432223558425903320e+00
2.498955011367797852e+00
2.519463539123535156e+00
2.467282772064208984e+00
2.343780040740966797e+00
2.438167810440063477e+00
2.530183315277099609e+00
2.394066810607910156e+00
2.439034461975097656e+00
2.481581211090087891e+00
2.467061281204223633e+00
2.559225082397460938e+00
2.311433792114257812e+00
2.365535259246826172e+00
2.469331741333007812e+00
2.445758819580078125e+00
2.336716890335083008e+00
2.550131797790527344e+00
2.311426401138305664e+00
2.525656461715698242e+00
2.494231462478637695e+00
2.292931795120239258e+00
2.408153533935546875e+00
2.471473455429077148e+00
2.315736293792724609e+00
2.447925806045532227e+00
2.402153730392456055e+00
2.362761735916137695e+00
2.449362516403198242e+00
2.401791572570800781e+00
2.441662073135375977e+00
2.346057891845703125e+00
2.421478986740112305e+00
2.400550603866577148e+00
2.420209407806396484e+00
2.411915063858032227e+00
2.431455135345458984e+00
2.338299751281738281e+00
2.489846229553222656e+00
2.316920042037963867e+00
2.408436775207519531e+00
2.285845756530761719e+00
2.478482484817504883e+00
2.479635477066040039e+00
2.589970111846923828e+00
2.324271202087402344e+00
2.477735996246337891e+00
2.361816644668579102e+00
2.252973318099975586e+00
2.578336000442504883e+00
2.541287660598754883e+00
2.337153673171997070e+00
2.326175212860107422e+00
2.380329847335815430e+00
2.531121492385864258e+00
2.441375970840454102e+00
2.377587795257568359e+00
2.322455406188964844e+00
2.389795780181884766e+00
2.365772008895874023e+00
2.313286542892456055e+00
2.475219249725341797e+00
2.304429292678833008e+00
2.404717683792114258e+00
2.508351325988769531e+00
2.370013713836669922e+00
2.393982172012329102e+00
2.355458498001098633e+00
2.333901405334472656e+00
2.508210659027099609e+00
2.517204999923706055e+00
2.405248880386352539e+00
2.385940551757812500e+00
2.489883184432983398e+00
2.444195508956909180e+00
2.420055389404296875e+00
2.431090354919433594e+00
2.563899755477905273e+00
2.498482227325439453e+00
2.449733972549438477e+00
2.320214509963989258e+00
2.294063091278076172e+00
2.495173692703247070e+00
2.378600835800170898e+00
2.388062953948974609e+00
2.371081352233886719e+00
2.471634864807128906e+00
2.474696636199951172e+00
2.391872882843017578e+00
2.517527103424072266e+00
2.501338005065917969e+00
2.239373207092285156e+00
2.313381671905517578e+00
2.470706462860107422e+00
2.458040714263916016e+00
2.247934103012084961e+00
2.451747655868530273e+00
2.242295980453491211e+00
2.492714643478393555e+00
2.279350996017456055e+00
2.396057844161987305e+00
2.301851272583007812e+00
2.516465902328491211e+00
2.300226211547851562e+00
2.394961595535278320e+00
2.365891456604003906e+00
2.468613147735595703e+00
2.393943071365356445e+00
2.393651008605957031e+00
2.310630798339843750e+00
2.466646432876586914e+00
2.277522563934326172e+00
2.338210582733154297e+00
2.346473932266235352e+00
2.372020721435546875e+00
2.232045412063598633e+00
2.434983015060424805e+00
2.453977346420288086e+00
2.449358940124511719e+00
2.443775415420532227e+00
2.284256696701049805e+00
2.457159519195556641e+00
2.479435682296752930e+00
2.289193153381347656e+00
2.352415084838867188e+00
2.360941171646118164e+00
2.315651178359985352e+00
2.442962169647216797e+00
2.342618942260742188e+00
2.467516899108886719e+00
2.509980916976928711e+00
2.374044656753540039e+00
2.294876337051391602e+00
2.418203592300415039e+00
2.467421531677246094e+00
2.324740648269653320e+00
2.329161882400512695e+00
2.373738527297973633e+00
2.439731836318969727e+00
2.269442319869995117e+00
2.474940061569213867e+00
2.380489349365234375e+00
2.508110761642456055e+00
2.303036212921142578e+00
2.568576812744140625e+00
2.400601387023925781e+00
2.507647275924682617e+00
2.524368047714233398e+00
2.373553514480590820e+00
2.387902736663818359e+00
2.355530500411987305e+00
2.353058576583862305e+00
2.429745674133300781e+00
2.349027395248413086e+00
2.440346002578735352e+00
2.263249397277832031e+00
2.375689506530761719e+00
2.417400836944580078e+00
2.408884048461914062e+00
2.447555065155029297e+00
2.278961658477783203e+00
2.440382003784179688e+00
2.568082094192504883e+00
2.502157926559448242e+00
2.345155477523803711e+00
2.536854028701782227e+00
2.436124086380004883e+00
2.433650255203247070e+00
2.502092123031616211e+00
2.555603742599487305e+00
2.302407503128051758e+00
2.395554065704345703e+00
2.474542140960693359e+00
2.299517631530761719e+00
2.273446798324584961e+00
2.335778474807739258e+00
2.461907386779785156e+00
2.563500165939331055e+00
2.233952522277832031e+00
2.508488893508911133e+00
2.452835559844970703e+00
2.325998067855834961e+00
2.401751279830932617e+00
2.318361759185791016e+00
2.469491004943847656e+00
2.442180156707763672e+00
2.368737697601318359e+00
2.349294900894165039e+00
2.171280384063720703e+00
2.239092588424682617e+00
2.254029035568237305e+00
2.259487152099609375e+00
2.326649904251098633e+00
2.323542118072509766e+00
2.273302555084228516e+00
2.165027856826782227e+00
2.215086460113525391e+00
2.222167968750000000e+00
2.167273521423339844e+00
2.167506694793701172e+00
2.167912960052490234e+00
2.212303400039672852e+00
2.231606245040893555e+00
2.255629062652587891e+00
2.257349967956542969e+00
2.326078891754150391e+00
2.328535556793212891e+00
2.262328147888183594e+00
2.321196794509887695e+00
2.318549394607543945e+00
2.329331159591674805e+00
2.222739696502685547e+00
2.168376922607421875e+00
2.261612176895141602e+00
2.160656690597534180e+00
2.331921100616455078e+00
2.171241521835327148e+00
2.334065198898315430e+00
2.316354751586914062e+00
2.160589456558227539e+00
2.258688926696777344e+00
2.159745216369628906e+00
2.227838039398193359e+00
2.326782464981079102e+00
2.423336744308471680e+00
2.265444517135620117e+00
2.169830560684204102e+00
2.334732294082641602e+00
2.176573753356933594e+00
2.231513738632202148e+00
2.332686185836791992e+00
2.180325508117675781e+00
2.227151393890380859e+00
2.220917224884033203e+00
2.230708122253417969e+00
2.332339525222778320e+00
2.267641782760620117e+00
2.329745054244995117e+00
2.231756448745727539e+00
2.170699119567871094e+00
2.329378843307495117e+00
2.255896329879760742e+00
2.243842363357543945e+00
2.229483366012573242e+00
2.215236902236938477e+00
2.312317609786987305e+00
2.163771867752075195e+00
2.213399410247802734e+00
2.311892509460449219e+00
2.208440780639648438e+00
2.164709806442260742e+00
2.325192451477050781e+00
2.322566509246826172e+00
2.315991640090942383e+00
2.253574609756469727e+00
2.207395315170288086e+00
2.163289308547973633e+00
2.323238849639892578e+00
2.318148612976074219e+00
2.323421001434326172e+00
2.250082015991210938e+00
2.215585708618164062e+00
2.158739328384399414e+00
2.153348684310913086e+00
2.414052963256835938e+00
2.312716007232666016e+00
2.223702907562255859e+00
2.153285264968872070e+00
2.207688093185424805e+00
2.155325412750244141e+00
2.310541629791259766e+00
2.325656414031982422e+00
2.207227468490600586e+00
2.221400499343872070e+00
2.315503597259521484e+00
2.251276731491088867e+00
2.214107036590576172e+00
2.154297351837158203e+00
2.315332174301147461e+00
2.310292482376098633e+00
2.323458909988403320e+00
2.212511777877807617e+00
2.146192789077758789e+00
2.312365770339965820e+00
2.315417051315307617e+00
2.215067625045776367e+00
2.250622510910034180e+00
2.313319921493530273e+00
2.224267959594726562e+00
2.226744174957275391e+00
2.158622980117797852e+00
2.162174463272094727e+00
2.394246339797973633e+00
2.315452098846435547e+00
2.240193605422973633e+00
2.252780199050903320e+00
2.157464265823364258e+00
2.211773395538330078e+00
2.158186435699462891e+00
2.155040264129638672e+00
2.210031032562255859e+00
2.210814476013183594e+00
2.154900550842285156e+00
2.324186801910400391e+00
2.217705726623535156e+00
2.157548189163208008e+00
2.213456392288208008e+00
2.221978187561035156e+00
2.223206520080566406e+00
2.315346002578735352e+00
2.319897174835205078e+00
2.331945180892944336e+00
2.328261137008666992e+00
2.174020290374755859e+00
2.225842237472534180e+00
2.226838111877441406e+00
2.333799839019775391e+00
2.174525022506713867e+00
2.169818401336669922e+00
2.333561420440673828e+00
2.321398973464965820e+00
2.222945451736450195e+00
2.338672876358032227e+00
2.176972866058349609e+00
2.416082143783569336e+00
2.226487636566162109e+00
2.178831338882446289e+00
2.083142995834350586e+00
2.180066585540771484e+00
2.226200819015502930e+00
2.179443120956420898e+00
2.167298555374145508e+00
2.329770803451538086e+00
2.221946477890014648e+00
2.184986591339111328e+00
2.236543893814086914e+00
2.330137968063354492e+00
2.231018543243408203e+00
2.174732685089111328e+00
2.179656744003295898e+00
2.180893659591674805e+00
2.229674816131591797e+00
2.225418329238891602e+00
2.329489231109619141e+00
2.258759498596191406e+00
2.329994678497314453e+00
2.339523315429687500e+00
2.241434335708618164e+00
2.227008581161499023e+00
2.337008237838745117e+00
2.166323661804199219e+00
2.444792747497558594e+00
2.321194171905517578e+00
2.285152912139892578e+00
2.216797590255737305e+00
2.221448183059692383e+00
2.218932390213012695e+00
2.333578109741210938e+00
2.225345849990844727e+00
2.218048095703125000e+00
2.161345481872558594e+00
2.322024345397949219e+00
2.160320520401000977e+00
2.162145376205444336e+00
2.226113319396972656e+00
2.336575984954833984e+00
2.167606830596923828e+00
2.336394548416137695e+00
2.169705152511596680e+00
2.165185689926147461e+00
2.324825525283813477e+00
2.220043420791625977e+00
2.169444561004638672e+00
2.327298879623413086e+00
2.161558389663696289e+00
2.328312873840332031e+00
2.175992488861083984e+00
2.328259944915771484e+00
2.334046125411987305e+00
2.166259765625000000e+00
2.160973072052001953e+00
2.262268304824829102e+00
2.259653806686401367e+00
2.168634176254272461e+00
2.324441432952880859e+00
2.326918363571166992e+00
2.267108201980590820e+00
2.237152814865112305e+00
2.164293766021728516e+00
2.158737182617187500e+00
2.170490741729736328e+00
2.165262699127197266e+00
2.168285131454467773e+00
2.163927555084228516e+00
2.213048219680786133e+00
2.256451368331909180e+00
2.265692710876464844e+00
2.337227344512939453e+00
2.169843196868896484e+00
2.330984354019165039e+00
2.214452505111694336e+00
2.334812164306640625e+00
2.167451381683349609e+00
2.184135913848876953e+00
2.259153127670288086e+00
2.322669744491577148e+00
2.207131147384643555e+00
2.210643768310546875e+00
2.214494466781616211e+00
2.322772264480590820e+00
2.323394298553466797e+00
2.231925249099731445e+00
2.209665775299072266e+00
2.312545537948608398e+00
2.321758747100830078e+00
2.322102785110473633e+00
2.310363531112670898e+00
2.217097997665405273e+00
2.208764553070068359e+00
2.159375190734863281e+00
2.161175489425659180e+00
2.209219217300415039e+00
2.258020401000976562e+00
2.159979343414306641e+00
2.320498228073120117e+00
2.329693078994750977e+00
2.330668926239013672e+00
2.217127084732055664e+00
2.349502801895141602e+00
2.225114822387695312e+00
2.221904039382934570e+00
2.316531896591186523e+00
2.167718172073364258e+00
