2.230993167984252068e-13
8.554268404736831144e-14
1.788014181158814608e-13
2.949307464916728350e-13
4.623523786051464413e-13
1.486866185729240897e-12
8.310019339319296705e-12
2.232919404931976715e-11
4.385214413815674561e-12
1.025846074753644643e-12
1.064703880615525122e-13
1.699751450701114663e-13
2.166600232555992989e-13
3.954059302202495019e-13
9.505174425328277721e-13
4.129918629303119815e-12
1.933174176294016888e-10
3.123445946329184153e-12
1.035338481614189732e-12
6.106226635438360972e-13
1.162958618294851476e-13
1.883493361276578071e-13
3.801403636316535994e-13
9.226508446147363429e-13
3.055333763768430799e-12
6.038963773491445863e-11
6.930900298129927251e-12
1.331712518037875270e-12
6.101230631827547768e-13
4.433120537328250066e-13
2.448041769298470172e-13
2.893241202173157944e-13
3.770317391627031611e-13
1.262712157057421791e-12
6.577793865147896213e-12
8.573319831839398830e-11
2.879141369760418456e-12
1.039668351410227842e-12
1.191324816574024226e-12
3.413935800722356362e-13
2.011169009108471073e-13
2.979283486581607576e-13
7.196465645620264695e-13
1.666666804567284998e-12
2.158728751311400629e-11
1.401190274918917567e-11
3.692823824508195685e-12
1.008082506359642139e-12
6.664668816824814712e-13
4.443112544549876475e-13
2.745026428385699546e-13
4.547473508864641190e-13
6.315503675580202980e-13
2.226496764734520184e-12
6.833789090165964808e-11
1.006289496174872511e-11
1.922573211743383581e-12
9.552358903874846874e-13
5.268563363358680363e-13
7.319145289841344493e-13
3.054223540743805643e-13
3.489430966396867007e-13
7.741585150711216556e-13
2.073785587697329902e-12
1.739858257465698443e-11
1.836919505393552754e-11
1.845301689229472686e-12
6.452616219121409813e-13
5.599409824696977012e-13
3.514966095963245607e-13
2.067235271852041478e-13
4.767297667740422185e-13
7.589484596337570110e-13
1.675715122217980024e-12
9.713119197840569541e-12
5.586620055453295208e-11
2.682631894401765749e-12
8.715805854819791421e-13
2.936539900133539049e-13
3.474998067076739972e-13
1.854072451124011423e-13
4.415356968934247561e-13
3.743672039036027854e-13
7.911449273478865507e-13
2.812805544039065353e-12
4.409930198789879796e-10
7.364941989607132200e-12
1.303013252851314974e-12
5.861977570020826533e-13
3.722022690055837302e-13
1.565969576233783300e-13
2.027267242965535843e-13
2.386979502944086562e-13
4.084510507595950912e-13
1.074751398988382789e-12
8.675449247874666980e-12
3.359068578845381126e-11
2.181699265690895118e-12
1.062649968019968583e-12
4.038436252074006916e-13
1.034172747438333317e-13
1.171285290979540150e-13
2.683409050519003358e-13
2.367550600013146322e-13
1.008415573267029686e-12
2.807698518125789633e-12
2.353383043995904700e-10
4.912847906268780207e-12
1.284250483735149828e-12
6.477596237175475835e-13
2.062794379753540852e-13
1.734723475976807094e-13
3.573252804756066325e-13
7.883693697863236594e-13
1.568689622644114934e-12
1.474936839329643590e-11
1.675454219807193113e-11
1.808164729055761200e-12
1.079691891447964736e-12
5.334621633323877177e-13
1.668110094499297702e-13
2.500777362968165107e-13
3.743672039036027854e-13
1.306343921925190443e-12
4.114653062714523912e-12
6.914178674044535455e-10
3.317124352975042711e-12
1.760924739357960789e-12
6.086242620995108155e-13
3.397837566865291592e-13
1.830757767606883135e-13
4.450884105722252571e-13
8.341105584008801088e-13
1.656508263891964816e-12
1.418554163024055015e-11
2.587219327665479796e-11
1.478317468439627191e-12
1.497413304463179884e-12
4.793387908819113363e-13
3.611000387593321648e-13
2.148281552649677906e-13
3.677613769070831040e-13
7.281952818516401749e-13
1.806721439123748496e-12
3.009914539831015645e-11
9.790390720354480436e-12
1.732891607986175586e-12
5.357381205328692886e-13
4.319877788816484099e-13
2.723932190917821572e-13
2.533528942194607225e-13
4.382050278195492865e-13
1.037170349604821240e-12
2.119859843219273898e-12
4.552608290353532539e-11
1.085653789090201826e-11
1.811106820071017864e-12
5.234146449595300510e-13
4.595768210435835499e-13
2.931543896522725845e-13
7.294720383299591049e-13
3.059219544354618847e-13
5.522804435997841210e-13
1.576905273026341092e-12
1.320044074049064875e-11
1.902522583918653254e-11
1.605215960154282584e-12
7.885914143912486907e-13
6.670775043460253073e-13
4.479749904362506641e-13
2.084443728733731405e-13
3.077538224260933930e-13
4.172218126541338279e-13
1.322497666933486471e-12
3.677946835978218587e-12
3.078587385019204703e-10
5.324296559194863221e-12
1.175004538112034425e-12
8.522071937022701604e-13
3.391731340229853231e-13
1.428857032692576468e-13
2.532418719169982069e-13
3.477773624638302863e-13
5.428990590417015483e-13
1.736166765908819798e-12
2.278371935560130623e-11
9.402756351306607030e-12
2.923328246140499687e-12
8.712475185745915951e-13
6.438183319801282778e-13
9.953149415764528385e-14
1.841304886340822122e-13
2.525202269509918551e-13
4.303224443447106751e-13
9.542366896653220465e-13
4.107381101903229137e-12
6.911299421652472574e-09
4.458544644592166151e-12
1.660394044478152864e-12
9.203748874142547720e-13
1.232347557333923760e-13
1.047495423733835196e-13
2.323141679028140061e-13
4.303779554959419329e-13
1.216304834628090248e-12
5.298428362721097074e-12
3.880418208979108385e-11
2.630506923395614649e-12
1.501188062746905416e-12
6.303291222309326258e-13
1.654232306691483245e-13
1.893485368498204480e-13
3.033684414788240247e-13
6.618594561302870716e-13
3.233247003464612135e-12
9.377438270341542648e-10
4.446831791682370749e-12
1.564803842057926886e-12
5.873634911779390677e-13
3.087530231482560339e-13
1.921796055626145971e-13
2.227107387398064020e-13
3.574918139293004060e-13
1.175060049263265682e-12
8.837319764865014804e-12
4.210881643373909355e-11
1.370736857353449523e-12
7.185918526886325708e-13
5.984657214241906331e-13
4.045652701734070433e-13
1.444955266549641237e-13
4.048428259295633325e-13
5.191957974659544561e-13
2.224276318685269871e-12
3.538319637286235775e-11
1.174860209118833154e-11
1.447952868716129160e-12
1.290134665765663158e-12
9.292566716112560243e-13
4.192202140984591097e-13
2.050026814970351552e-13
2.581823643765801535e-13
6.661893259263251821e-13
2.382483099694354678e-12
9.032968817379583015e-11
8.185285782502660368e-12
1.705080521219315415e-12
8.456013667057504790e-13
3.381184221495914244e-13
5.004885395010205684e-13
1.618705169903478236e-13
3.076428001236308774e-13
7.600031715071509097e-13
1.952715766861956581e-12
4.037981060633910602e-11
9.668765788006794537e-12
2.006395050102582900e-12
7.405742685762106703e-13
1.059874410458405691e-12
1.672550986597798328e-13
2.247646513353629416e-13
2.209898930516374094e-13
4.770628336814297654e-13
1.691258244562732216e-12
1.041089436881748043e-11
3.392047753791871401e-11
2.233768725545814959e-12
8.419931418757187203e-13
6.649680805992375099e-13
4.003464226798314485e-13
1.388333892293758254e-13
3.238520562831581628e-13
4.394817842978682165e-13
1.172006935945546502e-12
4.755917881738014330e-12
8.866627432269069686e-10
5.427658322787465295e-12
1.432853835581227031e-12
5.327405183663813659e-13
4.445888102111439366e-13
2.060573933704290539e-13
2.066680160339728900e-13
2.981503932630857889e-13
5.015987625256457250e-13
2.114253216944916858e-12
1.199934596129992315e-11
4.252403984494890210e-11
2.592870362860821842e-12
1.492528323154829195e-12
6.859512957646529685e-13
1.654232306691483245e-13
1.879607580690390023e-13
2.548516953027046839e-13
2.391420395042587188e-13
7.944755964217620203e-13
1.528277504547759236e-12
4.078370974269773797e-11
9.372835840792959061e-12
3.269162718311235949e-12
9.353073870954631275e-13
1.195710197521293594e-13
1.524891324322652508e-13
2.194910919683934480e-13
6.518674489086606627e-13
2.207067861803579945e-12
1.358813062068975341e-10
3.471778420305327018e-12
2.005340338229189001e-12
5.661582314075985778e-13
5.031530747601209441e-13
1.720845688168992638e-13
3.061995101916181738e-13
6.643574579356936738e-13
9.376388554471759562e-13
8.455625088998885985e-12
1.844357999658541303e-11
1.765032564549073868e-12
7.491229858658243757e-13
3.330113962363157043e-13
2.288724765264760208e-13
1.787459069646502030e-13
3.044231533522179234e-13
4.817812815360866807e-13
1.340483279932414007e-12
2.353950367961488155e-11
1.069383470664320157e-11
1.040445507527465452e-12
7.782108291110034770e-13
4.540812170716890250e-13
3.709255125272648002e-13
1.945110739143274259e-13
2.121636200058674149e-13
6.331046797924955172e-13
3.396671832689435178e-12
7.403666568706057660e-11
6.158906717956824650e-12
1.567745933073183551e-12
5.722644580430369388e-13
3.984035323867374245e-13
2.127742426694112510e-13
2.026712131453223265e-13
4.183320356787589844e-13
1.087296919166647058e-12
1.803779348108491831e-12
8.007455809533325919e-11
6.661338147750939243e-12
1.711519814762141323e-12
4.786171459159049846e-13
2.943756349793602567e-13
2.492450690283476433e-13
1.696975893139551772e-13
2.350897254643768974e-13
3.917977053902177431e-13
3.653466418285233885e-12
2.513950159155342590e-11
1.466587962184462413e-11
2.694122702706636119e-12
8.415490526658686576e-13
4.454769886308440618e-13
3.926858838099178683e-13
1.310063169057684718e-13
2.731148640577885089e-13
3.230193890146892954e-13
1.174782493507109393e-12
6.330158619505255047e-12
6.684647280152944404e-11
3.332167874958713583e-12
8.538170170879766374e-13
1.608102540018307991e-12
2.994826608926359768e-13
1.377231662047506688e-13
2.061684156728915696e-13
3.499422973618493415e-13
7.032707749488054105e-13
1.874667088230808076e-12
7.345823949123087004e-11
6.519507156355075495e-12
1.893152301590816933e-12
6.807887587001459906e-13
2.711164626134632272e-13
3.118616476172064722e-13
1.645905634006794571e-13
2.862154957483653561e-13
6.487033132884789666e-13
9.357514763053131901e-13
3.570865825253122239e-12
1.573217667250048635e-10
4.042988166474970058e-12
2.455036174353608658e-12
6.240563621418004914e-13
1.356692536091941292e-13
1.148525718974724441e-13
6.474265568101600365e-13
2.644551244657122879e-13
5.310751838294436311e-13
1.525390924683733829e-12
1.430217055897742284e-11
4.566519384852085750e-11
2.834898982229105968e-12
1.097788526749354787e-12
1.063038546078587387e-13
1.605937605120288936e-13
2.885469641000781849e-13
1.339262034605326335e-12
4.898637051553578203e-12
1.667899152124618922e-11
1.084798917361240456e-12
6.966649479522857291e-13
4.210520820890906180e-13
2.903233209394784353e-13
1.244004899092487904e-13
2.002842336423782399e-13
5.776490397124689480e-13
1.228628310201429485e-12
3.222910827105351927e-11
4.822253707459367433e-12
3.165301354357552555e-12
2.015498878904509183e-12
3.239075674343894207e-13
2.510214258677478938e-13
1.694755447090301459e-13
2.480793348524912290e-13
5.110356582349595556e-13
2.222777517602025910e-12
8.364592907206258587e-10
4.342692871972531066e-12
1.096844837178423404e-12
5.430655924953953217e-13
6.837308497154026554e-13
1.490085832500653851e-12
2.667865928174251167e-13
3.083089339384059713e-13
7.179812300250887347e-13
4.109934614859866997e-12
5.146258585941865249e-09
6.470490809817874833e-12
8.393841177678496024e-13
5.177525075339417526e-13
3.853029006961605774e-13
2.468025783741722989e-13
1.311173392082309874e-13
2.595701431573615992e-13
5.934697178133774287e-13
2.579325641960394933e-12
1.721580655811294491e-10
1.348071654305726952e-11
1.145972206018086581e-12
1.726063736384730873e-12
4.394262731466369587e-13
2.748357097459575016e-13
1.725841691779805842e-13
2.834954493380337226e-13
5.104805467226469773e-13
2.170486013142181037e-12
1.706795815792361282e-11
1.059491383514910012e-11
3.246569679760114013e-12
7.103762023064064124e-13
3.793632075144159899e-13
2.102762408640046488e-13
1.569855356819971348e-13
2.383093722357898514e-13
3.888001032237298205e-13
1.394495630080427873e-12
4.896916205865409211e-12
8.529005279811485707e-11
2.391031816983968383e-12
1.014577311053699304e-12
4.268807529683726898e-13
6.727951529228448635e-13
1.119104808822157793e-13
1.578182029504660022e-13
3.070876886113182991e-13
7.917000388601991290e-13
2.292499523548485740e-12
3.680156179797222649e-11
8.127498674070920970e-12
2.016165012719284277e-12
8.117950756059144624e-13
5.708766792622554931e-13
1.618705169903478236e-13
1.398881011027697241e-13
2.778333119124454242e-13
4.826694599557868059e-13
9.651723864578798384e-13
2.752242878045763064e-12
1.819374539913098943e-09
4.667988218187701932e-12
1.222966172775841187e-12
7.486233855047430552e-13
9.009459844833145326e-14
1.311728503594622453e-13
2.369215934550084057e-13
3.867461906281732809e-13
7.017719738655614492e-13
1.457056697518055444e-12
1.329081289469513649e-11
3.235578471816324964e-11
2.966182854891030729e-12
1.665556581542659842e-12
1.134647931166909984e-13
2.589040093425865052e-13
6.519229600598919205e-13
1.238731339725518410e-12
2.694873768582795037e-10
3.245348434433026341e-12
6.348810366318957676e-13
4.824474153508617746e-13
2.931543896522725845e-13
2.232658502521189803e-13
2.662869924563437962e-13
2.880473637389968644e-13
5.852540674311512703e-13
3.077982313470783993e-12
7.973116611381669827e-11
1.961208973000339029e-12
5.461187058131145022e-13
2.773892227025953616e-13
3.642086632282826031e-13
2.660649478514187649e-13
1.126321258482221310e-13
2.602917881233679509e-13
7.018274850167927070e-13
4.890143845415195756e-12
5.464872998572900542e-11
1.782851644094307630e-12
1.199207400048862837e-12
3.750888488696091372e-13
5.969114091897154140e-13
2.982059044143170468e-13
1.763589274617061164e-13
2.738365090237948607e-13
1.220856749029053390e-12
4.952926957457748358e-12
6.775086047738909656e-11
2.302380508467649634e-12
6.279976538792197971e-13
3.842481888227666786e-13
3.785860513971783803e-13
2.178257574314557132e-13
1.927347170749271754e-13
2.470801341303285881e-13
5.577760475716786459e-13
3.924804925503622144e-12
1.001874694317450576e-09
4.305944489857438384e-12
9.637290965258671349e-13
4.101718964477640839e-13
5.970779426434091874e-13
3.023137296054301260e-13
1.580402475553910335e-13
2.177147351289931976e-13
3.422817584919357614e-13
1.521338610643852007e-12
2.421501887894805805e-11
1.248895431515961718e-11
1.496414103741017243e-12
1.949884698149162432e-12
4.129474540093269752e-13
2.524647157997605973e-13
1.166289287368726946e-13
2.498556916918914794e-13
3.698152895026396436e-13
8.130163209330021346e-13
4.111821994001729763e-12
1.104059066392437671e-10
2.566724610630899406e-12
8.930634010084759211e-13
6.199485369506874122e-13
6.126210649881613790e-13
1.077471445398714422e-13
1.789124404183439765e-13
2.896571871247033414e-13
6.045164369083977363e-13
1.844691066565928850e-12
4.818562215902488788e-11
1.081301714833671213e-11
1.546374139849149287e-12
7.902567489281864255e-13
1.213029676705446036e-12
8.670841822322472581e-14
1.527666881884215400e-13
2.848277169675839104e-13
4.086175842132888647e-13
7.994716000325752248e-13
3.537947712572986347e-12
7.508262900302042908e-10
3.841649220959197919e-12
1.725786180628574584e-12
8.283373986728292948e-13
6.289413434501511801e-14
1.313948949643872766e-13
1.882938249764265493e-13
3.092526235093373543e-13
6.095679516704421985e-13
1.751820910556034505e-12
1.457006737481947312e-11
3.058975295289201313e-11
2.954303468527541554e-12
1.398881011027697241e-12
7.227551890309769078e-14
5.037636974236647802e-13
5.646594303243546165e-13
4.081734950034388021e-12
1.056893461637287146e-11
1.310507258267534780e-12
1.297906226938039254e-12
3.363420653101911739e-13
3.188005415211137006e-13
1.794675519306565548e-13
1.228461776747735712e-13
2.894906536710095679e-13
9.831024883055761165e-13
8.389067218672607851e-12
7.047029626505718625e-12
9.101053244364720740e-13
5.292433158388121228e-13
3.672062653947705257e-13
2.293165657363260834e-13
1.545430450278217904e-13
9.664491429361987684e-14
2.532418719169982069e-13
7.835398996292042284e-13
1.133537708142284828e-11
7.399247881068049537e-12
1.065036947522912669e-12
5.817013537523507694e-13
5.749845044533685723e-13
4.219957716600220010e-13
1.394440118929196615e-13
1.312838726619247609e-13
3.462230502293550671e-13
6.886713421749846020e-13
5.717482043365862410e-12
1.235644919717060475e-11
9.242051568492115621e-13
1.014410777600005531e-12
4.771183448326610232e-13
5.405675906899887195e-13
2.433053758466030558e-13
1.516009540125651256e-13
3.366751322175787209e-13
6.880052083602095081e-13
2.470412763244667076e-12
3.607549814432786661e-10
2.552236200159541113e-12
7.444045380111674604e-13
4.622968674539151834e-13
7.878142582740110811e-13
2.806088694740083156e-13
1.803002191991254222e-13
1.822431094922194461e-13
4.121147867408581078e-13
9.070522111187528935e-13
4.340378056966187614e-11
6.145972619719941576e-12
1.633804203038380365e-12
4.775624340425110859e-13
3.845257445789229678e-13
4.450328994209939992e-13
1.293409823688307370e-13
2.244870955792066525e-13
3.533284775869560690e-13
1.113387160245338237e-12
5.820288695446151905e-12
6.152439668838383113e-11
1.840805285979740802e-12
1.249667036518076202e-12
4.692357613578224118e-13
4.866662628444373695e-13
1.328936960476312379e-13
1.168509733417977259e-13
2.717270852770070633e-13
6.751821324257889501e-13
2.342959160017699105e-12
5.029227034825112241e-11
6.863509760535180249e-12
2.748634653215731305e-12
7.557288128623440571e-13
7.723266470804901473e-13
1.074695887837151531e-13
2.435274204515280871e-13
1.825761763996069931e-13
4.383160501220118022e-13
1.148026118613643121e-12
5.083156118246279220e-12
1.992647713500161899e-10
6.448008793569215413e-12
1.118771741914770246e-12
8.421596753294124937e-13
6.694644838489693939e-14
1.025846074753644643e-13
1.850741782050135953e-13
1.745825706223058660e-13
4.744538095735606476e-13
1.900202217797186677e-12
2.825428779829053383e-11
1.685074302315570094e-11
2.795208509098756622e-12
1.182831610435641778e-12
2.087774397807606874e-13
2.812194921375521517e-13
8.860134848021061771e-13
1.817875594500861780e-08
1.601996313382869630e-12
6.015743458931410714e-13
2.236544283107377851e-13
4.087841176669826382e-13
1.016964290556643391e-13
2.539080057317733008e-13
1.349476086431877775e-13
3.381184221495914244e-13
1.692646023343513662e-12
6.010516695464929171e-09
2.075950522595348957e-12
5.537237335317968245e-13
4.825584376533242903e-13
2.109423746787797427e-13
2.612354776942993340e-13
1.533773108519653761e-13
2.036149027162537095e-13
3.955724636739432754e-13
1.120659121056633012e-12
2.222440564914052175e-10
2.896460848944570898e-12
7.583933481214444328e-13
4.025668687290817616e-13
2.562949852347173874e-13
2.005062782473032712e-13
2.501887585992790264e-13
1.046385200709210039e-13
3.109734691975063470e-13
8.065770273901762266e-13
1.841271579650083368e-11
6.237454996949054475e-12
8.060774270290949062e-13
3.916311719365239696e-13
2.844946500601963635e-13
7.072120666862247162e-13
4.354294702579863952e-13
1.609268274194164405e-13
3.178568519501823175e-13
8.976153154094390629e-13
5.341227460320396858e-12
3.816869043049564425e-11
1.551370143459962492e-12
5.203615316418108705e-13
5.788147738883253623e-13
6.618594561302870716e-13
3.770317391627031611e-13
1.207922650792170316e-13
2.134403764841863449e-13
4.120037644383955922e-13
2.068123450271741604e-12
9.972895287368999107e-10
3.299138739976115176e-12
1.126543303087146342e-12
6.715739075957571913e-13
4.288791544126979716e-13
9.781064846947629121e-13
1.333377852574813005e-13
1.916800052015332767e-13
3.793076963631847320e-13
1.443845043525016081e-12
1.159056184363294051e-11
1.457406417770812368e-11
2.312983138352819878e-12
7.919775946163554181e-13
9.346967644319192914e-13
7.212563879477329465e-13
1.301736496372996044e-13
1.224575996161547664e-13
1.906252933281393780e-13
6.576406086367114767e-13
4.360400929215302313e-12
8.832512499168387876e-10
4.035105583000131446e-12
1.646349723216644634e-12
6.883382752675970551e-13
1.882882738613034235e-12
1.602606936046413466e-13
1.474931288214520464e-13
2.153832667772803688e-13
3.658739977652203379e-13
1.555866546709694376e-12
9.007128376481432497e-12
3.810185500441320983e-11
3.277766946752080912e-12
1.337818744673313631e-12
7.077671781985372945e-13
1.125766146969908732e-13
1.780797731498751091e-13
1.781907954523376247e-13
3.536060333431123581e-13
7.316924843792094180e-13
2.077671368283517950e-12
6.597838941857503414e-11
1.319327980198181649e-11
2.399691556576044604e-12
3.708366946852947876e-12
2.177147351289931976e-13
4.158895450245836400e-13
5.656586310465172573e-12
3.556044347874376399e-12
4.531375275007576420e-13
3.161915174132445827e-13
2.488009798184975807e-13
2.621236561139994592e-13
2.322031456003514904e-13
1.604272270583351201e-13
2.072786386975167261e-13
7.266964807683962135e-13
5.389133583832972363e-12
1.146882588898279209e-11
1.366351476406180154e-12
3.676503546046205884e-13
2.702837953449943598e-13
2.978728375069294998e-13
3.614886168179509696e-13
3.814726312612037873e-13
3.101963130802687374e-13
6.981637490355296904e-13
2.793543174561818887e-12
2.689121147980699789e-11
1.460942478104243492e-12
8.204548151979906834e-13
5.424549698318514857e-13
2.760569550730451738e-13
3.449462937510361371e-13
4.194422587033841410e-13
1.873501354054951662e-13
3.055888875280743378e-13
1.408484440190704845e-12
4.518825308386098527e-07
2.234823437419208858e-12
7.953637748414621456e-13
4.937716902020383714e-13
5.296318938974309276e-13
3.436695372727172071e-13
3.851918783936980617e-13
1.602606936046413466e-13
3.630429290524261887e-13
9.108269694024784258e-13
1.511984981661385063e-11
6.842471034218533532e-12
1.383004821775557502e-12
8.174572130315027607e-13
9.393041899841136910e-13
3.502753642692368885e-13
4.022338018216942146e-13
1.259548021437240095e-13
6.991074386064610735e-13
7.727707362903402100e-13
4.197475700351560590e-12
8.806133600103294157e-11
3.169797757607284439e-12
1.282529638046980835e-12
6.934453011808727751e-13
5.627165400312605925e-13
1.331934562642800302e-12
1.839639551803884387e-13
1.798006188380441017e-13
6.549760733776111010e-13
1.567690421921952293e-12
3.633343625963902923e-11
1.318400943972619643e-11
1.723343689974399240e-12
1.070366018041113421e-12
6.910028105266974308e-13
7.234768339969832596e-13
8.198997036856781051e-14
2.055577930093477335e-13
2.212674488077936985e-13
2.157662937207760478e-12
4.406863762795865114e-12
3.467124920497610674e-10
3.583078278523998961e-12
1.568412066887958645e-12
9.744982598647311534e-13
1.624478329631529050e-12
1.186273301811979763e-13
1.535993554568904074e-13
3.324007735727718682e-13
5.336286967860814912e-13
2.020605904817784904e-12
3.736011500166114274e-11
1.785083192373804195e-11
3.323619157669099877e-12
2.758959727344745261e-12
1.622146861279816221e-12
8.931744233109384368e-14
3.046451979571429547e-13
3.390066005692915496e-13
3.804179193878098886e-13
1.053157561159423494e-12
3.590461261637756252e-12
5.555255755407273455e-09
9.545864099180789708e-12
2.943423282886215020e-12
1.848021735639804319e-12
2.759459327705826581e-13
1.361577517400291981e-12
4.354328009270602706e-11
1.008026995208410881e-12
7.466249840604177734e-13
4.671818487622658722e-13
1.988964548615967942e-13
2.822742040109460504e-13
2.021716127842410060e-13
1.598721155460225418e-13
2.343125693471392879e-13
1.027955498500432441e-12
5.175671002888293515e-10
1.388444914596220769e-12
9.261480471423055860e-13
6.229461391171753348e-13
3.208544541166702402e-13
3.756994715331529733e-13
2.948197241892103193e-13
3.921862834488365479e-13
2.808864252301646047e-13
7.102096688527126389e-13
1.575406471943097131e-11
6.256495321821375910e-12
7.032152637975741527e-13
6.321609902215641341e-13
3.153033389935444575e-13
3.663180869750704005e-13
5.664357871637548669e-13
4.319877788816484099e-13
3.588795927100818517e-13
6.587508316613366333e-13
5.533518088185473971e-12
2.703887114208214371e-11
5.097700039868868771e-12
1.209310429572951762e-12
6.101785743339860346e-13
6.006861674734409462e-13
4.665712260987220361e-13
4.214406601477094227e-13
3.015365734881925164e-13
3.819167204710538499e-13
2.180255975758882414e-12
2.076658289773547494e-10
3.139100090976398860e-12
1.498579038639036298e-12
5.686007220617739222e-13
9.408029910673576524e-13
6.504796701278792170e-13
3.851918783936980617e-13
2.386979502944086562e-13
3.875788578966421483e-13
9.151568391985165363e-13
9.195533223760321562e-12
2.540007093543295014e-11
3.046118912664042000e-12
1.374844682544562602e-12
1.027122831231963573e-12
1.527056259220671564e-12
7.100986465502501233e-13
1.577071806480034866e-13
2.643996133144810301e-13
5.977440764581842814e-13
3.154032590657607216e-12
3.624706090832319205e-10
1.381827985369454836e-11
5.340339281900696733e-12
1.539490757096473317e-12
1.239675029296449793e-12
1.016853268254180875e-12
1.458833054357455694e-13
2.698397061351442971e-13
4.404254738687995996e-13
1.666056181903741162e-12
8.135603302150684613e-12
4.647143780900364618e-11
4.783784479656105759e-12
2.616240557529181388e-12
1.891931056263729261e-12
1.719679953993136223e-12
9.992007221626408864e-14
1.841304886340822122e-13
3.552158567288188351e-13
9.654499422140361276e-13
3.686495553267832292e-12
9.355721752868362273e-11
1.573402519383648723e-11
3.997191466709182350e-12
3.062328168823569285e-12
1.793232229374552844e-12
1.089128787157278566e-13
1.788014181158814608e-13
2.506328478091290890e-13
6.225575610585565300e-13
1.522004744458627101e-12
7.432054971445722913e-12
1.323553600052207457e-09
1.870781307644620028e-11
4.156286426137967283e-12
2.349842542770375076e-12
