-8.439189674958713638e-01 -7.077295372372134352e-01 1.900614764581178007e-01
-9.476288392582565834e-01 -8.292715581926274337e-01 1.870286306080868599e-01
-1.052639957095648171e+00 -9.583648139838942814e-01 1.754800281994728095e-01
-4.301391602827907334e+00 1.093115618986063575e+00 3.296381734547322306e+00
-4.411380073810963864e+00 1.230507806641906843e+00 3.266048523114255531e+00
-4.524553285291219140e+00 1.366536344773767064e+00 3.225857225784757087e+00
-4.640716272794034758e+00 1.496609090732867742e+00 3.176098537786883114e+00
1.524310852236836045e+00 1.616190004035655381e+00 3.117822198630050501e+00
1.406157753760354456e+00 1.721520448241300238e+00 3.053043883952087256e+00
1.291058992717279974e+00 1.810202707992827342e+00 2.984791769785310134e+00
-9.282257854983164691e-01 -8.060053231821887598e-01 1.882197171101925581e-01
-1.030362026130242636e+00 -9.306136795626508418e-01 1.786536926536534120e-01
-4.276366261874962049e+00 1.061573672852596628e+00 3.302011906430952770e+00
-4.383861465670259250e+00 1.196453576781975947e+00 3.274474235705028047e+00
-4.495029623844881250e+00 1.331799757469431578e+00 3.237172251364301978e+00
-4.610052656081693456e+00 1.463391052421430416e+00 3.190007902525240358e+00
1.554719917972016363e+00 1.586743119549018033e+00 3.133490265457510304e+00
1.434277480701264151e+00 1.697773145489061886e+00 3.068987030239713754e+00
1.314218010381171808e+00 1.793446943796103143e+00 2.998884107308306568e+00
1.197942628515504149e+00 1.872218992238405599e+00 2.926529794433557985e+00
-1.000057041491187126e+00 -8.931396398197719577e-01 1.823439075795427189e-01
-1.100885939081394538e+00 -1.018880266510951982e+00 1.672713868880107702e-01
-4.346469054453062419e+00 1.149779190110911342e+00 3.285037227581773855e+00
-4.454351289129180991e+00 1.283018302815470912e+00 3.251815763237867696e+00
-4.566583749697096906e+00 1.414888219010037584e+00 3.208790634923341933e+00
-4.683152446472353070e+00 1.541135529505014423e+00 3.155994153751581877e+00
1.479874387430950566e+00 1.657510008419407654e+00 3.094158078142184909e+00
1.357829415833750053e+00 1.760414314607263941e+00 3.024945187819811476e+00
1.236657845465149341e+00 1.847461106470081882e+00 2.951049221924479049e+00
1.120016986930588043e+00 1.917781464629791710e+00 2.876041371696002713e+00
-1.055976924902961800e+00 -9.625333045100838980e-01 1.749712164483462062e-01
-4.297369123743537855e+00 1.088047663106008311e+00 3.297319283411516810e+00
-4.401049938878911050e+00 1.217758651416049887e+00 3.269275389570779566e+00
-4.509242943309497598e+00 1.348597718408131030e+00 3.231795659620197103e+00
-4.622276252590892476e+00 1.476734363055278054e+00 3.184527066411301899e+00
1.543237561312947870e+00 1.597972654495620981e+00 3.127626052087212560e+00
1.421915282578837481e+00 1.708314696780275588e+00 3.062016247162381966e+00
1.298926847423133246e+00 1.804570759422615245e+00 2.989598506995556626e+00
1.177284077025656295e+00 1.884846373733642277e+00 2.913286555625392182e+00
1.060800606822454917e+00 1.948746498853339837e+00 2.836780626975971664e+00
-1.092588140804836350e+00 -1.008442332844446510e+00 1.688131036461070489e-01
-4.333287566446183625e+00 1.133242914049014782e+00 3.288513356993433945e+00
-4.436753808809332789e+00 1.261624530677859735e+00 3.257800559699835841e+00
-4.545133189335987645e+00 1.390381093892412823e+00 3.217638573655558609e+00
-4.658650387546856564e+00 1.515636047246130769e+00 3.167720431346493726e+00
1.506216930982155588e+00 1.633261783082649021e+00 3.108293801878513118e+00
1.384256340280346498e+00 1.739445952956580665e+00 3.040416303628032946e+00
1.260818442034437270e+00 1.831274505731355973e+00 2.966141794783837327e+00
1.139072877889216961e+00 1.907154722493254573e+00 2.888518482605856530e+00
1.022903728094761711e+00 1.966978805155732424e+00 2.811300421639330693e+00
-1.107271793231805468e+00 -1.026918944283121249e+00 1.660484033267352333e-01
-4.347684928962577189e+00 1.151303083540815786e+00 3.284710061301229000e+00
-4.451060612877056677e+00 1.279030469810277681e+00 3.252951144378668946e+00
-4.559507204773310285e+00 1.406843774687289050e+00 3.211740940869335148e+00
-4.673206758489568458e+00 1.530853863408029980e+00 3.160792553843422503e+00
1.491423617749746633e+00 1.646967825676262986e+00 3.100393256055231639e+00
1.369237966695902031e+00 1.751451520513015225e+00 3.031654655402881371e+00
1.245660872365740524e+00 1.841495569638903040e+00 2.956692787744887418e+00
1.123919285202349405e+00 1.915632423928798067e+00 2.878602726316688454e+00
1.007923399739612647e+00 1.973854981572169320e+00 2.801158486475976872e+00
-1.098879245441554575e+00 -1.016355033957901277e+00 1.676493162376163915e-01
-4.339456480554140683e+00 1.140986125923208139e+00 3.286902630692769112e+00
-4.442884032390751692e+00 1.269096214982578630e+00 3.255740018081915821e+00
-4.551293363034393913e+00 1.397455977561930851e+00 3.215126822578829202e+00
-4.664889385418642398e+00 1.522183387484236095e+00 3.164764974913472084e+00
1.499875164549955286e+00 1.639165471199369950e+00 3.104918759985872523e+00
1.377815239482948595e+00 1.744623718765865084e+00 3.036668619935912528e+00
1.254315067302717024e+00 1.835687639377550973e+00 2.962095773953587585e+00
1.132567504941339509e+00 1.910819331614094452e+00 2.884268102335751038e+00
1.016468334914407912e+00 1.969954701848005696e+00 2.806948518702913731e+00
-1.068073712406686138e+00 -9.776710244295110375e-01 1.730528096137120275e-01
-4.309240370342494408e+00 1.103000601016905557e+00 3.294517536528567270e+00
-4.412851629210698512e+00 1.232320078859313384e+00 3.265582696350083136e+00
-4.521108364222588882e+00 1.362514518457537127e+00 3.227206512428392848e+00
-4.634305536224542443e+00 1.489735032953396265e+00 3.179050316326693437e+00
1.530986214751748342e+00 1.609807262291410135e+00 3.121299250966899752e+00
1.409441806322730528e+00 1.718789775016056343e+00 3.054921736742508998e+00
1.286289068898124333e+00 1.813586794103579702e+00 2.981868580181981976e+00
1.164594906511982275e+00 1.892404050530207549e+00 2.905099981514978058e+00
1.048196339152605683e+00 1.954945132129722207e+00 2.828334945731723948e+00
-1.017131511757908280e+00 -9.142098044044199012e-01 1.803537322051111946e-01
-1.117648042918479634e+00 -1.039989836586924676e+00 1.639932470986402435e-01
-4.363137604411847725e+00 1.170633517089414655e+00 3.280456138384904463e+00
-4.471115788204810926e+00 1.303242642246068339e+00 3.245916084866409257e+00
-4.583598373995385167e+00 1.434063810391632554e+00 3.201572498435560021e+00
-4.700515636347595283e+00 1.558852739639711160e+00 3.147493840460802605e+00
1.462133990033719355e+00 1.673433542542549057e+00 3.084468035920574280e+00
1.339769479131902363e+00 1.774329218973265787e+00 3.014230872515848425e+00
1.218415891401505080e+00 1.859305914208417621e+00 2.939546027076690660e+00
1.101781255487197519e+00 1.927645870910823511e+00 2.864027329143565392e+00
-9.493127090993831452e-01 -8.313009729035378825e-01 1.869110916468063321e-01
-1.051063762773159382e+00 -9.563968958767650186e-01 1.757172433340436490e-01
-4.296938705567177941e+00 1.087505161757164718e+00 3.297418845603838911e+00
-4.404542105606606306e+00 1.222073549850982266e+00 3.268193054595481595e+00
-4.516021793261515427e+00 1.356560681857567063e+00 3.229184943170662070e+00
-4.631507448331117160e+00 1.486723148359382130e+00 3.180331437398622452e+00
1.532729815080801306e+00 1.608132131938485143e+00 3.122203965609951393e+00
1.411777712951511221e+00 1.716840890837315614e+00 3.056254833041398999e+00
1.291336628386436702e+00 1.810004784640879327e+00 2.984961832514290148e+00
1.174890432980466137e+00 1.886283799911018466e+00 2.911745166461637613e+00
-8.709512510035370969e-01 -7.387046036345673583e-01 1.900539681741056364e-01
-9.774362876789983723e-01 -8.654174024481140481e-01 1.846285418699966097e-01
-1.085770043841725707e+00 -9.998736036257251936e-01 1.700393385594813622e-01
-4.338510909368324953e+00 1.139799705915325978e+00 3.287151456422357843e+00
-4.453240426555296061e+00 1.281672561865062399e+00 3.252199898498603137e+00
-4.571922502438561686e+00 1.420930875455530762e+00 3.206544652703088527e+00
-4.694259327554159533e+00 1.552502560739100090e+00 3.150574708411028269e+00
1.464197975971151422e+00 1.671597298917747221e+00 3.085602332697664263e+00
1.339527300946656174e+00 1.774513349005179430e+00 3.014086553055871587e+00
1.218522606965060984e+00 1.859237650085729721e+00 2.939613521301693400e+00
-9.543031372654946498e-01 -8.373244105526665981e-01 1.865511123923221937e-01
-1.058924998129800343e+00 -9.662199424830942851e-01 1.745140544486462886e-01
-4.308002401430367279e+00 1.101442633785324698e+00 3.294814630966365954e+00
-4.419236461179676390e+00 1.240173331237938159e+00 3.263543482285363062e+00
-4.534841675417436768e+00 1.378496637792345103e+00 3.221781928858516331e+00
-4.654958820915721773e+00 1.511743785077846791e+00 3.169459456703218603e+00
1.504234258560185111e+00 1.635111840787501825e+00 3.107240605391528465e+00
1.378053812157776781e+00 1.744433242458325317e+00 3.036807550805065592e+00
1.252562987282719753e+00 1.836869435992587007e+00 2.961003656983474119e+00
1.131682219554788427e+00 1.911315478256732314e+00 2.883688747000817010e+00
-1.022112470738250956e+00 -9.203780911900724115e-01 1.797298103546368930e-01
-4.266677028889843903e+00 1.049360109311389566e+00 3.304062054921528713e+00
-4.373357932752459654e+00 1.183383918771665044e+00 3.277545296085822013e+00
-4.484513292535484474e+00 1.319286121789387201e+00 3.241064518016731011e+00
-4.600596567449514396e+00 1.452977544598279769e+00 3.194188729267889659e+00
1.561678991652053483e+00 1.579871936202883465e+00 3.137013247785826575e+00
1.436889787062281432e+00 1.695524584816368474e+00 3.070452389127212633e+00
1.310258638786724328e+00 1.796350336413000459e+00 2.996486819702095961e+00
1.184970491789298697e+00 1.880195163227156074e+00 2.918226413059780810e+00
1.065100641687894312e+00 1.946601306442642842e+00 2.839654774292895034e+00
-1.070896429299599273e+00 -9.812083574758136972e-01 1.725886148606036730e-01
-4.314068063256524255e+00 1.109077670093091106e+00 3.293347235042671795e+00
-4.419953032818395577e+00 1.241053707280125984e+00 3.263312825920422267e+00
-4.530786118520054195e+00 1.373791124164445154e+00 3.223396288032787549e+00
-4.646866830517993208e+00 1.503167947491693912e+00 3.173245140938698583e+00
1.515288845697780662e+00 1.624744387108312260e+00 3.113089982172562831e+00
1.390490444756200317e+00 1.734395039181370501e+00 3.044028800678977742e+00
1.264192257543158782e+00 1.828968283455877808e+00 2.968236169676385927e+00
1.139752170003830445e+00 1.906769996504683373e+00 2.888961716118034317e+00
1.021286081164701098e+00 1.967730033417022906e+00 2.810207086393205600e+00
-1.097925671719960139e+00 -1.015155954320797971e+00 1.678274503163376397e-01
-4.340035660452943311e+00 1.141712813358881196e+00 3.286750036610246006e+00
-4.445158424863622670e+00 1.271862757851709214e+00 3.254968990571404763e+00
-4.555441026176795916e+00 1.402202998132106249e+00 3.213422291956993249e+00
-4.671079314887655265e+00 1.528643208952241483e+00 3.161812002055966797e+00
1.491527441438244228e+00 1.646872524793149939e+00 3.100449040518889809e+00
1.367311981115156394e+00 1.752973539378317902e+00 3.030525335613532434e+00
1.241834244731206960e+00 1.844040875664088697e+00 2.954296883602027357e+00
1.118499260645755555e+00 1.918613942099719027e+00 2.875044037981997924e+00
1.001397789344975031e+00 1.976792058597037105e+00 2.796729182048708573e+00
-1.101934004967051406e+00 -1.020199371244186803e+00 1.670728413784579314e-01
-4.343378286531348387e+00 1.145904460237723743e+00 3.285863915181419070e+00
-4.447825981346695379e+00 1.275105133706267546e+00 3.254059884505736466e+00
-4.557389182812193518e+00 1.404427964346723678e+00 3.212618060386885688e+00
-4.672233488833886561e+00 1.529843215873500917e+00 3.161259167025894268e+00
1.491266839177016079e+00 1.647111589874496573e+00 3.100309060710837450e+00
1.368048109304073057e+00 1.752392384345601073e+00 3.030957016964678008e+00
1.243649523121351352e+00 1.842835674032453852e+00 2.955433836758040833e+00
1.121429333177190069e+00 1.917005257980989086e+00 2.876968793438156258e+00
1.005410731756562592e+00 1.974989718245901527e+00 2.799453979628303113e+00
-1.083463727448415126e+00 -9.969771349521497905e-01 1.704458547237118204e-01
-4.324649982664102943e+00 1.122389495038414120e+00 3.290720237798447023e+00
-4.428542433264910372e+00 1.251587488078772070e+00 3.260519471633993582e+00
-4.537270720373935973e+00 1.381308664099524686e+00 3.220810041828132686e+00
-4.651037284162002017e+00 1.507595710555572621e+00 3.171298549113325205e+00
1.513715652739318740e+00 1.626227597889485788e+00 3.112260876632306772e+00
1.391823333612924651e+00 1.733309572707342427e+00 3.044799390392383120e+00
1.268694027006660452e+00 1.825874072707112106e+00 2.971025274745407785e+00
1.147551392695883576e+00 1.902320977795720180e+00 2.894043588343110152e+00
1.032317280209738453e+00 1.962562628776903573e+00 2.817653673862956509e+00
-1.044668620428913286e+00 -9.484176717893125774e-01 1.766604464734367608e-01
-4.285970802427427451e+00 1.073681595645390674e+00 3.299908109921961596e+00
-4.389435502711251935e+00 1.203374505393080884e+00 3.272811755974144532e+00
-4.497248247887316808e+00 1.334430874968758118e+00 3.236341662093982219e+00
-4.609697446951495969e+00 1.463001223766369652e+00 3.190165921781899172e+00
1.556641857124450024e+00 1.584850187658467080e+00 3.134465666463507993e+00
1.436417337406036054e+00 1.695932444563791330e+00 3.070187323290953341e+00
1.314810973787617021e+00 1.793010372134956842e+00 2.999242856249586531e+00
1.194831978020091334e+00 1.874145820549186991e+00 2.924542648650611198e+00
1.080260735416374462e+00 1.938908990409364597e+00 2.849760520313300738e+00
-9.887082436442853339e-01 -8.792023784689747545e-01 1.835402828990762292e-01
-1.088858228396951011e+00 -1.003754058862084131e+00 1.694883092115738454e-01
-4.333630168738599409e+00 1.133673837938273588e+00 3.288424484420814586e+00
-4.440495299730580214e+00 1.266186548274242263e+00 3.256546158749566988e+00
-4.551438823801188249e+00 1.397623077602618613e+00 3.215067089582865467e+00
-4.666391644089853408e+00 1.523754669876717482e+00 3.164050137006014118e+00
1.498610687087847504e+00 1.640337065868779698e+00 3.104243930879830859e+00
1.378901035696920463e+00 1.743753648257724942e+00 3.037301435056336985e+00
1.260381027627528461e+00 1.831572399601872903e+00 2.965870233526467725e+00
1.146619332549966064e+00 1.902856022687506865e+00 2.893436839049596365e+00
-9.189979338591536262e-01 -7.950188212604774041e-01 1.886843305972831231e-01
-1.019897094244689661e+00 -9.176336572007107728e-01 1.800095736272094571e-01
-4.264576498316910325e+00 1.046712267386293638e+00 3.304496997422469828e+00
-4.370552484041062336e+00 1.179886716524180867e+00 3.278351984617139170e+00
-4.479909479100287584e+00 1.313785089586553712e+00 3.242745279409423365e+00
-4.592745732473890286e+00 1.444272508739886662e+00 3.197620298674988426e+00
-4.708539182862342187e+00 1.566939754666858198e+00 3.143513691636482754e+00
1.457268354351522577e+00 1.677743018214513659e+00 3.081787098196121288e+00
1.340666786848349723e+00 1.773645996720429885e+00 3.014765842722630040e+00
1.228127940590991063e+00 1.853039601062372199e+00 2.945681681309706867e+00
-8.941698816599178423e-01 -7.657257083360333727e-01 1.896106839144795775e-01
-1.005210823403639431e+00 -8.994869510862646411e-01 1.817674658469703719e-01
-4.260572720733613927e+00 1.041666827174031029e+00 3.305316228153126978e+00
-4.378147696691695678e+00 1.189348473564435515e+00 3.276154968003736290e+00
-4.500349812337071320e+00 1.338103193526034351e+00 3.235175326140919960e+00
-4.627464578873635936e+00 1.482358164326806893e+00 3.182174820268195869e+00
1.524310232173655244e+00 1.616191083690674546e+00 3.117821903689015350e+00
1.390499007936304654e+00 1.734387828754372141e+00 3.044033849465563879e+00
1.257653282663959926e+00 1.833426941944611421e+00 2.964174505022908246e+00
1.130389058877860009e+00 1.912037988704471836e+00 2.882842546973656717e+00
-9.737627155995882688e-01 -8.609383978803565318e-01 1.849619779704516076e-01
-1.082763158797883651e+00 -9.960969577864018376e-01 1.705686515813004123e-01
-4.337065757444462655e+00 1.137985857287947988e+00 3.287530449371980801e+00
-4.454434696707897601e+00 1.283119779746396016e+00 3.251786830815742935e+00
-4.577076944288546834e+00 1.426742373946368714e+00 3.204359677900114889e+00
-4.704962162637842837e+00 1.563342150677856424e+00 3.145292148386201081e+00
1.446138289597661553e+00 1.687508236833794140e+00 3.075617579823986869e+00
1.312228573803637222e+00 1.794907528134563002e+00 2.997680166824412851e+00
1.180258886139785579e+00 1.883052921957024228e+00 2.915200051076173526e+00
1.055006082733636941e+00 1.951613080199717798e+00 2.832901573213512325e+00
-1.034681108251738424e+00 -9.359817590060179882e-01 1.780688140260033303e-01
-4.283361709755304503e+00 1.070392809276115909e+00 3.300486533192650729e+00
-4.394877755460868229e+00 1.210120616162058793e+00 3.271166861826625638e+00
-4.511612254086471374e+00 1.351384564216985495e+00 3.230886592932208590e+00
-4.633961852775304813e+00 1.489365812142002143e+00 3.179207791132570904e+00
1.521572103991370328e+00 1.618795202054715165e+00 3.116389738297259182e+00
1.390001160772417643e+00 1.734792815857238546e+00 3.043745841798417118e+00
1.257202478632606590e+00 1.833733410675822961e+00 2.963893751441925239e+00
1.127138614665904370e+00 1.913848963072308340e+00 2.880713550177879778e+00
1.004566321393763229e+00 1.975369649910405645e+00 2.798881183782062632e+00
-1.074082596857270699e+00 -9.852029429158810636e-01 1.720570429174995419e-01
-4.321028087854934085e+00 1.117835819447905665e+00 3.291628774001421842e+00
-4.431210535045681631e+00 1.254852187856470680e+00 3.259641226477237197e+00
-4.546869945078308106e+00 1.392378268634366645e+00 3.216932959580952822e+00
-4.668229978865417351e+00 1.525673655334092826e+00 3.163173930095270592e+00
1.488406909639591769e+00 1.649734567383503991e+00 3.098770339584536071e+00
1.358247478868769953e+00 1.760088337264712477e+00 3.025191831591265146e+00
1.227314110553813009e+00 1.853567919370505246e+00 2.945168612267734964e+00
1.099599924617838065e+00 1.928805490775640230e+00 2.862585843777290417e+00
9.797481797887405142e-01 1.986289077267304082e+00 2.781984468535355859e+00
-1.090569607922040385e+00 -1.005904825085751408e+00 1.691798879492198149e-01
-4.336028302240334753e+00 1.136683801579471131e+00 3.287801239697996536e+00
-4.444804026700545307e+00 1.271431811473664686e+00 3.255089335554667063e+00
-4.559041054045182229e+00 1.406312203369049385e+00 3.211934152499141160e+00
-4.678866403917783856e+00 1.536717787251883793e+00 3.158068121633386127e+00
1.479503262450220014e+00 1.657846627082592672e+00 3.093956759798865974e+00
1.351327080282836324e+00 1.765462883585406262e+00 3.021100548473426795e+00
1.222618486511000579e+00 1.856605393902993173e+00 2.942204239685831890e+00
1.097279972442823937e+00 1.930035019401283414e+00 2.861051227557812382e+00
9.798051498797614167e-01 1.986264450774656964e+00 2.782023530022943447e+00
-1.084548372672441863e+00 -9.983383757852839491e-01 1.702554198159457743e-01
-4.328823133151179725e+00 1.127635080133712053e+00 3.289661025747896872e+00
-4.436204484601137921e+00 1.260953800034568806e+00 3.257983884966071830e+00
-4.548798983071977275e+00 1.394594637097500422e+00 3.216146733641382482e+00
-4.666714613640505327e+00 1.524091476202956930e+00 3.163896499516464900e+00
1.493813066221824082e+00 1.644768975015904910e+00 3.101676026907772332e+00
1.367965681966775371e+00 1.752457420549324851e+00 3.030908821726695734e+00
1.241622898775284201e+00 1.844180967864374354e+00 2.954164395539284005e+00
1.118513204099117031e+00 1.918606324943376684e+00 2.875053238078050022e+00
1.002968123181160021e+00 1.976088054592573640e+00 2.797795893156339808e+00
-1.058047838020280906e+00 -9.651227683059486750e-01 1.746508950352222422e-01
-4.301460559649729731e+00 1.093202281479859650e+00 3.296365689814366728e+00
-4.407531704763363756e+00 1.225763804316287731e+00 3.267259521752435170e+00
-4.518373394202025217e+00 1.359315566881068804e+00 3.228272357938895443e+00
-4.634136837173045365e+00 1.489553628604787905e+00 3.179127782868161667e+00
1.528840067176156614e+00 1.611863900964487284e+00 3.120183680748961130e+00
1.405567295227109437e+00 1.722010851588650082e+00 3.052705758281736959e+00
1.281693387242587301e+00 1.816826274763734261e+00 2.979045287840540013e+00
1.160706674162668595e+00 1.894689821303166211e+00 2.902583887169019938e+00
1.046755395391438803e+00 1.955645285792282140e+00 2.827367581961352183e+00
-1.014115495231358910e+00 -9.104802494897259457e-01 1.807217138709469872e-01
-1.115396548244579344e+00 -1.037151323464269081e+00 1.644465329625267591e-01
-4.361896777789517010e+00 1.169083476770913288e+00 3.280804091007249124e+00
-4.470977658817536060e+00 1.303077138830778248e+00 3.245965524591553741e+00
-4.584460630729839004e+00 1.435029769011519685e+00 3.201201944734604954e+00
-4.702019199792870197e+00 1.560372596429073777e+00 3.146750524312777575e+00
1.460682516434546940e+00 1.674721581674667892e+00 3.083669419274422729e+00
1.339435338375330575e+00 1.774583641726434236e+00 3.014031582924049157e+00
1.220614968116909838e+00 1.857895160190499384e+00 2.940937433197118978e+00
1.108149960238561160e+00 1.924234506241182086e+00 2.868231131755694108e+00
-9.560903946132637277e-01 -8.394853152510388661e-01 1.864175469666655982e-01
-1.057169192583355066e+00 -9.640240120720579009e-01 1.747873607138589469e-01
-4.302727894403147957e+00 1.094798927996286642e+00 3.296067764158301827e+00
-4.410155323918457881e+00 1.228998252666116064e+00 3.266435143154301279e+00
-4.521354492399765945e+00 1.362801531061712090e+00 3.227110391008269463e+00
-4.636160944373705739e+00 1.491728730191599794e+00 3.178198279738854382e+00
1.529497908055974742e+00 1.611233630140010087e+00 3.120525828421448100e+00
1.411083976451844357e+00 1.717420593835699449e+00 3.055859034834311760e+00
1.294617558968728988e+00 1.807662645227614551e+00 2.986968270858143093e+00
1.183765327078392326e+00 1.880928491525508450e+00 2.917452735357306981e+00
-8.870233084840994930e-01 -7.573695591380200653e-01 1.897905464183179958e-01
-9.882746182258291823e-01 -8.786704177697698404e-01 1.835840694970869713e-01
-1.091616299823713332e+00 -1.007220203759081389e+00 1.689901254351973692e-01
-4.339223668064140504e+00 1.140694162553820723e+00 3.286964054626790865e+00
-4.448290475191094551e+00 1.275668189186239587e+00 3.253901328530683035e+00
-4.560393230766579542e+00 1.407853127198739118e+00 3.211373218024346610e+00
-4.674894716138604522e+00 1.532606391191779549e+00 3.159981757075137399e+00
1.492879298241880148e+00 1.645629114256163650e+00 3.101174995816649016e+00
1.379017418213332347e+00 1.743660042169977276e+00 3.037369354864656756e+00
1.270052198472931604e+00 1.824937137562737677e+00 2.971865334546924142e+00
-9.128211691194179078e-01 -7.876937570360780239e-01 1.889590496621486315e-01
-1.030618123507696327e+00 -9.309313643504636415e-01 1.786193990578137936e-01
-4.294003308653691064e+00 1.083806028689035195e+00 3.298094078382372007e+00
-4.420983552542527839e+00 1.242319988680839815e+00 3.262980260423513634e+00
-4.553967936353521928e+00 1.400518342368191060e+00 3.214028972968709930e+00
-4.692959366558353551e+00 1.551179114095586842e+00 3.151212083904052719e+00
1.446579329249575663e+00 1.687124030133958730e+00 3.075862980762488874e+00
1.301435871099660524e+00 1.802761337734296365e+00 2.991127223339232977e+00
1.159769654831154018e+00 1.895238682509448047e+00 2.901976689522243635e+00
1.027674101392167305e+00 1.964750406422367091e+00 2.814521835905812175e+00
-9.860544746304565900e-01 -8.759514428070014347e-01 1.838056541523411247e-01
-1.101632618242150308e+00 -1.019820185692231984e+00 1.671299026776324193e-01
-4.363647688846282513e+00 1.171271706582777794e+00 3.280312447547705901e+00
-4.489918865983163698e+00 1.325727013140105992e+00 3.239072951086210406e+00
-4.622556839201444667e+00 1.477039521892611784e+00 3.184400176673508831e+00
1.522046261668571487e+00 1.618345491892679622e+00 3.116637786726582871e+00
1.379384605203009651e+00 1.743366067549679377e+00 3.037583059949002795e+00
1.236267707424549833e+00 1.847717420677814859e+00 2.950804333580374195e+00
1.097880369020764801e+00 1.929717646761838212e+00 2.861448283200124454e+00
9.701374383965587489e-01 1.990384485697834771e+00 2.775415562293712224e+00
-1.038011402205229139e+00 -9.401251354349312583e-01 1.776078672478681453e-01
-4.292912899870794163e+00 1.082431630540174217e+00 3.298343247522764088e+00
-4.411562798105697070e+00 1.230732672473054290e+00 3.265990767048152943e+00
-4.536352765136216547e+00 1.380246881543766957e+00 3.221177670822777284e+00
-4.667531795430094554e+00 1.524945684725805384e+00 3.163506848883637090e+00
1.478831560239014076e+00 1.658455168328561546e+00 3.093592186702907032e+00
1.338543463574725312e+00 1.775261853814646740e+00 3.013499472587256811e+00
1.198605954225547165e+00 1.871806762041191341e+00 2.926953221363477020e+00
1.064159620313698706e+00 1.947072253223748106e+00 2.839026085618642448e+00
9.408137767611653990e-01 2.002426761033477831e+00 2.755288857253679335e+00
-1.067133125008667527e+00 -9.764930758082475126e-01 1.732060881026238341e-01
-4.319774840812347527e+00 1.116258989809159718e+00 3.291941075726777743e+00
-4.436310189540405347e+00 1.261083350830755512e+00 3.257948688783473656e+00
-4.558961909308393956e+00 1.406221967902853365e+00 3.211966867726840036e+00
-4.687790741000324779e+00 1.545897677956580951e+00 3.153738569277119819e+00
1.461304817228196828e+00 1.674169658258230386e+00 3.084011862227630019e+00
1.324237401841131145e+00 1.786030026569958684e+00 3.004927615314376244e+00
1.187974514944816207e+00 1.878362199358307949e+00 2.920153034915534906e+00
1.057464173012250930e+00 1.950400736213114383e+00 2.834547812968380764e+00
9.380032495634812451e-01 2.003546082155184038e+00 2.753353205819230265e+00
-1.073673552451102298e+00 -9.846902326472530831e-01 1.721256282271742544e-01
-4.324161184931029744e+00 1.121775094754507984e+00 3.290843557588187362e+00
-4.438383853176409488e+00 1.263612423189157674e+00 3.257255328496057256e+00
-4.558452620301047808e+00 1.405641301955424138e+00 3.212178058667145564e+00
-4.684344247329859101e+00 1.542360842251416342e+00 3.155415698336619279e+00
1.468074214785034082e+00 1.668137881223114238e+00 3.087727573374495549e+00
1.334643575422061801e+00 1.778217417234720266e+00 3.011169700468748545e+00
1.202145175634502960e+00 1.869600871991301094e+00 2.929210531443935395e+00
1.075251194542139688e+00 1.941472776448124327e+00 2.846426095608975970e+00
9.589780613547451704e-01 1.995046846210483116e+00 2.767770918080922460e+00
-1.059531857592440396e+00 -9.669784695347076742e-01 1.744192612597766645e-01
-4.308064216231286991e+00 1.101519726996905923e+00 3.294799815742036397e+00
-4.419935403403361995e+00 1.241032411034827643e+00 3.263318422959723186e+00
-4.537203080861000437e+00 1.381231534509785863e+00 3.220837069511530260e+00
-4.659839874634772450e+00 1.516887160487648156e+00 3.167158527258327805e+00
1.496206428229861718e+00 1.642561561736084474e+00 3.102958239847569466e+00
1.366584072350118362e+00 1.753548861197072428e+00 3.030097761386942867e+00
1.237783618593646162e+00 1.846719496757440515e+00 2.951756187937861764e+00
1.114155587845884199e+00 1.920984129521325912e+00 2.872187488842069758e+00
1.000465458829985499e+00 1.977208699387123181e+00 2.796095901986488386e+00
-1.027654455927215604e+00 -9.272515664456950635e-01 1.790126797850696561e-01
-4.274511269894864185e+00 1.059235731419894355e+00 3.302409898140578282e+00
-4.384141406296341970e+00 1.196801296659193659e+00 3.274391232656213901e+00
-4.498585328207063583e+00 1.336014494413624298e+00 3.235839529969931405e+00
-4.617863447929599019e+00 1.471932960401636681e+00 3.186515502070145001e+00
1.541926243708964472e+00 1.599246753400199728e+00 3.126952229952504769e+00
1.416168548682698924e+00 1.713161329856051296e+00 3.058754978527435053e+00
1.290997939077435763e+00 1.810246086264588161e+00 2.984754536050739482e+00
1.170409328716276232e+00 1.888960271148761416e+00 2.908855974635756514e+00
1.058914753263245245e+00 1.949682993901050265e+00 2.835518643677538364e+00
-9.813198614303563216e-01 -8.701597582010379694e-01 1.842648165856556886e-01
-1.085259516648287237e+00 -9.992320284808817732e-01 1.701299080155695698e-01
-4.334482989561769806e+00 1.134744087659117939e+00 3.288203368162299522e+00
-4.446251673315500419e+00 1.273191745340391812e+00 3.254596924631179888e+00
-4.562248981922987667e+00 1.409965012209585034e+00 3.210601614079694688e+00
-4.681933365703324412e+00 1.539880642146919332e+00 3.156585097903928716e+00
1.479340780614601725e+00 1.657993585629425004e+00 3.093868552385667048e+00
1.357765507809096439e+00 1.760464025440290126e+00 3.024907349801941425e+00
1.240130339269218673e+00 1.845169844586768582e+00 2.953228558465855969e+00
1.130681518781033734e+00 1.911874774919910980e+00 2.883033960475758217e+00
-9.235585203861060855e-01 -8.004419682623717947e-01 1.884627082358094619e-01
-1.026594714659929464e+00 -9.259363802693123535e-01 1.791516659379871479e-01
-4.274185452746901426e+00 1.058824061715168074e+00 3.302479632053151981e+00
-4.383587341892743794e+00 1.196112830165608099e+00 3.274555503688099556e+00
-4.496549374543414856e+00 1.333602169561442619e+00 3.236603717417407822e+00
-4.612702382374400223e+00 1.466294857441713839e+00 3.188827077943154009e+00
1.552306164496705110e+00 1.589115175934560087e+00 3.132262775180820746e+00
1.434279678032044814e+00 1.697771268628774033e+00 3.068988212671452054e+00
1.319599104702382286e+00 1.789474892494590907e+00 3.002134247531875744e+00
1.212210117797760001e+00 1.863262407830593492e+00 2.935612115651233367e+00
-8.568326150286377230e-01 -7.224600828817723253e-01 1.901254678853467606e-01
-9.594512682789999580e-01 -8.435522123662191341e-01 1.861594753967139027e-01
-1.064294983107049619e+00 -9.729384650323155137e-01 1.736644827711706918e-01
-4.313373508541049617e+00 1.108204180600677491e+00 3.293516589933758176e+00
-4.423709851253905256e+00 1.245665366589679524e+00 3.262097353465799099e+00
-4.536673212980592673e+00 1.380617298500549595e+00 3.221049439374322976e+00
-4.651361588962624971e+00 1.507939043969892978e+00 3.171146785978049110e+00
1.517217221866583143e+00 1.622923346806825151e+00 3.114104499956328986e+00
1.405478663025631292e+00 1.722083880760321595e+00 3.052655007765104678e+00
1.300222880219707333e+00 1.803636999166088550e+00 2.990388399879862380e+00
-9.281370479004993346e-01 -8.058991750936107534e-01 1.882244810368866594e-01
-1.055285560966133795e+00 -9.616702057169074225e-01 1.750773315299919974e-01
-4.329784612681155664e+00 1.128842723786669167e+00 3.289415099913294949e+00
-4.469745265448437976e+00 1.301595294878894471e+00 3.246405569870078445e+00
-4.617418169262991867e+00 1.471447369311485787e+00 3.186715531231444576e+00
1.511112555604016583e+00 1.628675798626358029e+00 3.110886687275483897e+00
1.352400851811188076e+00 1.764632084526231770e+00 3.021736460328280582e+00
1.195123485503081229e+00 1.873966131777859534e+00 2.924728796225358973e+00
1.046682936320423973e+00 1.955680679209684136e+00 2.827318730983580775e+00
9.147121941938417544e-01 2.012583058627923638e+00 2.737273240269180175e+00
-9.931467102352515841e-01 -8.846463086709200896e-01 1.830844406866428131e-01
-1.117664957076859977e+00 -1.040009720971397877e+00 1.639901734555936630e-01
-4.390119100378647055e+00 1.204222112320677329e+00 3.272606334742103495e+00
-4.528339947568637669e+00 1.370947723050833567e+00 3.224364988620623595e+00
-4.674147631307197237e+00 1.531831628392089417e+00 3.160340690917500694e+00
1.456913346608110116e+00 1.678055985072828049e+00 3.081591192645248167e+00
1.301901493093599038e+00 1.802423965738323419e+00 2.991410976229968988e+00
1.149706013788860837e+00 1.901082370882692274e+00 2.895444966469116199e+00
1.007435170197261698e+00 1.974075254628900877e+00 2.800827680500454164e+00
8.820125990881291234e-01 2.024576423737612707e+00 2.714581114340264278e+00
-1.035240014225369931e+00 -9.366766990446340202e-01 1.779921252328502956e-01
-4.298389939162608364e+00 1.089333609769794320e+00 3.297082588069448761e+00
-4.426462244816652181e+00 1.249039523394157580e+00 3.261200729416424249e+00
-4.561790205399700149e+00 1.409442943724136699e+00 3.210792567582023249e+00
-4.704274191046084574e+00 1.562648262324479065e+00 3.145633617030590301e+00
1.430849355543900803e+00 1.700711982534665268e+00 3.067060041535606185e+00
1.280792524512659680e+00 1.817458608780370577e+00 2.978491165945897023e+00
1.134291445855932778e+00 1.909851973765016142e+00 2.885395265937591436e+00
9.979969462436574235e-01 1.978309472428506854e+00 2.794417756178705137e+00
8.781967130359565887e-01 2.025923482479413895e+00 2.711924862558315663e+00
-1.054493308650530814e+00 -9.606797276831429144e-01 1.751985972025807137e-01
-4.314492086940473925e+00 1.109612070554742758e+00 3.293243396364108566e+00
-4.439238107848095360e+00 1.264654669573432644e+00 3.256968757960770233e+00
-4.570857216945783286e+00 1.419726302448862887e+00 3.206994265761260010e+00
-4.709064331066088016e+00 1.567466242334637938e+00 3.143252066292365754e+00
1.430985634872298240e+00 1.700596444510609873e+00 3.067136465377128474e+00
1.286386766863072406e+00 1.813517862502398437e+00 2.981928432038093657e+00
1.145522658787120562e+00 1.903483782946969294e+00 2.892723001068069788e+00
1.014535269378380677e+00 1.970842140615962190e+00 2.805639836382963548e+00
8.992458339198498019e-01 2.018356100821355081e+00 2.726556485053339696e+00
-1.052689350724434592e+00 -9.584265322844619517e-01 1.754725883085862248e-01
-4.309536644230974822e+00 1.103374131546740244e+00 3.294445948371288679e+00
-4.430707449943017018e+00 1.254237135057383989e+00 3.259807140014888915e+00
-4.558194627380206754e+00 1.405347240995768576e+00 3.212284832783675714e+00
-4.691657062519023036e+00 1.549850203635544377e+00 3.151850156667062031e+00
1.453666577762876777e+00 1.680918355315322188e+00 3.079795967779736188e+00
1.314581364701441046e+00 1.793179573005718286e+00 2.999103954611102463e+00
1.179015003375404991e+00 1.883804046699941059e+00 2.914400133128547399e+00
1.052617784842105442e+00 1.952786543021058696e+00 2.831300754412650278e+00
9.408509960186889343e-01 2.002412145522304066e+00 2.755314412905173427e+00
-1.032720692103434645e+00 -9.335439999308695613e-01 1.783362202646833483e-01
-4.286603574363976321e+00 1.074478581312090286e+00 3.299767041455731409e+00
-4.404224175350368142e+00 1.221680578466804112e+00 3.268292007013094747e+00
-4.527504987136275361e+00 1.369975622381022218e+00 3.224694838742971914e+00
-4.656129667504965042e+00 1.512979611339054786e+00 3.168908689218272734e+00
1.494475685314299751e+00 1.644158315240141999e+00 3.102031284832722946e+00
1.360747957530636931e+00 1.758134701111148113e+00 3.026665822721273269e+00
1.230107969968948112e+00 1.851751203154957226e+00 2.946929349225399175e+00
1.107723726649244345e+00 1.924463823597835299e+00 2.867950092764960157e+00
9.987725667713979183e-01 1.977963807125957763e+00 2.794945276481253238e+00
-9.978516845532828805e-01 -8.904270480467886273e-01 1.825843354667091856e-01
-1.107523452350017701e+00 -1.027235957549157641e+00 1.659995327066485782e-01
-4.363440887461918827e+00 1.171012699359706311e+00 3.280370737283693217e+00
-4.482712970483225590e+00 1.317135311916203033e+00 3.241723682681324270e+00
-4.606683313293520321e+00 1.459689489654108385e+00 3.191503550920391508e+00
1.548994808985856064e+00 1.592358936923299551e+00 3.130574381651674898e+00
1.420356495685886955e+00 1.709632737552256865e+00 3.061132879124236261e+00
1.294312126508533556e+00 1.807881555895296311e+00 2.986781578497668566e+00
1.175554397387208683e+00 1.885885482747657882e+00 2.912172944760815785e+00
1.068987678985591661e+00 1.944647324391470811e+00 2.842250358233676888e+00
-9.511374089553351618e-01 -8.335018580443428471e-01 1.867817888517300240e-01
-1.058661502199625071e+00 -9.658901612445003337e-01 1.745552481396858147e-01
-4.311716341604685532e+00 1.106118373625292417e+00 3.293919381405304936e+00
-4.427384448610878209e+00 1.250169873236360418e+00 3.260898999229572048e+00
-4.547091761465419602e+00 1.392633500768001298e+00 3.216842536311363521e+00
-4.669900616757882261e+00 1.527415661862135066e+00 3.162375944667068950e+00
1.489387256529543846e+00 1.648836626524010640e+00 3.099298101497315550e+00
1.367630995076771550e+00 1.752721898195822803e+00 3.030712418039089862e+00
1.252238207454973384e+00 1.837088360674354881e+00 2.960801056531635389e+00
1.147831643623865139e+00 1.902159871185135964e+00 2.894225984501690885e+00
-8.950831958903668895e-01 -7.667963227454822617e-01 1.895848865466757960e-01
-1.001026578191511973e+00 -8.943328572810933519e-01 1.822371785636172081e-01
-1.110191691505191480e+00 -1.030595670305450851e+00 1.654786358788525036e-01
-4.364414670168325294e+00 1.172228461112149622e+00 3.280096511599175368e+00
-4.480410788012957113e+00 1.314384521966247998e+00 3.242562929673535432e+00
-4.599039949154621887e+00 1.451255703700847555e+00 3.194872026681140120e+00
1.564542636356444527e+00 1.577029915219705813e+00 3.138456149867627332e+00
1.446732395456818310e+00 1.686990881512743234e+00 3.075948056171158296e+00
1.334480190757465490e+00 1.778341093625506408e+00 3.011071915429130552e+00
1.232106686139348595e+00 1.850446292839930118e+00 2.948187810344737869e+00
-8.315382228544697663e-01 -6.937243201677039117e-01 1.898848919559770199e-01
-9.365323228563722235e-01 -8.159387734634891975e-01 1.877455892511672164e-01
-1.044063035015159624e+00 -9.476632027906264355e-01 1.767479334241801869e-01
-4.295930126881919442e+00 1.086234503901855497e+00 3.297651594364515493e+00
-4.408895545521581916e+00 1.227446018134671579e+00 3.266831528744003510e+00
-4.523989527448684989e+00 1.365878890740134244e+00 3.226078416946137839e+00
-4.639856860752595402e+00 1.495689586591219866e+00 3.176495503197342529e+00
1.529037332230034574e+00 1.611675124923513724e+00 3.120286272464350308e+00
1.419656463943125280e+00 1.710224064514001885e+00 3.060735883571248372e+00
1.319187104436159386e+00 1.789780327749540767e+00 3.001885677243554706e+00
-9.436988225882615433e-01 -8.245415867508176788e-01 1.872934486553395339e-01
-1.083218742142519453e+00 -9.966680084375925119e-01 1.704891307321100835e-01
-4.372494865145220899e+00 1.182308706007516586e+00 3.277794198570204820e+00
-4.529657249007783548e+00 1.372479438711071698e+00 3.223843853899388101e+00
-4.696347011251545744e+00 1.554626178280413829e+00 3.149548800449660568e+00
1.413142871129452249e+00 1.715699342400194505e+00 3.057032846400009607e+00
1.238548127317503855e+00 1.846215171538859501e+00 2.952235969848310493e+00
1.072315283208975289e+00 1.942965359955699967e+00 2.844469670396764904e+00
9.244853008062007271e-01 2.008841951814554161e+00 2.744029194739767252e+00
8.029168546777112336e-01 2.050344954742668424e+00 2.659206168179349294e+00
-9.994778245493408653e-01 -8.924267682835940185e-01 1.824075661857162967e-01
-4.277006328326255158e+00 1.062381195608227413e+00 3.301873799390611985e+00
-4.421232365258620511e+00 1.242625426494712970e+00 3.262899983696131212e+00
-4.574617172380733621e+00 1.423971417583836496e+00 3.205404425977064875e+00
1.546562026050768646e+00 1.594735518007678099e+00 3.129330392669641636e+00
1.378988619315393072e+00 1.743684139384182652e+00 3.037352314621863947e+00
1.212073964233887802e+00 1.863348952164213035e+00 2.935525697764954423e+00
1.054505563203346430e+00 1.951859317770658908e+00 2.832566241315051414e+00
9.152191362578976364e-01 2.012391405579580184e+00 2.737623613178534310e+00
8.009727375248699710e-01 2.050921744369386790e+00 2.657837713312058536e+00
-1.031754681796227313e+00 -9.323437716525093677e-01 1.784666860554523782e-01
-4.305078661913041671e+00 1.097759757211534959e+00 3.295511887545081731e+00
-4.444787596968192034e+00 1.271411773528700273e+00 3.255094870990002498e+00
-4.592975001744958874e+00 1.444527872867530371e+00 3.197520498962365565e+00
1.534421888190374839e+00 1.606503509962732057e+00 3.123080735300695743e+00
1.374203354181724457e+00 1.747507790000746741e+00 3.034560479618036322e+00
1.215442912664118635e+00 1.861206356188204625e+00 2.937662567199748942e+00
1.066017894939969235e+00 1.946141308750648502e+00 2.840267665633767091e+00
9.339107060828926166e-01 2.005164564882508493e+00 2.750532987905589533e+00
8.251871305501981002e-01 2.043542523677129186e+00 2.674860366499288933e+00
-1.042244803052728486e+00 -9.453967376140381962e-01 1.770094810185801337e-01
-4.311059762837737175e+00 1.105291751506140452e+00 3.294078367006198604e+00
-4.445669190344680111e+00 1.272482626025409402e+00 3.254795423705837187e+00
-4.587915949133223315e+00 1.438891063087939903e+00 3.199713154779492363e+00
1.546384906712884089e+00 1.594908080944309026e+00 3.129239773910529543e+00
1.393856936601245877e+00 1.731650412954659712e+00 3.045973652933504194e+00
1.243004710395421597e+00 1.843264217740380406e+00 2.955030043158988207e+00
1.100862390083955145e+00 1.928135281308000826e+00 2.863420025210366759e+00
9.746220500009592502e-01 1.988482190439346819e+00 2.778482680147315254e+00
8.699472242759200835e-01 2.028800073118179448e+00 2.706176454358747208e+00
-1.033873518853377638e+00 -9.349779394366705132e-01 1.781791377629894646e-01
-4.298219429393506985e+00 1.089118858972007775e+00 3.297122151231924203e+00
-4.427619261239199133e+00 1.250456937492089970e+00 3.260822174485959568e+00
-4.563772274144340280e+00 1.411697044780974686e+00 3.209966420231820550e+00
-4.705708296418436909e+00 1.564093475815200973e+00 3.144921777565096388e+00
1.432431657311052486e+00 1.699356746304657273e+00 3.067950171293641670e+00
1.288943507563014679e+00 1.811706190113688386e+00 2.983496332668116313e+00
1.153232792999271172e+00 1.899044998595624589e+00 2.897736730387979076e+00
1.031836998558413931e+00 1.962789853416385899e+00 2.817329916143206603e+00
9.301610910572786217e-01 2.006635249051205605e+00 2.747947162603076254e+00
-1.009998859332730481e+00 -9.053938585774967684e-01 1.812129096612231649e-01
-4.270202130022782150e+00 1.053803306853457133e+00 3.303324539027664652e+00
-4.394663881577196562e+00 1.209855863767537176e+00 3.271231903426363274e+00
-4.525008030564377393e+00 1.367066390632684536e+00 3.225678548929219680e+00
-4.660365393439196424e+00 1.517438849409550317e+00 3.166910328118288209e+00
1.484745298310792050e+00 1.653080921374929124e+00 3.096794977841247576e+00
1.347973862341148799e+00 1.768049509106167649e+00 3.019112092790163349e+00
1.217969293908061745e+00 1.859590933398015178e+00 2.939263730235395222e+00
1.100691498608134644e+00 1.928225773382540309e+00 2.863307117138142566e+00
1.001341168674093840e+00 1.976817053773896049e+00 2.796690823482284038e+00
-9.737821672843928189e-01 -8.609617825489237486e-01 1.849601076060926330e-01
-1.088787701443207911e+00 -1.003664676040127546e+00 1.695012393895896363e-01
-4.350439840137527270e+00 1.154753326516655410e+00 3.283964608623014758e+00
-4.475547417089266844e+00 1.308561249276467331e+00 3.244324700445692322e+00
-4.604961570014346250e+00 1.457793961950817563e+00 3.192265279755236218e+00
1.546433635953369690e+00 1.594860717334928957e+00 3.129264678169730196e+00
1.415689064140245534e+00 1.713564082657025978e+00 3.058482439856342605e+00
1.290765521151002071e+00 1.810411932710885408e+00 2.984612120905448585e+00
1.177083825903778358e+00 1.884966880467572548e+00 2.913157648153034796e+00
1.079651374053289592e+00 1.939221883042073324e+00 2.849355229827919000e+00
-9.278383181656049139e-01 -8.055432631330168292e-01 1.882406026384108033e-01
-1.039911310971316061e+00 -9.424900181232627183e-01 1.773412781059270915e-01
-4.297869197487731441e+00 1.088677831536554841e+00 3.297203298401859772e+00
-4.418495948653820449e+00 1.239264312109006783e+00 3.263781368606724964e+00
-4.542763993165769065e+00 1.387652574404387495e+00 3.218598253084356209e+00
-4.669068774797732857e+00 1.526549780595950923e+00 3.162773320935556853e+00
1.488665846564427797e+00 1.649496983222925373e+00 3.098909862225669887e+00
1.368229881099344070e+00 1.752248608171603550e+00 3.031063769788173712e+00
1.257725311732204920e+00 1.833378468346235524e+00 2.964219104268272176e+00
1.161948257778782967e+00 1.893961267512111801e+00 2.903387706761146880e+00
-8.741152048440610223e-01 -7.423647756194490244e-01 1.900172875653966253e-01
-9.840090550925011392e-01 -8.734481572700893981e-01 1.840061635573864152e-01
-1.097490057772623206e+00 -1.014607224055509960e+00 1.679088485012244780e-01
-4.356091572375832222e+00 1.161826914192244820e+00 3.282417688327864624e+00
-4.476111196623105748e+00 1.309236880732406405e+00 3.244121347390175547e+00
-4.597810785425090252e+00 1.449894687148429950e+00 3.195410537469342227e+00
1.564434641338451115e+00 1.577137751423636214e+00 3.138401713315336572e+00
1.447870408044425128e+00 1.685997382820649815e+00 3.076581025253363855e+00
1.340131676994536836e+00 1.774053625757352926e+00 3.014446778000765992e+00
1.245785719266216285e+00 1.841413040795572664e+00 2.956770727951997024e+00
-8.139178698506112086e-01 -6.739955872890665001e-01 1.894414316692227540e-01
-9.224292584699747000e-01 -7.990975826049929731e-01 1.885194234582793504e-01
-1.033887568398279777e+00 -9.349954790584273923e-01 1.781772555683293069e-01
-4.289796624796020197e+00 1.078503647771024587e+00 3.299050333402437030e+00
-4.406524276110582505e+00 1.224520428104717285e+00 3.267574932031406032e+00
-4.524555148127459958e+00 1.366538929039534667e+00 3.225856446101885489e+00
-4.641826733258704429e+00 1.497795256563868582e+00 3.175585041318193191e+00
1.527993865082972302e+00 1.612673652359432941e+00 3.119743240727162359e+00
1.422558942757696787e+00 1.707769729008567605e+00 3.062380560763023674e+00
1.329381239799861225e+00 1.782182261647780042e+00 3.008017545449189978e+00
-9.652794132435856822e-01 -8.506195990386720140e-01 1.856909859590178680e-01
-4.262397599462402376e+00 1.043965800647182585e+00 3.304944464991318220e+00
-4.429241620565130155e+00 1.252443350105060693e+00 3.260289774420213949e+00
-4.608334179778009521e+00 1.461504145571294488e+00 3.190771612400312041e+00
1.485336350266334149e+00 1.652541250697747932e+00 3.097114199297282155e+00
1.292041462129840834e+00 1.809503277704698654e+00 2.985392948090697107e+00
1.106657470610183269e+00 1.925036775135956280e+00 2.867246759549049617e+00
9.426850990146959930e-01 2.001678589122370511e+00 2.756576818474701707e+00
8.104901830726394252e-01 2.048070779065152891e+00 2.664534652771937129e+00
7.146872405066827527e-01 2.073944489105033373e+00 2.596801472381321751e+00
-1.011274360956872620e+00 -9.069690051844739864e-01 1.810623056799866848e-01
-4.302940559307313784e+00 1.095066578837253335e+00 3.296017696445724177e+00
-4.463645663025718413e+00 1.294250743552519234e+00 3.248568727707926485e+00
-4.635228584288714870e+00 1.490726721876904692e+00 3.178626772570487091e+00
1.467922187102487452e+00 1.668273570914311499e+00 3.087644481110194405e+00
1.286024158410455920e+00 1.813774298863436663e+00 2.981705837026925821e+00
1.112797946846718622e+00 1.921722226422940993e+00 2.871293630938281716e+00
9.598696804723345632e-01 1.994677528568574720e+00 2.768382645836733325e+00
8.360880062662254808e-01 2.040085175288343766e+00 2.682505699170806945e+00
7.455296781832171371e-01 2.066291308773786195e+00 2.618678455803710392e+00
-1.034081961510696424e+00 -9.352366794737446698e-01 1.781508877391429768e-01
-4.319533380638382880e+00 1.115954945873818271e+00 3.292001023249379710e+00
-4.472989809524215765e+00 1.305493348412118060e+00 3.245244717858090766e+00
-4.635842663635275862e+00 1.491386538154148456e+00 3.178344684784164542e+00
1.477662887545488690e+00 1.659512996299569165e+00 3.092957450917337869e+00
1.307174820796974668e+00 1.798599713668972422e+00 2.994616388553864361e+00
1.145046971457861051e+00 1.903755926193267944e+00 2.892413156741217684e+00
1.001316430928261836e+00 1.976828532799185689e+00 2.796673841077212064e+00
8.838378786080757221e-01 2.023927409723778492e+00 2.715851538032248325e+00
7.965880011433681407e-01 2.052214633064357585e+00 2.654749413606030117e+00
-1.036847680193323296e+00 -9.386767155353120673e-01 1.777699308461017369e-01
-4.315906343265022649e+00 1.111391554056408548e+00 3.292896845545262519e+00
-4.461826003447027844e+00 1.292055880733535167e+00 3.249208933461166016e+00
-4.615758676279535067e+00 1.469636515764252582e+00 3.187460020626299073e+00
1.507914510227914784e+00 1.631674501900487906e+00 3.109194111916611991e+00
1.348073770030759455e+00 1.767972469722067119e+00 3.019171444979799723e+00
1.195755089733117726e+00 1.873574710247525310e+00 2.925132703593781969e+00
1.059675261212435826e+00 1.949305437549214925e+00 2.836027755651320259e+00
9.470098526532814143e-01 1.999939149279347683e+00 2.759551624099719991e+00
8.618046376349378646e-01 2.031590282454850627e+00 2.700495009792764467e+00
-1.023214423987136357e+00 -9.217442792681658226e-01 1.795888821782574141e-01
-4.296193219404528918e+00 1.086565881328211081e+00 3.297590934953507968e+00
-4.434914260170594424e+00 1.259378659129331446e+00 3.258413763731043300e+00
-4.580429882602493841e+00 1.430510641444504349e+00 3.202930009751123297e+00
1.552617537195648323e+00 1.588808888139758180e+00 3.132421479738122017e+00
1.402332018476026843e+00 1.724688388914132009e+00 3.050850996062111964e+00
1.258569757495969332e+00 1.832805108399518046e+00 2.964744337720794931e+00
1.128949198459000769e+00 1.912841574295580882e+00 2.881899670867750007e+00
1.020099693211276470e+00 1.968279475361496500e+00 2.809405142528498267e+00
9.361921029105199077e-01 2.004263229422804216e+00 2.752105618803122766e+00
-9.966132826868151495e-01 -8.889042738712698011e-01 1.827176119876445792e-01
-4.264160345555285225e+00 1.046188707072867929e+00 3.304582562619572172e+00
-4.396422001837046345e+00 1.212032861615876866e+00 3.270696200382248175e+00
-4.534423309278136749e+00 1.378011674294272737e+00 3.221948985712779212e+00
-4.676280839874459083e+00 1.534042697727065807e+00 3.159314902875197006e+00
1.464959599911345167e+00 1.670919110418842779e+00 3.086020404707725540e+00
1.328592189111293731e+00 1.782773329602348467e+00 3.007544326067432827e+00
1.204482929266743607e+00 1.868137512372029185e+00 2.930699709409319453e+00
1.098782643890950483e+00 1.929239654839760121e+00 2.862045068300183459e+00
1.015762081952599871e+00 1.970279623852710271e+00 2.806470443160801409e+00
-9.598742301612003258e-01 -8.440645001330276953e-01 1.861263559816031810e-01
-1.081243438522812905e+00 -9.941882665202094183e-01 1.708336904143284152e-01
-4.349595545576415034e+00 1.153695453921676828e+00 3.284193741399771937e+00
-4.481184427159771388e+00 1.315309972899287860e+00 3.242281159122735179e+00
-4.615986641518682099e+00 1.469885853437903567e+00 3.187357761938017564e+00
1.532352707640545431e+00 1.608495274857002277e+00 3.122008228245126915e+00
1.402283749749827280e+00 1.724727941179672319e+00 3.050823387666536046e+00
1.282867667888000218e+00 1.815999976971140129e+00 2.979767362240271833e+00
1.179818642555045205e+00 1.883318506094964873e+00 2.914917177337997600e+00
1.097444441856684660e+00 1.929948254460026380e+00 2.861159941568952370e+00
-9.151079098390230149e-01 -7.904030189423507657e-01 1.888606134051171170e-01
-1.032834822028122934e+00 -9.336860030878676442e-01 1.783206647728854399e-01
-4.296742257839275325e+00 1.087257414924247767e+00 3.297464168102921533e+00
-4.423099456781190320e+00 1.244917020696070908e+00 3.262295537966988679e+00
-4.552108447242277478e+00 1.398389515258112947e+00 3.214792841603304474e+00
-4.681091812148444831e+00 1.539013586954274704e+00 3.156992532792017414e+00
1.477259699167295937e+00 1.659877167672936249e+00 3.092738355476194023e+00
1.361767052380493892e+00 1.757335701689282992e+00 3.027266177137028613e+00
1.260915511994814775e+00 1.831208398843873431e+00 2.966202174837192729e+00
1.179005734796905180e+00 1.883809117339416028e+00 2.914394301430454970e+00
-8.637445468783895297e-01 -7.303949582739213131e-01 1.901091245271089025e-01
-9.788057758970408750e-01 -8.670888283604318847e-01 1.845018021960032062e-01
-1.097762772712110646e+00 -1.014950518869181639e+00 1.678580185422083038e-01
-4.361673294414187829e+00 1.168804628929991596e+00 3.280866663310063824e+00
-4.486139265586396085e+00 1.321225517151150886e+00 3.240467492681148975e+00
-4.610476405678802791e+00 1.463855780265725492e+00 3.189819321642964223e+00
1.552059683855975925e+00 1.589356909540771134e+00 3.132137332339076430e+00
1.439708772525718494e+00 1.693091777657676156e+00 3.072030089996184987e+00
1.340583122651359149e+00 1.773709461253429875e+00 3.014716082266484687e+00
1.258934373699452269e+00 1.832557599573949814e+00 2.964970882706395638e+00
-8.066268436268897446e-01 -6.659032879066433264e-01 1.891922471688738672e-01
-9.199981890021338149e-01 -7.962070146304265350e-01 1.886372866803506521e-01
-1.036681833230872485e+00 -9.384700930977706301e-01 1.777931886945315343e-01
-4.297727489826812075e+00 1.088499086565869911e+00 3.297236239009368131e+00
-4.418876424784402346e+00 1.239731543817382597e+00 3.263659082252956090e+00
-4.539755635973486747e+00 1.384180636004133769e+00 3.219811919092649077e+00
-4.657268925325124265e+00 1.514180313479659423e+00 3.168372234935843412e+00
1.515896894387957383e+00 1.624170824594078244e+00 3.113409966753802660e+00
1.417963782502049908e+00 1.711651143651693241e+00 3.059775196448514034e+00
1.336302524252924062e+00 1.776962092853315411e+00 3.012161342863810543e+00
-1.000399594805268633e+00 -8.935610888119056572e-01 1.823064141760993018e-01
-4.318008329911884324e+00 1.114036992275534876e+00 3.292378929355332939e+00
-4.508949704983137075e+00 1.348252649616710430e+00 3.231907981600075086e+00
1.569292586281854751e+00 1.572298894171085148e+00 3.140840255457858721e+00
1.357270186419541780e+00 1.760850125832372326e+00 3.024615126573628743e+00
1.152731940721938964e+00 1.899334567132450635e+00 2.897411531015820607e+00
9.737271386446528787e-01 1.988863469791316785e+00 2.777870737058257600e+00
8.338246880958551932e-01 2.040809985201335941e+00 2.680919234371773374e+00
7.378314396720311308e-01 2.068260547761614720e+00 2.613223715609497066e+00
6.834438728178072742e-01 2.081061511016285337e+00 2.574585101609345728e+00
-1.035691000450933430e+00 -9.372375124624607867e-01 1.779300415472895858e-01
-4.344508824979927297e+00 1.147322156231550316e+00 3.285562457924602775e+00
-4.524574185283293914e+00 1.366560789044133806e+00 3.225848924105162663e+00
1.567408937447282602e+00 1.574177943886643893e+00 3.139896030110646219e+00
1.371746269193643064e+00 1.749461787932375723e+00 3.033123907350797843e+00
1.184059922023526834e+00 1.880748572142280084e+00 2.917642146564411565e+00
1.019175243272514297e+00 1.968706745034089156e+00 2.808779985551680181e+00
8.884728257714985533e-01 2.022270501079526994e+00 2.719074453976033201e+00
7.965677037847928021e-01 2.052220696233748587e+00 2.654735113245868749e+00
7.421951515841117564e-01 2.067149133116029436e+00 2.616316102870827276e+00
-1.048889808299092063e+00 -9.536827783927598334e-01 1.760417255161861039e-01
-4.348444461789956250e+00 1.152253959907337810e+00 3.284505242792590707e+00
-4.517193119286718961e+00 1.357933462964631355e+00 3.228730832350591218e+00
-4.694735905212394478e+00 1.552987854074273200e+00 3.150340650699401834e+00
1.408051700053781996e+00 1.719947904451456289e+00 3.054127149184610701e+00
1.235116147998560843e+00 1.848474478533426835e+00 2.950080517441983297e+00
1.081879014563369212e+00 1.938076440764440411e+00 2.850836505019458400e+00
9.582030214761351194e-01 1.995367137145640291e+00 2.767239252517659676e+00
8.687901863413862724e-01 2.029199541564654208e+00 2.705369571402721718e+00
8.134005363742075057e-01 2.047185958841081455e+00 2.666581004567031510e+00
-1.044307999037920043e+00 -9.479682577313341962e-01 1.767126654672623587e-01
-4.334973678419165921e+00 1.135359966809937005e+00 3.288075960199943193e+00
-4.493027153866416157e+00 1.329422311266044376e+00 3.237919030594861969e+00
-4.658062049055566867e+00 1.515016628910440977e+00 3.167998033163123672e+00
1.458186264469882865e+00 1.676931337269314648e+00 3.082293772626540473e+00
1.297840762142857596e+00 1.805351923411151693e+00 2.988936102498889191e+00
1.154272742815692698e+00 1.898442242364356991e+00 2.898411911072681146e+00
1.036192124600137765e+00 1.960723391292612749e+00 2.820264395228835763e+00
9.484164512160504490e-01 1.999368742384391995e+00 2.760519339324893462e+00
8.915908028266233964e-01 2.021145880179622267e+00 2.721241567057405053e+00
-1.025939469995939879e+00 -9.251234563284271850e-01 1.792372009078592177e-01
-4.308624314315465220e+00 1.102225009847406012e+00 3.294665446445260049e+00
-4.457191667650555189e+00 1.286456913243051003e+00 3.250829576198223325e+00
-4.611356868005723086e+00 1.464821383513532194e+00 3.189427069806834325e+00
1.516352280261129559e+00 1.623740030262836198e+00 3.113649823452413479e+00
1.366575408241734291e+00 1.753554831840423267e+00 3.030093044692437232e+00
1.231063533435811763e+00 1.851127640705859445e+00 2.947531237094833667e+00
1.117583264248993791e+00 1.919114774134740742e+00 2.874442047707790326e+00
1.031004137690708200e+00 1.963183889340551991e+00 2.816768110352455778e+00
9.726853371450714381e-01 1.989305316689069736e+00 2.777158679463580970e+00
-9.970186235544251652e-01 -8.894023213812923823e-01 1.826743261294702381e-01
-4.272901039434175097e+00 1.057205585095829292e+00 3.302753441543997415e+00
-4.413443225434789952e+00 1.233048726251785077e+00 3.265394967547359251e+00
-4.558515524601890689e+00 1.405712734051914437e+00 3.212151959102843790e+00
-4.704496279564057915e+00 1.562872709147085093e+00 3.145523256294786130e+00
1.437631977145411799e+00 1.694884795524753907e+00 3.070868080713773818e+00
1.308787005480038568e+00 1.797424863249070581e+00 2.995594625339107697e+00
1.199123348110930243e+00 1.871485483913129411e+00 2.927283285694000536e+00
1.113483361224402168e+00 1.921349936853032014e+00 2.871744965681021888e+00
1.053769564612385912e+00 1.952220199924993072e+00 2.832073218473097231e+00
-9.599197878315505195e-01 -8.441198325682626180e-01 1.861227996407397167e-01
-1.088686854868595733e+00 -1.003538488765390868e+00 1.695192243769352847e-01
-4.364309701202977898e+00 1.172097483363129911e+00 3.280126107171915883e+00
-4.502033391628822656e+00 1.340093702165056744e+00 3.234539381247773626e+00
-4.640365617498703799e+00 1.496233533348625633e+00 3.176260662370689047e+00
1.508796772204372694e+00 1.630847983976256410e+00 3.109661551537854063e+00
1.385360246070097334e+00 1.738555319249960540e+00 3.041056874351736550e+00
1.278802714854613498e+00 1.818852662311801760e+00 2.977266336201255914e+00
1.193881086047104079e+00 1.874734055613808570e+00 2.923934361311182784e+00
1.132900688300592984e+00 1.910632478950092361e+00 2.884486139160332474e+00
-9.162421197418951779e-01 -7.917474770457246791e-01 1.888105764493276939e-01
-1.040764395831682787e+00 -9.435526294314348084e-01 1.772203570787475868e-01
-4.311350081576361681e+00 1.105656830198523899e+00 3.294008189506631101e+00
-4.443369625502890052e+00 1.269686583830312854e+00 3.255575729849493616e+00
-4.575751757645915241e+00 1.425250532709045448e+00 3.204922994602528163e+00
-4.704286985614597683e+00 1.562661608830364646e+00 3.145627190817341212e+00
1.459685527254098059e+00 1.675604945010415348e+00 3.083120284984085746e+00
1.355526276757791804e+00 1.762207426223602491e+00 3.023585042955798219e+00
1.271060571231434455e+00 1.824239411615292239e+00 2.972489041362627482e+00
1.208882854149779584e+00 1.865368775601154105e+00 2.933498799586863104e+00
-8.669347966905464054e-01 -7.340692866084626012e-01 1.900896309707304221e-01
-9.884524538241716840e-01 -8.788889382573658038e-01 1.835661525196179977e-01
-1.113807640201065485e+00 -1.035150300247089650e+00 1.647639334961116531e-01
-4.383245551538942131e+00 1.195687935283191949e+00 3.274656513490770138e+00
-4.511238984817685704e+00 1.350945781566376791e+00 3.231030034369471338e+00
-4.635722426404332630e+00 1.491257926196995376e+00 3.178399859337807776e+00
1.531337573984436817e+00 1.609469482187678491e+00 3.121481732321029767e+00
1.428837762499315600e+00 1.702431214927175196e+00 3.065927180681268460e+00
1.344485128508235094e+00 1.770728376460105391e+00 3.017039294237286118e+00
1.281092153866242533e+00 1.817248155381513630e+00 2.978675551865454629e+00
-8.124332091612449513e-01 -6.723441972726379445e-01 1.893934983983038833e-01
-9.321342560859802173e-01 -8.106741749590959945e-01 1.880033131177442085e-01
-1.055174941711554348e+00 -9.615316463971582683e-01 1.750941174389213650e-01
-4.321866922363083674e+00 1.118890148999658107e+00 3.291419378822169062e+00
-4.446925269669009140e+00 1.274009986671874817e+00 3.254367512660600426e+00
-4.568706906464039541e+00 1.417294205905457627e+00 3.207899427574937956e+00
-4.682857566162151208e+00 1.540832044675269019e+00 3.156137167498599183e+00
1.498703559337536628e+00 1.640251434070324033e+00 3.104293321920557513e+00
1.414027185660345687e+00 1.714958045197178871e+00 3.057536734100431364e+00
1.349287445025635135e+00 1.767037465482606429e+00 3.019891630943901895e+00
-1.057559048989554107e+00 -9.645120337924026899e-01 1.747265638990475045e-01
-4.400452199784949059e+00 1.217019559957857044e+00 3.269459841613226114e+00
-4.618712425049944059e+00 1.472858581084033114e+00 3.186133764084237097e+00
1.436340113597184054e+00 1.695998659906590822e+00 3.070144120572483093e+00
1.215886599681030633e+00 1.860922939873054904e+00 2.937943946413331009e+00
1.026299046358909672e+00 1.965394444712228905e+00 2.813593794199294784e+00
8.843876063536311172e-01 2.023732038298740044e+00 2.716233739473909559e+00
7.942381493857426644e-01 2.052901731562356336e+00 2.653093922189075915e+00
7.505003718910602251e-01 2.064998590562486136e+00 2.622198414326497140e+00
7.441489272733581295e-01 2.066647219594244245e+00 2.617700467656699725e+00
-1.079709578029570682e+00 -9.922633653173853485e-01 1.710988900033421078e-01
-4.408139202960896341e+00 1.226512230203135934e+00 3.267069052474197211e+00
-4.607906484710362349e+00 1.461034659587604256e+00 3.190961351307473937e+00
1.469302549980053385e+00 1.667039136776137909e+00 3.088399619125937967e+00
1.271229813054826074e+00 1.824122735812233387e+00 2.972593581671322038e+00
1.099007765993817998e+00 1.929120197242158330e+00 2.862194070748592445e+00
9.663654942238772971e-01 1.991971363744405199e+00 2.772833700647318267e+00
8.779082293717336283e-01 2.026025584318147832e+00 2.711723744882993170e+00
8.305574850822914357e-01 2.041850066261409857e+00 2.678628179370416973e+00
8.174969702564569562e-01 2.045930423869158687e+00 2.669460136794516547e+00
-1.081952298785505695e+00 -9.950780406198871386e-01 1.707105252416425967e-01
-4.396720062780441474e+00 1.212402491372342350e+00 3.270605086720216548e+00
-4.579731406986370601e+00 1.429727140577206734e+00 3.203228197066546823e+00
1.516529751401576531e+00 1.623573187661304207e+00 3.113742838568369642e+00
1.336911677967058676e+00 1.776500183785237885e+00 3.012525437126941430e+00
1.178703160963625374e+00 1.883991138239588192e+00 2.914199910709738717e+00
1.053410701245377501e+00 1.952397919121837688e+00 2.831832217986793410e+00
9.660044138307777306e-01 1.992122424235545530e+00 2.772586431466430579e+00
9.151747502833834647e-01 2.012407499795996202e+00 2.737593402171110579e+00
8.959289076205728675e-01 2.019570681795046951e+00 2.724254129714214656e+00
-1.069413148620800946e+00 -9.793495222002746026e-01 1.728331343726139946e-01
-4.372150967408257927e+00 1.181879688714517762e+00 3.277893093920774437e+00
-4.540858450655604450e+00 1.385454188328419711e+00 3.219367745193530972e+00
-4.712044320898132632e+00 1.570451592540297758e+00 3.141765063363606281e+00
1.406458893161544488e+00 1.721270980823945695e+00 3.053216200895780830e+00
1.259578997274485967e+00 1.832118753690126667e+00 2.965371748032276766e+00
1.140310980735878887e+00 1.906453053750313043e+00 2.889326257976211121e+00
1.053772408311417497e+00 1.952219565650572308e+00 2.832074980836702505e+00
9.999451174016521504e-01 1.977440991787948965e+00 2.795742270687872733e+00
9.753129039400998401e-01 1.988187788312866466e+00 2.778954832682324572e+00
-1.046045301406221428e+00 -9.501342913677665036e-01 1.764602114771765540e-01
-4.338685675905090022e+00 1.140018960672326553e+00 3.287105547647209303e+00
-4.495648675983129117e+00 1.332534024832689346e+00 3.236940825050234505e+00
-4.654175182061370819e+00 1.510916486371066458e+00 3.169827513729514212e+00
1.476230715774970115e+00 1.660807053264996780e+00 3.092178896282963052e+00
1.338446698086840358e+00 1.775335411220404946e+00 3.013441741325053602e+00
1.224138475753698829e+00 1.855624466931063088e+00 2.943164356496851042e+00
1.138397771991535690e+00 1.907536591909812840e+00 2.888077906495430280e+00
1.082122762512290670e+00 1.937950711160542960e+00 2.850998578194848143e+00
1.052951836356052828e+00 1.952622723727421850e+00 2.831524709815595564e+00
-1.014624692049648225e+00 -9.111096672842364796e-01 1.806601074797451190e-01
-4.299116014533465702e+00 1.090247200908845748e+00 3.296913950435784724e+00
-4.446733383245679683e+00 1.273777684280679168e+00 3.254432787537083094e+00
-4.595310989807289914e+00 1.447123281566829567e+00 3.196502972040609070e+00
1.544412253267186674e+00 1.596830174420846404e+00 3.128228860578566639e+00
1.413805116390171257e+00 1.715144545468695325e+00 3.057410137694016594e+00
1.303490360237165246e+00 1.801276074370565139e+00 2.992377352440009464e+00
1.218437565138256184e+00 1.859292034675964711e+00 2.939559719944148330e+00
1.160168987931753160e+00 1.895004934283535336e+00 2.902235381004313552e+00
1.127221856077152307e+00 1.913801224046840499e+00 2.880768461297392946e+00
-9.769534588401219688e-01 -8.648284546079106905e-01 1.846730301491579518e-01
-1.113534436471742772e+00 -1.034806591871100689e+00 1.648180874841460586e-01
-4.395556813322527567e+00 1.210962371079034927e+00 3.270960085767604664e+00
-4.536533176708103632e+00 1.380455370655952141e+00 3.221105599483457205e+00
-4.672892778269957859e+00 1.530528584452020224e+00 3.160943062042722573e+00
1.485173147204608357e+00 1.652690800216885414e+00 3.097025906717294053e+00
1.377914865163297531e+00 1.744543836901036427e+00 3.036726708709754252e+00
1.293333047880653064e+00 1.808581719307698066e+00 2.986182846386320922e+00
1.233376088283194782e+00 1.849615765464807104e+00 2.948986471392571751e+00
1.197266955743935934e+00 1.872638520847996313e+00 2.926098220221881707e+00
-9.340822908377361955e-01 -8.130049556058884797e-01 1.878908632091987052e-01
-1.066030429189739559e+00 -9.751120169378141300e-01 1.733848780708862614e-01
-4.342781898575182709e+00 1.145157159682216985e+00 3.286022662107867642e+00
-4.478196819600896994e+00 1.311735260726834440e+00 3.243366974358006249e+00
-4.609377968031945549e+00 1.462650588099294158e+00 3.190307936131097755e+00
1.552652052154741114e+00 1.588774541015824271e+00 3.132439042039489863e+00
1.447521729952078173e+00 1.686301844827849505e+00 3.076387110917333967e+00
1.363074300032591557e+00 1.756309779342126953e+00 3.028035639037394144e+00
1.301564832247378511e+00 1.802668606669677542e+00 2.991205689791835542e+00
1.262738415718637874e+00 1.829963241264833229e+00 2.967334181118452374e+00
-8.864922182279718621e-01 -7.567497772561208036e-01 1.898024971710150222e-01
-1.015352490727587043e+00 -9.120092041340425171e-01 1.805717084234428060e-01
-4.288553700912589584e+00 1.076936863353675333e+00 3.299330166786328622e+00
-4.420210353966791850e+00 1.241370369527978079e+00 3.263229782088789221e+00
-4.547925157977940280e+00 1.393591205971695279e+00 3.216503109947415506e+00
-4.666517660564466929e+00 1.523886992368195026e+00 3.163990046089994124e+00
1.512722162508701951e+00 1.627163156396036703e+00 3.111736698787895605e+00
1.427962627971931076e+00 1.703177996078974354e+00 3.065433721709094339e+00
1.364874198473262856e+00 1.754895344521600009e+00 3.029093748316603829e+00
1.323613409070644176e+00 1.786494718291388173e+00 3.004552180817743778e+00
-8.342269213088311375e-01 -6.967561872518041044e-01 1.899328425110755059e-01
-9.614329914172340397e-01 -8.459532830371703227e-01 1.860030148484351220e-01
-1.091069416990615659e+00 -1.006532352327998980e+00 1.690895205905888765e-01
-4.362201617417476029e+00 1.169464793840034655e+00 3.280718661578849282e+00
-4.488018359491309006e+00 1.323464216175271435e+00 3.239775401681107780e+00
-4.605381327946065362e+00 1.458256390735370500e+00 3.192079767498817944e+00
-4.709108275352557271e+00 1.567510322040936321e+00 3.143230279202989585e+00
1.488451713123909226e+00 1.649693549552051497e+00 3.098794424569317751e+00
1.423610055827905230e+00 1.706879089484738321e+00 3.062975252506781043e+00
1.380043174496142333e+00 1.742837995276225405e+00 3.037966521030163403e+00
-4.284744578237256185e+00 1.072135533590744316e+00 3.300180613173099964e+00
-4.511933761405972909e+00 1.351762120770706899e+00 3.230762919878820139e+00
1.533899241131882585e+00 1.607006718198793704e+00 3.122810098318738348e+00
1.306617927603659135e+00 1.799005124544371448e+00 2.994278250514853301e+00
1.116553068056974407e+00 1.919678215478608951e+00 2.873764575506882579e+00
9.819292666201490105e-01 1.985348961365814180e+00 2.783473476538932623e+00
9.043964608173784558e-01 2.016453484064127277e+00 2.730128762000537002e+00
8.746408218297779813e-01 2.027169762366716199e+00 2.709447935845056943e+00
8.802449532413242350e-01 2.025201899048733711e+00 2.713350863599273577e+00
9.098829451954965064e-01 2.014405218948120968e+00 2.733930225177423345e+00
-4.288582161358982958e+00 1.076973121506868747e+00 3.299323745477216185e+00
-4.492858841046898810e+00 1.329222180070513071e+00 3.237981743708438831e+00
-4.702800813389847789e+00 1.561162193372363616e+00 3.146363678965642841e+00
1.380175374883569894e+00 1.742731868560752684e+00 3.038043537226033486e+00
1.209475999757795517e+00 1.864994125971391359e+00 2.933875706994943933e+00
1.082739965400950410e+00 1.937632147935560933e+00 2.851408927933531512e+00
1.003258891664050356e+00 1.975957579714116008e+00 2.797993184247636655e+00
9.655039880844614730e-01 1.992331859063544375e+00 2.772243873560386707e+00
9.603018408025142394e-01 1.994499056994439190e+00 2.768678641952618591e+00
9.784124278097334759e-01 1.986863108255869870e+00 2.781072231736746225e+00
-4.277006244013302982e+00 1.062380377724628788e+00 3.301874013160148280e+00
-4.462254162730359575e+00 1.292572796397054580e+00 3.249058503333197567e+00
-4.650530870096158509e+00 1.507058708121952417e+00 3.171535417880420482e+00
1.453236672890602987e+00 1.681295653649868660e+00 3.079558222305166293e+00
1.297595242796127479e+00 1.805528291506570460e+00 2.988786291790648253e+00
1.177475557603189227e+00 1.884731004378485730e+00 2.913409898814890653e+00
1.096961692984514070e+00 1.930203749197180407e+00 2.860840463183568882e+00
1.053085789482436363e+00 1.952556835256219925e+00 2.831614585219821123e+00
1.039159659227276267e+00 1.959305912457286913e+00 2.822262038600698908e+00
1.047692418197296860e+00 1.955190567398222390e+00 2.827996573556131210e+00
-1.113507143155356482e+00 -1.034771936007144788e+00 1.648236758292830340e-01
-4.425113082391933794e+00 1.247385999505472354e+00 3.261640942008015021e+00
-4.596611041503543049e+00 1.448565760751490794e+00 3.195935226344169600e+00
1.523008599024436194e+00 1.617430303502758182e+00 3.117141311573316642e+00
1.379039922297793597e+00 1.743641475404933416e+00 3.037382622237128516e+00
1.264434737940908215e+00 1.828802129180256975e+00 2.968386570969178795e+00
1.183561760845461386e+00 1.881051766495249300e+00 2.917322251399014910e+00
1.135139215925759171e+00 1.909375822410237511e+00 2.885949380405622655e+00
1.114338618874603171e+00 1.920884600410211807e+00 2.872307974465567959e+00
1.115088887835089082e+00 1.920476440186073663e+00 2.872801675973544189e+00
-1.084499761923503280e+00 -9.982778579188560375e-01 1.702638547685269010e-01
-4.384222094033045636e+00 1.196901240013910739e+00 3.274367384066361186e+00
-4.542924266752000229e+00 1.387836861688336976e+00 3.218533518337241439e+00
-4.694510998060331453e+00 1.552758930266432857e+00 3.150451072526025520e+00
1.453650143678098861e+00 1.680931711327459110e+00 3.079787162994359839e+00
1.343496678094746155e+00 1.771484419391760934e+00 3.016451338699035478e+00
1.262608791711077316e+00 1.830052213065350708e+00 2.967253627620514589e+00
1.210807669118888485e+00 1.864151664550231402e+00 2.934721678548830148e+00
1.184630209176037896e+00 1.880402323622116789e+00 2.918008037982668945e+00
1.179128434330114716e+00 1.883735279529533679e+00 2.914473288555914809e+00
-1.050314515955822481e+00 -9.554611118559132033e-01 1.758298228004665509e-01
-4.341005207367227392e+00 1.142928483433041098e+00 3.286494029053939059e+00
-4.490134690584500099e+00 1.325983613726545052e+00 3.238993048634855931e+00
-4.632821635753465728e+00 1.488138458748982984e+00 3.179730247334588977e+00
1.522027271857786745e+00 1.618363243299824727e+00 3.116627902811008877e+00
1.415281728669677497e+00 1.713906216920759507e+00 3.058250694779961698e+00
1.334438301561066575e+00 1.778373001659903530e+00 3.011046767055188145e+00
1.280040985487641336e+00 1.817985494266100011e+00 2.978028728382752899e+00
1.249618040176487366e+00 1.838848682118086497e+00 2.959166042920822637e+00
1.239100805973940123e+00 1.845850404205979345e+00 2.952582811445669364e+00
-1.011977562387649687e+00 -9.078375618516054679e-01 1.809785558301770514e-01
-4.296060787356520194e+00 1.086398447470548367e+00 3.297621584742897571e+00
-4.438260581338720812e+00 1.263462504000083975e+00 3.257296588449121177e+00
-4.574557113572107703e+00 1.423903964572111436e+00 3.205429800393649664e+00
-4.698118991651586640e+00 1.556424449045380243e+00 3.148676520488041142e+00
1.480699847661398394e+00 1.656760418134820112e+00 3.094605786131724212e+00
1.399735351560540852e+00 1.726829877291895077e+00 3.049359362896077563e+00
1.343197680969121288e+00 1.771713489733917291e+00 3.016273317031229695e+00
1.309344573148643276e+00 1.797017696819286137e+00 2.995932842728181278e+00
1.294772352431390328e+00 1.807552423864959623e+00 2.987062812167937231e+00
-9.699122140821190285e-01 -8.562502748199569691e-01 1.852997342169000194e-01
-1.107883861495557065e+00 -1.027689815725828071e+00 1.659294381191186440e-01
-4.386974577177798373e+00 1.200320288106729416e+00 3.273548484362984290e+00
-4.518992336534403798e+00 1.360039796402997991e+00 3.228031559104318493e+00
-4.639455736653865792e+00 1.495260597169589145e+00 3.176680685298680640e+00
1.540725612972842162e+00 1.600411635116303355e+00 3.126334652633920186e+00
1.459299805029397712e+00 1.675946497948622937e+00 3.082907650994948678e+00
1.400823036783454656e+00 1.725933584671867527e+00 3.049984521376694069e+00
1.364083178154834597e+00 1.755517931264194642e+00 3.028628689595918022e+00
1.346182478561235074e+00 1.769426495112158770e+00 3.018048289914880833e+00
-9.241054395405788879e-01 -8.010932314309688884e-01 1.884353593151747719e-01
-1.059410426860573740e+00 -9.668267067448397256e-01 1.744382960959852402e-01
-4.335744510114616368e+00 1.136327945556356411e+00 3.287875198902852070e+00
-4.465336821026613556e+00 1.296289254019191262e+00 3.247971475360510230e+00
-4.584227128450106825e+00 1.434767977264669314e+00 3.201302445277855568e+00
-4.686890502315694818e+00 1.544975364596078871e+00 3.154177196048912446e+00
1.513933268799515730e+00 1.626022794814096173e+00 3.112375605633546094e+00
1.453510312141411909e+00 1.681054708612026660e+00 3.079709696349315795e+00
1.414213511294214909e+00 1.714801760629692806e+00 3.057642811820267426e+00
1.393517106951589035e+00 1.731927854095839381e+00 3.045777568338448482e+00
-8.742001724005455943e-01 -7.424636281386314263e-01 1.900162203694218677e-01
-1.008538435646324727e+00 -9.035909169522614581e-01 1.813839485478739855e-01
-4.283892166530589130e+00 1.071061539217829983e+00 3.300369321827192337e+00
-4.412763505042347489e+00 1.232211491791455726e+00 3.265610664301429100e+00
-4.531534920174466130e+00 1.374661052319029242e+00 3.223099015037580450e+00
-4.634911876976566703e+00 1.490386981528236898e+00 3.178772065396518798e+00
1.564379539602398062e+00 1.577192653554340351e+00 3.138373945048939628e+00
1.501836112414012048e+00 1.637344747752474960e+00 3.105964237184386079e+00
1.460137133814610966e+00 1.675204646047016910e+00 3.083369021415320432e+00
1.437022296711166769e+00 1.695410629920904411e+00 3.070526507425600293e+00
