1.486904025077819824e+01
2.035812973976135254e+01
1.321564030647277832e+01
1.669743061065673828e+01
1.685441827774047852e+01
2.454554581642150879e+01
1.679651522636413574e+01
2.670077776908874512e+01
2.421379327774047852e+01
1.537774753570556641e+01
1.435364866256713867e+01
1.738295030593872070e+01
1.499441409111022949e+01
3.054747772216796875e+01
2.203554010391235352e+01
2.620775723457336426e+01
2.472916507720947266e+01
1.730425572395324707e+01
1.793692255020141602e+01
1.343617248535156250e+01
2.095010519027709961e+01
1.610600924491882324e+01
3.803982448577880859e+01
2.553571963310241699e+01
2.005179548263549805e+01
2.314465308189392090e+01
1.688226127624511719e+01
1.816019201278686523e+01
1.714839458465576172e+01
2.017242431640625000e+01
2.222554826736450195e+01
1.395543742179870605e+01
2.134585571289062500e+01
2.349796295166015625e+01
2.190771341323852539e+01
3.217480373382568359e+01
1.409930706024169922e+01
1.217908453941345215e+01
1.058233785629272461e+01
1.449324560165405273e+01
1.624821329116821289e+01
1.615046882629394531e+01
1.170125007629394531e+01
2.009554314613342285e+01
1.907374334335327148e+01
2.339062714576721191e+01
1.447099995613098145e+01
1.825083136558532715e+01
1.593774342536926270e+01
1.158573555946350098e+01
2.238116121292114258e+01
1.587287259101867676e+01
2.174572825431823730e+01
2.450156545639038086e+01
2.020493078231811523e+01
2.104324316978454590e+01
2.097358727455139160e+01
1.617997550964355469e+01
1.916594600677490234e+01
2.423660135269165039e+01
2.003253269195556641e+01
1.980542349815368652e+01
1.338576340675354004e+01
2.156948494911193848e+01
2.295332932472229004e+01
2.563336324691772461e+01
2.098927617073059082e+01
1.899201488494873047e+01
1.941297149658203125e+01
1.189161562919616699e+01
1.604147315025329590e+01
2.527812457084655762e+01
2.536163926124572754e+01
1.456866598129272461e+01
2.203726840019226074e+01
2.397260141372680664e+01
2.391916871070861816e+01
2.320879554748535156e+01
2.306643509864807129e+01
2.516991329193115234e+01
1.141204738616943359e+01
2.303642535209655762e+01
1.554620504379272461e+01
1.882515621185302734e+01
1.884258246421813965e+01
3.133625435829162598e+01
2.480623173713684082e+01
2.393216776847839355e+01
2.277082395553588867e+01
2.006396293640136719e+01
1.283825135231018066e+01
3.000703549385070801e+01
1.951124072074890137e+01
2.066809463500976562e+01
1.752441906929016113e+01
2.771190237998962402e+01
1.994833827018737793e+01
2.463332128524780273e+01
2.692675232887268066e+01
2.027125358581542969e+01
1.126666402816772461e+01
1.092979621887207031e+01
2.183677172660827637e+01
1.378991031646728516e+01
1.982827210426330566e+01
1.525059199333190918e+01
2.501719307899475098e+01
1.656252694129943848e+01
1.908719968795776367e+01
2.141039967536926270e+01
1.227465772628784180e+01
2.635522603988647461e+01
2.104502987861633301e+01
1.975617551803588867e+01
1.552194118499755859e+01
2.725205039978027344e+01
3.094114208221435547e+01
2.027787160873413086e+01
2.226856732368469238e+01
1.359557962417602539e+01
1.599944734573364258e+01
1.825107264518737793e+01
1.879173922538757324e+01
3.048276638984680176e+01
2.166939711570739746e+01
3.041534638404846191e+01
2.188628721237182617e+01
1.567409896850585938e+01
1.441814780235290527e+01
1.575977396965026855e+01
2.518395423889160156e+01
1.252593111991882324e+01
1.917236208915710449e+01
1.316351652145385742e+01
3.178323316574096680e+01
2.097473001480102539e+01
2.215481328964233398e+01
1.480449557304382324e+01
1.961214327812194824e+01
2.161604118347167969e+01
1.297573280334472656e+01
1.515180587768554688e+01
1.532924294471740723e+01
2.913406443595886230e+01
2.818276762962341309e+01
2.114435434341430664e+01
1.328654766082763672e+01
1.463598537445068359e+01
2.016540026664733887e+01
1.426678824424743652e+01
2.780011510848999023e+01
2.193468928337097168e+01
1.951745533943176270e+01
1.524119710922241211e+01
2.258355951309204102e+01
2.463324999809265137e+01
1.927722668647766113e+01
1.256343007087707520e+01
2.834780359268188477e+01
1.788526082038879395e+01
1.826386785507202148e+01
1.211546587944030762e+01
1.893033599853515625e+01
2.436960196495056152e+01
2.738652014732360840e+01
2.056841492652893066e+01
1.935433483123779297e+01
2.245476412773132324e+01
1.794169378280639648e+01
1.829510807991027832e+01
1.719411349296569824e+01
1.493772768974304199e+01
2.041132473945617676e+01
2.892687654495239258e+01
2.409830808639526367e+01
2.934235262870788574e+01
1.916646599769592285e+01
3.529034376144409180e+01
1.163193464279174805e+01
1.802460980415344238e+01
2.622925710678100586e+01
1.848341226577758789e+01
2.897748661041259766e+01
1.942320609092712402e+01
1.591594934463500977e+01
2.576375269889831543e+01
2.031260704994201660e+01
1.424900579452514648e+01
1.654466056823730469e+01
1.717142987251281738e+01
1.922754502296447754e+01
1.188076066970825195e+01
2.018516111373901367e+01
2.289748096466064453e+01
1.363397121429443359e+01
1.687170839309692383e+01
3.481557321548461914e+01
1.727564764022827148e+01
1.755308771133422852e+01
1.822553944587707520e+01
1.657767486572265625e+01
3.940071582794189453e+01
2.884693455696105957e+01
1.608585000038146973e+01
1.765916872024536133e+01
2.890305352210998535e+01
1.925840234756469727e+01
1.489709305763244629e+01
2.392176723480224609e+01
1.226716518402099609e+01
1.756731343269348145e+01
2.164034771919250488e+01
1.521215867996215820e+01
1.624487447738647461e+01
1.763141584396362305e+01
3.512055754661560059e+01
2.702858972549438477e+01
1.564900875091552734e+01
2.289352488517761230e+01
1.455331277847290039e+01
1.830820488929748535e+01
2.045155882835388184e+01
2.103726553916931152e+01
1.890730309486389160e+01
2.628831291198730469e+01
1.813220810890197754e+01
1.764065146446228027e+01
1.826875782012939453e+01
1.585725212097167969e+01
1.235804510116577148e+01
2.569375586509704590e+01
1.844301772117614746e+01
2.723807215690612793e+01
1.258060145378112793e+01
2.316524195671081543e+01
1.745406341552734375e+01
1.513866853713989258e+01
1.477469253540039062e+01
1.694356703758239746e+01
1.879527211189270020e+01
1.923834371566772461e+01
1.292213082313537598e+01
1.766817831993103027e+01
1.949122667312622070e+01
2.387338185310363770e+01
2.187529397010803223e+01
1.651286625862121582e+01
2.292335557937622070e+01
1.448070311546325684e+01
2.440390753746032715e+01
1.840473747253417969e+01
1.984023261070251465e+01
1.685832977294921875e+01
1.857379150390625000e+01
2.174304962158203125e+01
1.725300407409667969e+01
1.895353841781616211e+01
1.935622787475585938e+01
1.830821967124938965e+01
2.093467092514038086e+01
1.347913980484008789e+01
1.370993137359619141e+01
2.294843316078186035e+01
1.836713504791259766e+01
1.831134772300720215e+01
2.548626637458801270e+01
2.167023968696594238e+01
2.172183609008789062e+01
1.726306653022766113e+01
2.010425662994384766e+01
2.341274857521057129e+01
1.556035876274108887e+01
1.535398340225219727e+01
1.681832766532897949e+01
1.477643394470214844e+01
3.357009410858154297e+01
2.462179923057556152e+01
1.997413849830627441e+01
1.740600538253784180e+01
3.140330219268798828e+01
2.000380015373229980e+01
1.408602929115295410e+01
1.453226494789123535e+01
2.036209177970886230e+01
2.136540484428405762e+01
2.742717957496643066e+01
2.557578372955322266e+01
2.977620363235473633e+01
1.255714893341064453e+01
1.468428802490234375e+01
1.702269625663757324e+01
2.114881038665771484e+01
2.467335963249206543e+01
2.627650117874145508e+01
1.568069601058959961e+01
2.359604215621948242e+01
2.073894357681274414e+01
2.464704775810241699e+01
1.569960331916809082e+01
1.303130006790161133e+01
2.202171707153320312e+01
1.227945899963378906e+01
2.403820610046386719e+01
1.895710778236389160e+01
2.052635526657104492e+01
2.716401243209838867e+01
1.988583803176879883e+01
1.739280652999877930e+01
1.551920676231384277e+01
2.777615308761596680e+01
1.646161985397338867e+01
3.118827509880065918e+01
1.777931189537048340e+01
1.561800956726074219e+01
2.178239226341247559e+01
2.301514959335327148e+01
1.767812991142272949e+01
1.242314243316650391e+01
1.602611684799194336e+01
1.613074445724487305e+01
1.689220786094665527e+01
2.004983615875244141e+01
1.488555216789245605e+01
2.084666514396667480e+01
2.220067071914672852e+01
2.556915354728698730e+01
3.102389907836914062e+01
1.755936002731323242e+01
1.581799793243408203e+01
1.951197814941406250e+01
2.424713873863220215e+01
2.389708375930786133e+01
1.401060819625854492e+01
1.520196127891540527e+01
2.774544906616210938e+01
2.196549677848815918e+01
1.830325603485107422e+01
1.708105468750000000e+01
1.885846090316772461e+01
1.322622370719909668e+01
2.157333874702453613e+01
1.918331861495971680e+01
1.351140904426574707e+01
2.554023861885070801e+01
2.770024585723876953e+01
2.368462634086608887e+01
1.968472528457641602e+01
1.896042752265930176e+01
1.378918027877807617e+01
1.928380513191223145e+01
1.196857070922851562e+01
1.570426964759826660e+01
1.547110986709594727e+01
1.439072847366333008e+01
2.148668575286865234e+01
1.697344541549682617e+01
1.523699831962585449e+01
2.289433932304382324e+01
2.396017813682556152e+01
2.058299922943115234e+01
1.374061083793640137e+01
1.684924316406250000e+01
1.854219198226928711e+01
2.686365437507629395e+01
2.168494296073913574e+01
3.560722589492797852e+01
1.460885643959045410e+01
2.226828527450561523e+01
2.476754450798034668e+01
2.186549639701843262e+01
1.646305251121520996e+01
1.356599307060241699e+01
1.695533323287963867e+01
1.909340333938598633e+01
1.519163179397583008e+01
2.162361621856689453e+01
2.596332311630249023e+01
1.701626396179199219e+01
2.327352333068847656e+01
2.563734078407287598e+01
2.449992895126342773e+01
1.570865893363952637e+01
2.022123217582702637e+01
2.784356427192687988e+01
2.105222868919372559e+01
1.986832976341247559e+01
2.540650391578674316e+01
1.876779389381408691e+01
1.441478109359741211e+01
1.541015601158142090e+01
1.231135058403015137e+01
1.703683638572692871e+01
1.675462603569030762e+01
1.347724699974060059e+01
2.513480544090270996e+01
1.614541912078857422e+01
2.703234553337097168e+01
2.261589789390563965e+01
1.343963575363159180e+01
2.089105653762817383e+01
1.649630713462829590e+01
1.341744351387023926e+01
2.413217401504516602e+01
2.071437048912048340e+01
1.908841872215270996e+01
2.142463159561157227e+01
1.384371900558471680e+01
1.404472470283508301e+01
1.770149874687194824e+01
2.091903114318847656e+01
1.703863382339477539e+01
2.213786458969116211e+01
1.954633545875549316e+01
2.441952538490295410e+01
2.333737826347351074e+01
1.704657697677612305e+01
1.628821873664855957e+01
2.406742143630981445e+01
1.926366901397705078e+01
2.475301647186279297e+01
1.631945800781250000e+01
1.310461759567260742e+01
2.642642283439636230e+01
1.602997589111328125e+01
2.975250983238220215e+01
2.111590290069580078e+01
2.291299533843994141e+01
1.757351589202880859e+01
2.071146655082702637e+01
1.807439422607421875e+01
2.563962101936340332e+01
1.383872246742248535e+01
1.672397041320800781e+01
1.692195892333984375e+01
3.723661541938781738e+01
1.852780151367187500e+01
2.310738158226013184e+01
1.864676952362060547e+01
1.273681473731994629e+01
2.077756404876708984e+01
2.461476969718933105e+01
1.362335968017578125e+01
1.651325273513793945e+01
1.641180920600891113e+01
3.204765248298645020e+01
1.942701482772827148e+01
1.936094284057617188e+01
2.729753303527832031e+01
1.423824548721313477e+01
1.706101679801940918e+01
1.396509099006652832e+01
1.911541938781738281e+01
2.130136728286743164e+01
1.512874889373779297e+01
2.814425182342529297e+01
1.846098041534423828e+01
2.126887679100036621e+01
2.159650444984436035e+01
1.410107922554016113e+01
1.850855088233947754e+01
1.894392085075378418e+01
2.257810378074645996e+01
2.052495193481445312e+01
1.163557910919189453e+01
1.814109873771667480e+01
3.621521759033203125e+01
2.074520444869995117e+01
2.076240730285644531e+01
2.055781745910644531e+01
1.676169371604919434e+01
3.718512010574340820e+01
1.913250756263732910e+01
2.586544847488403320e+01
1.756918478012084961e+01
1.810777759552001953e+01
2.528034710884094238e+01
2.458301138877868652e+01
1.557938003540039062e+01
2.031755518913269043e+01
1.573034763336181641e+01
1.165656352043151855e+01
2.344847416877746582e+01
1.558717441558837891e+01
1.802145195007324219e+01
2.357663321495056152e+01
2.512578654289245605e+01
2.930058360099792480e+01
2.017404675483703613e+01
2.030270719528198242e+01
1.577731251716613770e+01
1.312802195549011230e+01
1.310852932929992676e+01
1.344861483573913574e+01
2.297836947441101074e+01
1.624554729461669922e+01
1.390136241912841797e+01
1.852657771110534668e+01
2.502200913429260254e+01
2.903731036186218262e+01
1.923841667175292969e+01
1.645396971702575684e+01
1.923632240295410156e+01
2.637966036796569824e+01
2.430224347114562988e+01
3.668631124496459961e+01
1.399538135528564453e+01
1.902739787101745605e+01
2.128526639938354492e+01
1.933267545700073242e+01
1.422882366180419922e+01
1.474296355247497559e+01
1.802381920814514160e+01
2.097518157958984375e+01
2.028851962089538574e+01
3.282089114189147949e+01
1.742536330223083496e+01
1.120792913436889648e+01
1.405865526199340820e+01
1.498335194587707520e+01
1.265937972068786621e+01
2.407630944252014160e+01
3.365847992897033691e+01
1.368156909942626953e+01
2.234577608108520508e+01
2.822360277175903320e+01
2.180388069152832031e+01
1.859397411346435547e+01
1.652633047103881836e+01
2.481179976463317871e+01
2.192702245712280273e+01
1.723184323310852051e+01
2.088364243507385254e+01
2.263504743576049805e+01
1.894846296310424805e+01
3.556288456916809082e+01
1.661286091804504395e+01
1.654003548622131348e+01
2.098090505599975586e+01
2.899402165412902832e+01
1.476857328414916992e+01
1.449910640716552734e+01
1.261728429794311523e+01
1.491581964492797852e+01
1.758235788345336914e+01
3.404842495918273926e+01
1.657098984718322754e+01
1.587413311004638672e+01
1.727586197853088379e+01
2.169500374794006348e+01
1.462148141860961914e+01
1.712152695655822754e+01
2.661511325836181641e+01
1.570454692840576172e+01
1.991982197761535645e+01
1.963398170471191406e+01
2.140467858314514160e+01
1.966964793205261230e+01
1.210825777053833008e+01
1.558036756515502930e+01
1.392626881599426270e+01
1.752119183540344238e+01
1.216617441177368164e+01
1.927693390846252441e+01
1.448913836479187012e+01
1.939899420738220215e+01
2.858411765098571777e+01
2.548643159866333008e+01
1.500849509239196777e+01
1.387712502479553223e+01
1.298821115493774414e+01
2.165204572677612305e+01
1.405921459197998047e+01
1.690819692611694336e+01
1.650990247726440430e+01
2.206781291961669922e+01
2.824605035781860352e+01
1.881164145469665527e+01
1.437431955337524414e+01
2.868813705444335938e+01
1.334765601158142090e+01
2.422765278816223145e+01
1.799645447731018066e+01
1.556396865844726562e+01
1.759680557250976562e+01
1.580235433578491211e+01
2.275687432289123535e+01
2.992037081718444824e+01
2.208624362945556641e+01
1.352214598655700684e+01
2.562466216087341309e+01
2.247015571594238281e+01
1.499422430992126465e+01
3.406629276275634766e+01
1.541563177108764648e+01
2.450310182571411133e+01
1.417589807510375977e+01
1.893909382820129395e+01
2.642099189758300781e+01
1.622264671325683594e+01
1.251201033592224121e+01
1.501548552513122559e+01
2.141218686103820801e+01
2.098507428169250488e+01
1.739526653289794922e+01
1.869886851310729980e+01
1.751937603950500488e+01
1.178250479698181152e+01
2.313389301300048828e+01
2.272520017623901367e+01
2.052638387680053711e+01
1.327766346931457520e+01
1.755081820487976074e+01
1.935307097434997559e+01
2.594776463508605957e+01
2.676917862892150879e+01
1.613857674598693848e+01
1.403756904602050781e+01
2.047729492187500000e+01
1.430353069305419922e+01
1.435754537582397461e+01
2.252281022071838379e+01
2.221293449401855469e+01
2.805226087570190430e+01
2.446838521957397461e+01
2.807561421394348145e+01
2.336501765251159668e+01
1.695274639129638672e+01
1.510968375205993652e+01
1.621720075607299805e+01
1.925959491729736328e+01
1.654739308357238770e+01
2.519314837455749512e+01
1.517873072624206543e+01
2.110390019416809082e+01
2.352360010147094727e+01
2.149201846122741699e+01
1.220218873023986816e+01
1.081264734268188477e+01
3.037627220153808594e+01
1.662096881866455078e+01
2.211193203926086426e+01
2.182543540000915527e+01
2.023485255241394043e+01
2.072277235984802246e+01
2.458814907073974609e+01
2.713779234886169434e+01
1.394580721855163574e+01
1.805337500572204590e+01
1.931357622146606445e+01
2.011488842964172363e+01
1.845499825477600098e+01
2.350565266609191895e+01
2.470620322227478027e+01
1.566785025596618652e+01
2.143856215476989746e+01
1.501073861122131348e+01
1.585803580284118652e+01
2.346990537643432617e+01
1.719061732292175293e+01
1.802085542678833008e+01
1.816148710250854492e+01
1.872852110862731934e+01
1.844605326652526855e+01
2.139940738677978516e+01
2.635251593589782715e+01
2.431831502914428711e+01
2.382206439971923828e+01
1.495116257667541504e+01
1.155222845077514648e+01
1.723100757598876953e+01
1.379023218154907227e+01
1.373609018325805664e+01
1.774968385696411133e+01
1.677528047561645508e+01
1.539625430107116699e+01
2.642445015907287598e+01
2.919393062591552734e+01
1.739597415924072266e+01
1.396164083480834961e+01
1.849678826332092285e+01
2.245572662353515625e+01
1.514683103561401367e+01
2.254413414001464844e+01
1.504435777664184570e+01
1.848414802551269531e+01
2.098933458328247070e+01
3.516878652572631836e+01
1.556677889823913574e+01
1.777213215827941895e+01
2.388191676139831543e+01
1.988351440429687500e+01
2.676760411262512207e+01
1.441647434234619141e+01
1.615700697898864746e+01
1.557036781311035156e+01
1.518253231048583984e+01
1.898750591278076172e+01
2.902271580696105957e+01
2.295558834075927734e+01
1.502439904212951660e+01
2.198946595191955566e+01
2.133311963081359863e+01
1.864741468429565430e+01
3.537754940986633301e+01
1.470324182510375977e+01
1.645035839080810547e+01
1.564284944534301758e+01
1.432574987411499023e+01
1.411428618431091309e+01
1.756160545349121094e+01
2.610923171043395996e+01
2.435029029846191406e+01
1.941637539863586426e+01
4.926870179176330566e+01
1.661864352226257324e+01
1.662108755111694336e+01
1.515624451637268066e+01
2.005049586296081543e+01
1.938183546066284180e+01
1.134143948554992676e+01
1.991289567947387695e+01
2.193918323516845703e+01
2.633005237579345703e+01
2.827716422080993652e+01
1.895257139205932617e+01
1.885362887382507324e+01
1.407624220848083496e+01
1.711467671394348145e+01
1.657825183868408203e+01
2.157052183151245117e+01
3.164877223968505859e+01
1.797861433029174805e+01
2.758793449401855469e+01
2.766387796401977539e+01
1.796000051498413086e+01
1.471836805343627930e+01
1.804890537261962891e+01
1.410749816894531250e+01
1.933030557632446289e+01
1.735127210617065430e+01
2.054006004333496094e+01
2.878956699371337891e+01
1.298297166824340820e+01
2.701971650123596191e+01
2.438136315345764160e+01
1.498644757270812988e+01
1.485818958282470703e+01
2.002023077011108398e+01
1.344722199440002441e+01
1.612206864356994629e+01
1.848571419715881348e+01
1.802410221099853516e+01
2.836617541313171387e+01
1.479565834999084473e+01
3.625214409828186035e+01
2.287264633178710938e+01
2.328487277030944824e+01
2.125327706336975098e+01
1.469568657875061035e+01
1.887249207496643066e+01
1.277024221420288086e+01
2.027065324783325195e+01
1.353924345970153809e+01
1.491157221794128418e+01
2.851917099952697754e+01
2.030176591873168945e+01
1.985156369209289551e+01
1.285246682167053223e+01
1.738395881652832031e+01
1.629856228828430176e+01
1.679290556907653809e+01
1.563217949867248535e+01
1.895088529586791992e+01
1.525901222229003906e+01
1.511327767372131348e+01
3.792187666893005371e+01
1.845689868927001953e+01
1.768077349662780762e+01
1.635868525505065918e+01
1.746243715286254883e+01
1.479783415794372559e+01
1.222952103614807129e+01
1.716110897064208984e+01
1.514065289497375488e+01
2.379890990257263184e+01
2.231916093826293945e+01
1.867432332038879395e+01
1.746058368682861328e+01
2.090951728820800781e+01
1.549401974678039551e+01
1.640895247459411621e+01
1.379129624366760254e+01
1.598675227165222168e+01
1.598106145858764648e+01
1.664952850341796875e+01
1.625525641441345215e+01
2.146874022483825684e+01
1.961063599586486816e+01
1.521366596221923828e+01
1.854613614082336426e+01
1.862639594078063965e+01
2.429213905334472656e+01
2.047055935859680176e+01
1.355243802070617676e+01
1.336854839324951172e+01
1.685805606842041016e+01
1.746518254280090332e+01
1.262856292724609375e+01
1.507129168510437012e+01
1.976652503013610840e+01
1.337651920318603516e+01
1.331616425514221191e+01
2.004931139945983887e+01
2.117137098312377930e+01
1.680000805854797363e+01
1.383436751365661621e+01
1.645056772232055664e+01
2.220727944374084473e+01
1.654116964340209961e+01
1.241532635688781738e+01
1.174476408958435059e+01
1.817650580406188965e+01
2.039047408103942871e+01
2.226019549369812012e+01
1.299925231933593750e+01
2.933346605300903320e+01
1.297598719596862793e+01
2.095538759231567383e+01
1.926475262641906738e+01
1.321907496452331543e+01
1.311431217193603516e+01
1.910895872116088867e+01
1.851404619216918945e+01
6.327434563636779785e+01
2.341789817810058594e+01
1.624528765678405762e+01
1.548166060447692871e+01
1.608188772201538086e+01
1.847736120223999023e+01
1.272545289993286133e+01
1.520209932327270508e+01
1.465536904335021973e+01
1.517056703567504883e+01
2.031951355934143066e+01
1.963741302490234375e+01
1.953984546661376953e+01
1.870156240463256836e+01
1.843033576011657715e+01
1.233583402633666992e+01
1.570929217338562012e+01
1.698205614089965820e+01
1.983509206771850586e+01
2.516946172714233398e+01
3.162116599082946777e+01
2.467424392700195312e+01
2.026967287063598633e+01
2.148921442031860352e+01
2.169544076919555664e+01
1.396978139877319336e+01
1.925457239151000977e+01
1.433940219879150391e+01
1.802435159683227539e+01
1.454562115669250488e+01
1.871604275703430176e+01
1.891441082954406738e+01
1.830919718742370605e+01
2.018217086791992188e+01
1.993026947975158691e+01
1.916596746444702148e+01
1.506282258033752441e+01
1.755055570602416992e+01
1.435410881042480469e+01
1.450838518142700195e+01
1.471014475822448730e+01
2.036449670791625977e+01
2.191971087455749512e+01
1.920254158973693848e+01
1.581990385055541992e+01
2.448879909515380859e+01
1.161990785598754883e+01
2.071169376373291016e+01
1.781569314002990723e+01
1.462895202636718750e+01
2.105442547798156738e+01
2.063372182846069336e+01
2.367954468727111816e+01
2.368961977958679199e+01
1.921006274223327637e+01
3.283274006843566895e+01
1.834497499465942383e+01
1.581323766708374023e+01
9.549705266952514648e+00
1.227966666221618652e+01
1.312188816070556641e+01
2.130658435821533203e+01
2.635488390922546387e+01
3.768667364120483398e+01
1.496895837783813477e+01
2.047873210906982422e+01
2.536590933799743652e+01
2.426925921440124512e+01
1.457451963424682617e+01
2.399097204208374023e+01
1.183424377441406250e+01
1.594791626930236816e+01
1.818395113945007324e+01
1.008413243293762207e+01
2.510471510887145996e+01
2.235137200355529785e+01
1.462780165672302246e+01
1.482634878158569336e+01
1.640018630027770996e+01
3.845981192588806152e+01
2.271980500221252441e+01
1.880182099342346191e+01
2.636963200569152832e+01
2.244675040245056152e+01
2.001724362373352051e+01
3.261272263526916504e+01
3.207328915596008301e+01
2.805189371109008789e+01
2.171888351440429688e+01
3.036379146575927734e+01
3.077138781547546387e+01
2.376819658279418945e+01
1.529070019721984863e+01
2.416954922676086426e+01
4.484889674186706543e+01
2.869114303588867188e+01
2.250820970535278320e+01
3.189609527587890625e+01
3.645247769355773926e+01
2.927733325958251953e+01
2.872608423233032227e+01
2.807891917228698730e+01
2.094441342353820801e+01
4.354394102096557617e+01
2.852042722702026367e+01
2.875549697875976562e+01
3.121445608139038086e+01
2.594114041328430176e+01
2.457077074050903320e+01
1.864459943771362305e+01
2.905526852607727051e+01
1.998112821578979492e+01
2.081518340110778809e+01
1.549389529228210449e+01
1.859641504287719727e+01
1.710744738578796387e+01
2.712077403068542480e+01
1.845541667938232422e+01
2.805553555488586426e+01
2.159612536430358887e+01
3.128647470474243164e+01
2.556359338760375977e+01
2.905624532699584961e+01
3.297234153747558594e+01
1.969661879539489746e+01
2.319657444953918457e+01
2.612948942184448242e+01
2.048530268669128418e+01
2.888892912864685059e+01
1.669119668006896973e+01
3.182058954238891602e+01
4.121041083335876465e+01
2.990903091430664062e+01
2.716224646568298340e+01
3.427604746818542480e+01
1.892541861534118652e+01
2.847233009338378906e+01
2.268087458610534668e+01
2.204757833480834961e+01
2.025663518905639648e+01
2.133310937881469727e+01
2.040856218338012695e+01
3.098230648040771484e+01
2.591565132141113281e+01
3.219787955284118652e+01
2.807826089859008789e+01
3.027829670906066895e+01
1.680359292030334473e+01
1.914684343338012695e+01
1.665682315826416016e+01
1.656180620193481445e+01
2.888400197029113770e+01
3.297710776329040527e+01
4.149207758903503418e+01
3.579613757133483887e+01
2.385495471954345703e+01
2.547824406623840332e+01
1.491210341453552246e+01
2.240967130661010742e+01
1.754816365242004395e+01
4.242129445075988770e+01
1.822571444511413574e+01
2.763358664512634277e+01
4.872562074661254883e+01
2.742028856277465820e+01
2.633216357231140137e+01
2.965017175674438477e+01
