2.373434066772460938e+00
2.265424013137817383e+00
2.264791488647460938e+00
2.410951375961303711e+00
2.366849660873413086e+00
2.255015850067138672e+00
2.371760368347167969e+00
2.365478992462158203e+00
2.393730878829956055e+00
2.359096050262451172e+00
2.277849435806274414e+00
2.473104000091552734e+00
2.320447206497192383e+00
2.533042430877685547e+00
2.472318172454833984e+00
2.397778749465942383e+00
2.458947181701660156e+00
2.446518898010253906e+00
2.314682245254516602e+00
2.426232814788818359e+00
2.491504430770874023e+00
2.411158084869384766e+00
2.280878067016601562e+00
2.375669240951538086e+00
2.519229173660278320e+00
2.306518793106079102e+00
2.477118730545043945e+00
2.317329168319702148e+00
2.366648674011230469e+00
2.404038906097412109e+00
2.438661098480224609e+00
2.428638219833374023e+00
2.548487663269042969e+00
2.459497213363647461e+00
2.416133165359497070e+00
2.410346746444702148e+00
2.521956920623779297e+00
2.396222591400146484e+00
2.367109775543212891e+00
2.355300664901733398e+00
2.481815576553344727e+00
2.341977834701538086e+00
2.459954500198364258e+00
2.414262294769287109e+00
2.573718309402465820e+00
2.407525539398193359e+00
2.463375329971313477e+00
2.284574985504150391e+00
2.480970859527587891e+00
2.456572294235229492e+00
2.392829179763793945e+00
2.362596035003662109e+00
2.515828132629394531e+00
2.526539325714111328e+00
2.271912813186645508e+00
2.320904254913330078e+00
2.517943143844604492e+00
2.597842454910278320e+00
2.654754638671875000e+00
2.497214555740356445e+00
2.534269571304321289e+00
2.528742313385009766e+00
2.461159467697143555e+00
2.593606233596801758e+00
2.564734935760498047e+00
2.413076162338256836e+00
2.621352434158325195e+00
2.510683774948120117e+00
2.382359981536865234e+00
2.531826496124267578e+00
2.705477952957153320e+00
2.517820358276367188e+00
2.667923688888549805e+00
2.481227397918701172e+00
2.550119638442993164e+00
2.618459701538085938e+00
2.410048723220825195e+00
2.484100103378295898e+00
2.605763912200927734e+00
2.375101566314697266e+00
2.549273014068603516e+00
2.522230386734008789e+00
2.550199508666992188e+00
2.598556995391845703e+00
2.451334953308105469e+00
2.491899251937866211e+00
2.491571903228759766e+00
2.366263628005981445e+00
2.516352415084838867e+00
2.481245517730712891e+00
2.422100782394409180e+00
2.597301006317138672e+00
2.466810226440429688e+00
2.426703214645385742e+00
2.471603155136108398e+00
2.556851387023925781e+00
2.559264421463012695e+00
2.554935693740844727e+00
2.332449674606323242e+00
2.582120656967163086e+00
2.433892488479614258e+00
2.513391494750976562e+00
2.499602794647216797e+00
2.400116920471191406e+00
2.494688272476196289e+00
2.624555587768554688e+00
2.614552736282348633e+00
2.551735401153564453e+00
2.493493080139160156e+00
2.528942584991455078e+00
2.522229909896850586e+00
2.566675424575805664e+00
2.514189243316650391e+00
2.469944477081298828e+00
2.352788686752319336e+00
2.514623880386352539e+00
2.599084854125976562e+00
2.621949434280395508e+00
2.522053718566894531e+00
2.381482601165771484e+00
2.517354011535644531e+00
2.426162958145141602e+00
2.359897375106811523e+00
2.438761472702026367e+00
2.331358194351196289e+00
2.478848695755004883e+00
2.396075010299682617e+00
2.480031490325927734e+00
2.443893671035766602e+00
2.702247381210327148e+00
2.456144332885742188e+00
2.394554615020751953e+00
2.520758152008056641e+00
2.549721717834472656e+00
2.388627052307128906e+00
2.391781568527221680e+00
2.426292181015014648e+00
2.559678792953491211e+00
2.423256874084472656e+00
2.417820215225219727e+00
2.417156457901000977e+00
2.523354530334472656e+00
2.497816801071166992e+00
2.445160865783691406e+00
2.469145536422729492e+00
2.536733150482177734e+00
2.401565313339233398e+00
2.535154819488525391e+00
2.428449153900146484e+00
2.545361995697021484e+00
2.563323259353637695e+00
2.591175794601440430e+00
2.282754421234130859e+00
2.461939573287963867e+00
2.491473436355590820e+00
2.410358428955078125e+00
2.510055780410766602e+00
2.677561998367309570e+00
2.418681859970092773e+00
2.411487579345703125e+00
2.408145666122436523e+00
2.581851243972778320e+00
2.354059457778930664e+00
2.452886819839477539e+00
2.580546855926513672e+00
2.467937946319580078e+00
2.616621971130371094e+00
2.398047208786010742e+00
2.398723363876342773e+00
2.367395639419555664e+00
2.649438381195068359e+00
2.405670881271362305e+00
2.603052616119384766e+00
2.463051319122314453e+00
2.368406057357788086e+00
2.559657096862792969e+00
2.658696889877319336e+00
2.412635564804077148e+00
2.532540321350097656e+00
2.393995046615600586e+00
2.471184492111206055e+00
2.531331777572631836e+00
2.483297824859619141e+00
2.439437150955200195e+00
2.652514934539794922e+00
2.520200967788696289e+00
2.383648157119750977e+00
2.324860334396362305e+00
2.321871757507324219e+00
2.538940668106079102e+00
2.546173095703125000e+00
2.535860300064086914e+00
2.534568309783935547e+00
2.565953254699707031e+00
2.332722425460815430e+00
2.421110868453979492e+00
2.426983594894409180e+00
2.499398231506347656e+00
2.557671546936035156e+00
2.464890718460083008e+00
2.312968969345092773e+00
2.502112388610839844e+00
2.389345169067382812e+00
2.449955224990844727e+00
2.335889816284179688e+00
2.374539852142333984e+00
2.576820135116577148e+00
2.439054012298583984e+00
2.416798353195190430e+00
2.404979467391967773e+00
2.628324031829833984e+00
2.480123281478881836e+00
2.392221689224243164e+00
2.472464799880981445e+00
2.371922492980957031e+00
2.444642543792724609e+00
2.525579452514648438e+00
2.375483512878417969e+00
2.458584547042846680e+00
2.515841960906982422e+00
2.748906135559082031e+00
2.520847082138061523e+00
2.420166730880737305e+00
2.484813928604125977e+00
2.603188037872314453e+00
2.525738477706909180e+00
2.504278659820556641e+00
2.450143337249755859e+00
2.518502950668334961e+00
2.352513790130615234e+00
2.377185106277465820e+00
2.353177309036254883e+00
2.446648836135864258e+00
2.425300598144531250e+00
2.483031988143920898e+00
2.409693002700805664e+00
2.357181549072265625e+00
2.540620088577270508e+00
2.382223844528198242e+00
2.630571365356445312e+00
2.469625234603881836e+00
2.414566516876220703e+00
2.507465839385986328e+00
2.410847902297973633e+00
2.368580102920532227e+00
2.412598133087158203e+00
2.520873069763183594e+00
2.492179632186889648e+00
2.353781700134277344e+00
2.294744253158569336e+00
2.462889194488525391e+00
2.372062921524047852e+00
2.312868595123291016e+00
2.569999933242797852e+00
2.507047891616821289e+00
2.341609001159667969e+00
2.467327594757080078e+00
2.495577573776245117e+00
2.475085496902465820e+00
2.526342391967773438e+00
2.381696224212646484e+00
2.465090990066528320e+00
2.510706186294555664e+00
2.445563316345214844e+00
2.678985357284545898e+00
2.410671710968017578e+00
2.580223560333251953e+00
2.460918426513671875e+00
2.341453790664672852e+00
2.350221633911132812e+00
2.497309684753417969e+00
2.724689006805419922e+00
2.468892097473144531e+00
2.415207386016845703e+00
2.397017002105712891e+00
2.366100072860717773e+00
2.439013957977294922e+00
2.404159069061279297e+00
2.349635124206542969e+00
2.412463426589965820e+00
2.351479530334472656e+00
2.465500116348266602e+00
2.500250577926635742e+00
2.404064416885375977e+00
2.339403629302978516e+00
2.377947568893432617e+00
2.491544961929321289e+00
2.543219566345214844e+00
2.461954116821289062e+00
2.461842060089111328e+00
2.331288814544677734e+00
2.353011369705200195e+00
2.281750917434692383e+00
2.511307954788208008e+00
2.537958621978759766e+00
2.494009733200073242e+00
2.583508729934692383e+00
2.455708503723144531e+00
2.463209867477416992e+00
2.401875257492065430e+00
2.549407720565795898e+00
2.559995174407958984e+00
2.548831224441528320e+00
2.488249063491821289e+00
2.333197593688964844e+00
2.404872894287109375e+00
2.377925395965576172e+00
2.655118703842163086e+00
2.523687839508056641e+00
2.582477092742919922e+00
2.532073259353637695e+00
2.333256006240844727e+00
2.454759597778320312e+00
2.418661355972290039e+00
2.639100313186645508e+00
2.536682367324829102e+00
2.523014307022094727e+00
2.437576055526733398e+00
2.580882787704467773e+00
2.445664644241333008e+00
2.441821098327636719e+00
2.387391567230224609e+00
2.492485046386718750e+00
2.429010868072509766e+00
2.373382806777954102e+00
2.397649765014648438e+00
2.657430410385131836e+00
2.377827882766723633e+00
2.643543720245361328e+00
2.540007829666137695e+00
2.463480949401855469e+00
2.357369661331176758e+00
2.578494787216186523e+00
2.459557294845581055e+00
2.631307601928710938e+00
2.366131782531738281e+00
2.661825656890869141e+00
2.586647987365722656e+00
2.509290218353271484e+00
2.508542060852050781e+00
2.713000535964965820e+00
2.510224342346191406e+00
2.558378696441650391e+00
2.435180187225341797e+00
2.463779449462890625e+00
2.692709684371948242e+00
2.396131515502929688e+00
2.370390415191650391e+00
2.609114408493041992e+00
2.380062818527221680e+00
2.472444295883178711e+00
2.476239204406738281e+00
2.382519483566284180e+00
2.527364730834960938e+00
2.399526119232177734e+00
2.343299865722656250e+00
2.436911821365356445e+00
2.296184062957763672e+00
2.375387668609619141e+00
2.459933757781982422e+00
2.612929821014404297e+00
2.530072212219238281e+00
2.377722740173339844e+00
2.424447059631347656e+00
2.453119039535522461e+00
2.411294221878051758e+00
2.567159414291381836e+00
2.542258024215698242e+00
2.557601451873779297e+00
2.442306995391845703e+00
2.441435337066650391e+00
2.605804443359375000e+00
2.527006864547729492e+00
2.501041412353515625e+00
2.392808675765991211e+00
2.557101488113403320e+00
2.364505767822265625e+00
2.522393703460693359e+00
2.449314117431640625e+00
2.501621007919311523e+00
2.423627614974975586e+00
2.460263013839721680e+00
2.436714410781860352e+00
2.640051126480102539e+00
2.578453302383422852e+00
2.462809801101684570e+00
2.400798797607421875e+00
2.366513013839721680e+00
2.334798812866210938e+00
2.640310764312744141e+00
2.557755947113037109e+00
2.395733118057250977e+00
2.449163675308227539e+00
2.435955524444580078e+00
2.452275037765502930e+00
2.373057603836059570e+00
2.471198558807373047e+00
2.344878196716308594e+00
2.530154705047607422e+00
2.500065565109252930e+00
2.473590850830078125e+00
2.455076932907104492e+00
2.408348560333251953e+00
2.371291160583496094e+00
2.490832090377807617e+00
2.335852861404418945e+00
2.394438266754150391e+00
2.529274463653564453e+00
2.450510978698730469e+00
2.246377229690551758e+00
2.446018695831298828e+00
2.587427377700805664e+00
2.466438055038452148e+00
2.343915700912475586e+00
2.627649068832397461e+00
2.384236335754394531e+00
2.622587680816650391e+00
2.401413202285766602e+00
2.454103231430053711e+00
2.528560638427734375e+00
2.518529891967773438e+00
2.541311979293823242e+00
2.482794523239135742e+00
2.485154390335083008e+00
2.590875387191772461e+00
2.337523460388183594e+00
2.539673566818237305e+00
2.408806324005126953e+00
2.464457035064697266e+00
2.633855581283569336e+00
2.471433162689208984e+00
2.512424945831298828e+00
2.557559013366699219e+00
2.328672170639038086e+00
2.699079513549804688e+00
2.473978996276855469e+00
2.509455680847167969e+00
2.357116937637329102e+00
2.437790393829345703e+00
2.424921512603759766e+00
2.501589536666870117e+00
2.496614217758178711e+00
2.411257505416870117e+00
2.429832935333251953e+00
2.519424676895141602e+00
2.365594863891601562e+00
2.498490810394287109e+00
2.404262542724609375e+00
2.350314617156982422e+00
2.569879055023193359e+00
2.581651687622070312e+00
2.402455568313598633e+00
2.569650173187255859e+00
2.569514036178588867e+00
2.555530786514282227e+00
2.524720907211303711e+00
2.394511699676513672e+00
2.366527318954467773e+00
2.449617624282836914e+00
2.571440219879150391e+00
2.507434606552124023e+00
2.437384605407714844e+00
2.340206861495971680e+00
2.548490762710571289e+00
2.648295640945434570e+00
2.447188377380371094e+00
2.503157615661621094e+00
2.529379844665527344e+00
2.409641504287719727e+00
2.340425968170166016e+00
2.526737213134765625e+00
2.357654809951782227e+00
2.438029050827026367e+00
2.557851076126098633e+00
2.780656099319458008e+00
2.700665712356567383e+00
2.593609333038330078e+00
2.556273698806762695e+00
2.601212978363037109e+00
2.605638980865478516e+00
2.657440662384033203e+00
2.418230772018432617e+00
2.543650388717651367e+00
2.655779600143432617e+00
2.611961126327514648e+00
2.562121152877807617e+00
2.444199323654174805e+00
2.679217815399169922e+00
2.448148727416992188e+00
2.606138229370117188e+00
2.526928901672363281e+00
2.612821340560913086e+00
2.503008365631103516e+00
2.624629974365234375e+00
2.489768505096435547e+00
2.450850725173950195e+00
2.555705070495605469e+00
2.690991640090942383e+00
2.702320098876953125e+00
2.578498601913452148e+00
2.492764234542846680e+00
2.706326723098754883e+00
2.667534828186035156e+00
2.425397872924804688e+00
2.566762447357177734e+00
2.459519863128662109e+00
2.550611019134521484e+00
2.663947582244873047e+00
2.543360471725463867e+00
2.527571678161621094e+00
2.473670005798339844e+00
2.402736663818359375e+00
2.526610851287841797e+00
2.684477329254150391e+00
2.638870477676391602e+00
2.633005142211914062e+00
2.434211015701293945e+00
2.466254949569702148e+00
2.539926052093505859e+00
2.494477987289428711e+00
2.402598142623901367e+00
2.639816522598266602e+00
2.371135711669921875e+00
2.478719472885131836e+00
2.555946111679077148e+00
2.458879470825195312e+00
2.725649595260620117e+00
2.521154403686523438e+00
2.375737428665161133e+00
2.385118007659912109e+00
2.402407646179199219e+00
2.439902067184448242e+00
2.575860977172851562e+00
2.558376550674438477e+00
2.555776834487915039e+00
2.547061204910278320e+00
2.415221214294433594e+00
2.617037057876586914e+00
2.429120779037475586e+00
2.523519039154052734e+00
2.407176971435546875e+00
2.372596740722656250e+00
2.603263378143310547e+00
2.641837835311889648e+00
2.387380599975585938e+00
2.453399896621704102e+00
2.405802011489868164e+00
2.491400718688964844e+00
2.337753295898437500e+00
2.335140228271484375e+00
2.481235504150390625e+00
2.473176717758178711e+00
2.656272888183593750e+00
2.476764917373657227e+00
2.419867753982543945e+00
2.514677524566650391e+00
2.557559251785278320e+00
2.487679719924926758e+00
2.755716323852539062e+00
2.485528707504272461e+00
2.439330577850341797e+00
2.385029554367065430e+00
2.500827789306640625e+00
2.338071584701538086e+00
2.322695493698120117e+00
2.615373134613037109e+00
2.553985595703125000e+00
2.468916177749633789e+00
2.599217414855957031e+00
2.533631086349487305e+00
2.485392093658447266e+00
2.489002943038940430e+00
2.480464696884155273e+00
2.435375452041625977e+00
2.343626737594604492e+00
2.555125713348388672e+00
2.419231414794921875e+00
2.462318658828735352e+00
2.617099285125732422e+00
2.432059526443481445e+00
2.550883769989013672e+00
2.537321805953979492e+00
2.455196142196655273e+00
2.419702529907226562e+00
2.486991643905639648e+00
2.467912197113037109e+00
2.534643411636352539e+00
2.393598556518554688e+00
2.578069210052490234e+00
2.662094354629516602e+00
2.355154037475585938e+00
2.437291145324707031e+00
2.346035957336425781e+00
2.420944213867187500e+00
2.452331304550170898e+00
2.352056980133056641e+00
2.530462741851806641e+00
2.499926567077636719e+00
2.421777963638305664e+00
2.269042015075683594e+00
2.516568422317504883e+00
2.439925432205200195e+00
2.529939174652099609e+00
2.557825565338134766e+00
2.497101545333862305e+00
2.473722219467163086e+00
2.409515619277954102e+00
2.393269777297973633e+00
2.355780124664306641e+00
2.542704820632934570e+00
2.374353647232055664e+00
2.383113145828247070e+00
2.567310094833374023e+00
2.540443897247314453e+00
2.622828245162963867e+00
2.576454639434814453e+00
2.524527072906494141e+00
2.509651660919189453e+00
2.416196823120117188e+00
2.511646509170532227e+00
2.390539884567260742e+00
2.572985887527465820e+00
2.573442459106445312e+00
2.360757112503051758e+00
2.579810380935668945e+00
2.552654743194580078e+00
2.514330387115478516e+00
2.516227960586547852e+00
2.565236330032348633e+00
2.463993787765502930e+00
2.613101005554199219e+00
2.517282962799072266e+00
2.566506385803222656e+00
2.651247024536132812e+00
2.651338577270507812e+00
2.441406726837158203e+00
2.360027074813842773e+00
2.533193588256835938e+00
2.565588712692260742e+00
2.644411563873291016e+00
2.416148662567138672e+00
2.499328136444091797e+00
2.553971767425537109e+00
2.399314403533935547e+00
2.519606828689575195e+00
2.533466100692749023e+00
2.686946392059326172e+00
2.586361885070800781e+00
2.486861467361450195e+00
2.456118822097778320e+00
2.305299997329711914e+00
2.418874263763427734e+00
2.588097810745239258e+00
2.554125308990478516e+00
2.412294387817382812e+00
2.336472034454345703e+00
2.509793758392333984e+00
2.497178792953491211e+00
2.552338600158691406e+00
2.575778484344482422e+00
2.487915515899658203e+00
2.527312040328979492e+00
2.568637371063232422e+00
2.442088127136230469e+00
2.547833919525146484e+00
2.353876113891601562e+00
2.467699050903320312e+00
2.455159902572631836e+00
2.556656360626220703e+00
2.538576841354370117e+00
2.439531326293945312e+00
2.450602769851684570e+00
2.394183158874511719e+00
2.370255947113037109e+00
2.352406978607177734e+00
2.445009469985961914e+00
2.380212306976318359e+00
2.636721372604370117e+00
2.464352607727050781e+00
2.406125307083129883e+00
2.479313373565673828e+00
2.633361816406250000e+00
2.492607355117797852e+00
2.511439800262451172e+00
2.410838365554809570e+00
2.480812072753906250e+00
2.416214704513549805e+00
2.538039684295654297e+00
2.652387857437133789e+00
2.455129623413085938e+00
2.493495464324951172e+00
2.466895818710327148e+00
2.503655672073364258e+00
2.544561862945556641e+00
2.441421747207641602e+00
2.573452949523925781e+00
2.672917604446411133e+00
2.450735092163085938e+00
2.445069074630737305e+00
2.370136976242065430e+00
2.405782461166381836e+00
2.501197099685668945e+00
2.388707160949707031e+00
2.491653680801391602e+00
2.379923820495605469e+00
2.644340991973876953e+00
2.562284231185913086e+00
2.531978845596313477e+00
2.423988342285156250e+00
2.504752397537231445e+00
2.558418989181518555e+00
2.513704061508178711e+00
2.350762844085693359e+00
2.348396062850952148e+00
2.434882879257202148e+00
2.379982471466064453e+00
2.407620429992675781e+00
2.519493579864501953e+00
2.532132625579833984e+00
2.331690311431884766e+00
2.573703527450561523e+00
2.448159933090209961e+00
2.334501028060913086e+00
2.551116704940795898e+00
2.450709581375122070e+00
2.419089794158935547e+00
2.405317783355712891e+00
2.546153068542480469e+00
2.656827688217163086e+00
2.459736824035644531e+00
2.635428905487060547e+00
2.601551055908203125e+00
2.403740406036376953e+00
2.455549716949462891e+00
2.401436090469360352e+00
2.422178268432617188e+00
2.602747440338134766e+00
2.587460756301879883e+00
2.408505678176879883e+00
2.371081590652465820e+00
2.454900503158569336e+00
2.543303966522216797e+00
2.316738605499267578e+00
2.537020683288574219e+00
2.335546970367431641e+00
2.353197813034057617e+00
2.296008825302124023e+00
2.370927333831787109e+00
2.360287666320800781e+00
2.488360166549682617e+00
2.542713403701782227e+00
2.623811006546020508e+00
2.359561681747436523e+00
2.539265632629394531e+00
2.269063472747802734e+00
2.283241510391235352e+00
2.367016792297363281e+00
2.196714401245117188e+00
2.204376697540283203e+00
2.368660688400268555e+00
2.365002870559692383e+00
2.203025579452514648e+00
2.259840011596679688e+00
2.287566900253295898e+00
2.365371942520141602e+00
2.359378099441528320e+00
2.300956249237060547e+00
2.456418752670288086e+00
2.356192111968994141e+00
2.251564025878906250e+00
2.237014532089233398e+00
2.248343467712402344e+00
2.246481657028198242e+00
2.360738039016723633e+00
2.461019754409790039e+00
2.262582063674926758e+00
2.261014938354492188e+00
2.252647399902343750e+00
2.469246625900268555e+00
2.368019104003906250e+00
2.251140356063842773e+00
2.190307855606079102e+00
2.252078771591186523e+00
2.356853485107421875e+00
2.193993091583251953e+00
2.244925022125244141e+00
2.285629987716674805e+00
2.337056398391723633e+00
2.457138538360595703e+00
2.293877601623535156e+00
2.359230518341064453e+00
2.239274024963378906e+00
2.187799930572509766e+00
2.358098983764648438e+00
2.355044126510620117e+00
2.191610097885131836e+00
2.353507757186889648e+00
2.303452014923095703e+00
2.353510618209838867e+00
2.199452877044677734e+00
2.248420238494873047e+00
2.233468770980834961e+00
2.245848178863525391e+00
2.191215038299560547e+00
2.359832286834716797e+00
2.293112516403198242e+00
2.360791444778442383e+00
2.352374076843261719e+00
2.349225997924804688e+00
2.246377468109130859e+00
2.355854272842407227e+00
2.194949626922607422e+00
2.252655029296875000e+00
2.207050323486328125e+00
2.350497961044311523e+00
2.341393470764160156e+00
2.238090991973876953e+00
2.191434860229492188e+00
2.196349620819091797e+00
2.356736183166503906e+00
2.200439691543579102e+00
2.193717241287231445e+00
2.186565876007080078e+00
2.299476623535156250e+00
2.362942695617675781e+00
2.250094652175903320e+00
2.184607744216918945e+00
2.367092847824096680e+00
2.262969732284545898e+00
2.196642875671386719e+00
2.251786708831787109e+00
2.363151073455810547e+00
2.445178270339965820e+00
2.189040660858154297e+00
2.249198675155639648e+00
2.187344074249267578e+00
2.291319370269775391e+00
2.450767278671264648e+00
2.349293708801269531e+00
2.199167728424072266e+00
2.205431461334228516e+00
2.298758506774902344e+00
2.261403322219848633e+00
2.365123987197875977e+00
2.254231214523315430e+00
2.301743507385253906e+00
2.287023544311523438e+00
2.344743728637695312e+00
2.354995489120483398e+00
2.355071306228637695e+00
2.253795385360717773e+00
2.363931894302368164e+00
2.186467409133911133e+00
2.202108621597290039e+00
2.191810846328735352e+00
2.263460874557495117e+00
2.287580728530883789e+00
2.181158065795898438e+00
2.205755710601806641e+00
2.460059881210327148e+00
2.281866073608398438e+00
2.289107322692871094e+00
2.191572189331054688e+00
2.349837541580200195e+00
2.279861211776733398e+00
2.361820697784423828e+00
2.358412742614746094e+00
2.352704286575317383e+00
2.189580678939819336e+00
2.243083238601684570e+00
2.190742969512939453e+00
2.245505094528198242e+00
2.346112489700317383e+00
2.273993968963623047e+00
2.348811864852905273e+00
2.257556915283203125e+00
2.251293420791625977e+00
2.241327762603759766e+00
2.357952356338500977e+00
2.188879251480102539e+00
2.179558753967285156e+00
2.187973499298095703e+00
2.243062496185302734e+00
2.353440761566162109e+00
2.252691507339477539e+00
2.236554861068725586e+00
2.262756824493408203e+00
2.175906658172607422e+00
2.330579996109008789e+00
2.234029769897460938e+00
2.329680204391479492e+00
2.185048580169677734e+00
2.450936794281005859e+00
2.242260932922363281e+00
2.236043453216552734e+00
2.283322811126708984e+00
2.236957311630249023e+00
2.345577001571655273e+00
2.229092359542846680e+00
2.189069509506225586e+00
2.239622116088867188e+00
2.178783655166625977e+00
2.343882083892822266e+00
2.236423015594482422e+00
2.438240289688110352e+00
2.351319313049316406e+00
2.370507001876831055e+00
2.354523897171020508e+00
2.193970441818237305e+00
2.190290689468383789e+00
2.264698982238769531e+00
2.405359983444213867e+00
2.496829986572265625e+00
2.650002479553222656e+00
3.230839729309082031e+00
3.003497838973999023e+00
2.993778944015502930e+00
3.376373291015625000e+00
2.718915224075317383e+00
2.757810354232788086e+00
3.189003467559814453e+00
3.403095960617065430e+00
3.275611400604248047e+00
3.633177757263183594e+00
3.614722490310668945e+00
3.120761156082153320e+00
3.562236547470092773e+00
3.332120418548583984e+00
3.355451822280883789e+00
3.224199295043945312e+00
3.527256250381469727e+00
3.498446702957153320e+00
3.671949148178100586e+00
3.486060857772827148e+00
3.260530710220336914e+00
3.526287555694580078e+00
3.625310897827148438e+00
3.320312976837158203e+00
3.635622024536132812e+00
3.503850936889648438e+00
3.341208219528198242e+00
3.575057983398437500e+00
3.540427207946777344e+00
3.503455162048339844e+00
2.516286849975585938e+00
2.526524305343627930e+00
2.495675563812255859e+00
2.589673042297363281e+00
2.513263702392578125e+00
2.719705104827880859e+00
3.316797494888305664e+00
3.287317514419555664e+00
3.459725379943847656e+00
3.445428371429443359e+00
3.340205907821655273e+00
3.479413747787475586e+00
3.237407445907592773e+00
3.408879041671752930e+00
3.300192117691040039e+00
3.382219552993774414e+00
3.447076320648193359e+00
3.570311784744262695e+00
3.458669185638427734e+00
3.490476608276367188e+00
3.554557085037231445e+00
3.352356910705566406e+00
3.396011829376220703e+00
3.346166610717773438e+00
3.284559488296508789e+00
3.524708986282348633e+00
3.481613636016845703e+00
3.645189046859741211e+00
3.475787639617919922e+00
3.139175176620483398e+00
2.510079383850097656e+00
3.432395458221435547e+00
3.229481697082519531e+00
2.721908330917358398e+00
3.556555271148681641e+00
3.399791955947875977e+00
3.277102708816528320e+00
2.708027601242065430e+00
2.576390743255615234e+00
2.588840484619140625e+00
2.658481359481811523e+00
2.762901782989501953e+00
3.139692783355712891e+00
3.415328025817871094e+00
3.294808626174926758e+00
3.908816099166870117e+00
3.588223934173583984e+00
3.694559097290039062e+00
2.650318145751953125e+00
2.864376068115234375e+00
2.705176353454589844e+00
2.722849845886230469e+00
3.605690240859985352e+00
3.288864850997924805e+00
3.457959175109863281e+00
2.718154191970825195e+00
