# --------------------
# Experiment: 0
# Transpiling
#  Elapsed Time: 16.32s
# Optimizing
3.57867e-01
5.14696e-01
4.41287e-01
2.45340e-01
4.13353e-01
2.59487e-01
3.07136e-01
3.18827e-01
3.55466e-01
4.07518e-01
2.74426e-01
2.74376e-01
2.99863e-01
2.81929e-01
2.18089e-01
2.19356e-01
2.27531e-01
2.26219e-01
2.17535e-01
2.24102e-01
2.36373e-01
1.79453e-01
1.75297e-01
1.71438e-01
1.69430e-01
1.71302e-01
1.62818e-01
1.78263e-01
1.60395e-01
1.60782e-01
1.64877e-01
1.72348e-01
1.62072e-01
1.61186e-01
1.58904e-01
1.60141e-01
1.56029e-01
1.55343e-01
1.55669e-01
1.55302e-01
1.56393e-01
1.57806e-01
1.54145e-01
1.52136e-01
1.52092e-01
1.52541e-01
1.52374e-01
1.51982e-01
1.50046e-01
1.48544e-01
1.47295e-01
1.47393e-01
1.46330e-01
1.43902e-01
1.44434e-01
1.43657e-01
1.42351e-01
1.40617e-01
1.39354e-01
1.38328e-01
1.37071e-01
1.37750e-01
1.37312e-01
1.36169e-01
1.37157e-01
1.34396e-01
1.32957e-01
1.33235e-01
1.32468e-01
1.30510e-01
1.29964e-01
1.28607e-01
1.28192e-01
1.28355e-01
1.28188e-01
1.27836e-01
1.25467e-01
1.23920e-01
1.23874e-01
1.24855e-01
1.21646e-01
1.19401e-01
1.19372e-01
1.19471e-01
1.18751e-01
1.16735e-01
1.15845e-01
1.16323e-01
1.14642e-01
1.14675e-01
1.13843e-01
1.12883e-01
1.11747e-01
1.10982e-01
1.10515e-01
1.09843e-01
1.10862e-01
1.09394e-01
1.06722e-01
1.05182e-01
1.05169e-01
1.05430e-01
1.02886e-01
1.03373e-01
1.02821e-01
1.02325e-01
1.03476e-01
1.01996e-01
1.01895e-01
1.00795e-01
1.00052e-01
9.78664e-02
9.73451e-02
9.63304e-02
9.63189e-02
9.63469e-02
9.45074e-02
9.21594e-02
9.20542e-02
9.11730e-02
9.07889e-02
9.14001e-02
8.84105e-02
8.66162e-02
8.51637e-02
8.44901e-02
8.50926e-02
8.57487e-02
8.47471e-02
8.21833e-02
7.99970e-02
7.97071e-02
7.94209e-02
7.78575e-02
7.57420e-02
7.67880e-02
7.71024e-02
7.35246e-02
7.36357e-02
7.35718e-02
7.32549e-02
7.25708e-02
7.15053e-02
7.22570e-02
7.12417e-02
7.09068e-02
7.31859e-02
6.76588e-02
6.47252e-02
6.45774e-02
6.66007e-02
6.13373e-02
6.00369e-02
6.00261e-02
5.60010e-02
5.73552e-02
5.59625e-02
5.50550e-02
5.53808e-02
5.42331e-02
5.42991e-02
5.12005e-02
4.94222e-02
4.79315e-02
4.93546e-02
4.77036e-02
4.57069e-02
4.64008e-02
4.60443e-02
4.16899e-02
4.90575e-02
4.16052e-02
4.20108e-02
4.10773e-02
3.92548e-02
3.92001e-02
4.14254e-02
3.87910e-02
3.94977e-02
3.93886e-02
3.84793e-02
3.37340e-02
3.65883e-02
3.68025e-02
3.23167e-02
3.20538e-02
3.51989e-02
3.08039e-02
3.55017e-02
3.11818e-02
2.99326e-02
3.07672e-02
3.19655e-02
3.25001e-02
2.69514e-02
2.69852e-02
2.75424e-02
2.84767e-02
2.71539e-02
2.58601e-02
2.53012e-02
2.50130e-02
2.21193e-02
2.01732e-02
1.90751e-02
1.91216e-02
1.79672e-02
1.78822e-02
1.91242e-02
2.11393e-02
1.78383e-02
2.07743e-02
1.80616e-02
1.91995e-02
1.64137e-02
1.48819e-02
1.33485e-02
1.34885e-02
1.40014e-02
1.68261e-02
1.44659e-02
1.23608e-02
1.19950e-02
1.02758e-02
1.05082e-02
1.08254e-02
8.44348e-03
1.54309e-02
8.01589e-03
