7.926992395823617699e-14
2.416955524608965789e-13
1.944000516118649102e-13
2.813860255912459252e-13
4.627409566637652460e-13
1.782629599489382599e-12
9.059919481302358690e-12
2.034478141510476235e-11
2.001510068794232211e-12
7.978617766468687478e-13
1.410538352786261385e-13
1.391109449855321145e-13
1.810773753163630317e-13
4.085065619108263490e-13
9.625633623500107205e-13
7.981171279425325338e-12
3.035139362062011514e-10
3.483657806668816193e-12
1.511124558817300567e-12
5.429545701929328061e-13
1.240119118506299856e-13
1.880162692202702601e-13
4.208300374841655866e-13
9.299783165772623761e-13
8.896106074018916843e-12
5.354156007442156806e-11
6.751099679291883149e-12
1.531774707075328479e-12
1.393662962811959005e-12
5.593858709573851229e-13
2.185474023974620650e-13
2.388089725968711718e-13
3.752553823233029107e-13
1.972311203246590594e-12
7.818912184376358709e-12
1.448683950577844826e-10
4.198752456829879520e-12
1.616096145795609118e-12
1.095679103002566990e-12
7.133182933216630772e-13
2.319255898441952013e-13
2.707833957060756802e-13
7.654987754790454346e-13
1.923905479372933769e-12
1.903377455647614624e-11
2.255862163735855574e-11
2.388367281724868008e-12
8.704703624573539855e-13
5.355715870791755151e-13
3.738120923912902072e-13
1.542654892716655013e-13
1.235456181802874198e-12
6.071254610162668541e-13
5.025535543268233596e-12
8.325290457023015733e-11
1.430161544746511026e-11
1.314837128063572891e-12
5.283551374191119976e-13
3.655964420090640488e-13
3.135824933053754648e-13
3.399502901402229327e-13
3.270717030545711168e-13
4.999334279887079902e-13
2.150501998698928219e-12
3.731792652672538679e-11
1.357447487748686399e-11
1.991407039270143287e-12
7.925327061286679964e-13
4.415356968934247561e-13
2.933764342571976158e-13
3.453903829608861997e-13
3.108069357438125735e-13
7.027156634364928323e-13
1.959321593858476263e-12
8.994638367454399486e-12
3.442807150477733558e-11
3.110678381545994853e-12
1.311006858628616101e-12
3.275157922644211794e-13
3.589906150125443673e-13
1.126321258482221310e-13
2.163269563482117519e-13
3.935740622296179936e-13
8.242850846329474734e-13
2.694677814218948697e-12
2.200871163093864880e-08
5.981104500563105830e-12
2.408018229260733278e-12
6.126210649881613790e-13
4.373168493998491613e-13
1.107447467063593649e-13
1.624811396538916597e-13
2.117750419472486101e-13
5.814793091474257380e-13
1.300903829104527176e-12
5.471345598806465205e-12
7.178085903447595228e-11
3.461120279268925515e-12
1.956823592053069660e-12
3.037570195374428295e-13
1.085243006571090518e-13
1.277311589831242600e-13
2.263189635698381608e-13
2.916555885690286232e-13
8.282818875215980370e-13
2.423117262395635407e-12
2.268638055191729563e-10
5.728972851670732780e-12
1.016686734800487102e-12
7.499556531342932431e-13
1.050270981295398087e-13
1.621480727465041127e-13
2.361999484890020540e-13
5.321854068540687877e-13
2.645716978832979294e-12
2.184702418972506166e-11
8.183959065988233306e-11
2.330080572932047289e-12
8.137934770502397441e-13
7.766010057252970000e-13
1.569855356819971348e-13
2.262079412673756451e-13
3.673727988484642992e-13
8.568146192544645601e-13
4.187927782339784244e-12
2.749245886501938685e-09
3.920475055707584033e-12
1.294686580166626300e-12
6.638023464233810955e-13
3.053113317719180486e-13
1.593725151849412214e-13
2.579603197716551222e-13
7.625011733125575120e-13
1.239619518145218535e-12
1.244682135137509249e-11
4.385269924966905819e-11
1.500854995839517869e-12
9.566236691682661331e-13
5.583311590839912242e-13
3.638755963208950561e-13
1.893485368498204480e-13
3.329003739338531886e-13
6.903366767119223368e-13
3.431865902570052640e-12
2.611283411724230064e-11
8.435363518799476878e-12
1.606215160876445225e-12
5.508371536677714175e-13
5.433986594027828687e-13
2.371436380599334370e-13
1.294520046712932526e-13
3.617661725741072587e-13
7.994160888813439669e-13
2.199962434445978943e-12
4.542621834247029255e-11
1.383854142389395747e-11
1.665334536937734811e-12
1.025235452090100807e-12
4.715117185583039827e-13
2.564060075371799030e-13
1.665334536937734811e-13
2.468025783741722989e-13
5.425104809830827435e-13
1.606714761237526545e-12
2.412725574885143942e-11
2.106459451312048259e-11
1.632693980013755208e-12
7.459033390944114217e-13
3.266831249959523120e-13
3.639866186233575718e-13
1.945110739143274259e-13
2.449707103835407906e-13
6.607492331056619150e-13
1.735889210152663509e-12
6.540212815764334664e-12
4.148725196717606423e-09
4.034717004941512641e-12
9.914846721414960484e-13
9.673373213558988937e-13
3.679279103607768775e-13
1.424971252106388420e-13
1.979527652906654112e-13
1.750266598321559286e-13
8.077982727172638988e-13
1.864286502950562863e-12
7.363731846510290779e-11
1.594063769871922887e-11
1.903255331114905857e-12
1.239952585052606082e-12
4.144462550925709365e-13
2.075006833024417574e-13
1.663114090888484498e-13
2.146616218112740171e-13
4.205524817280092975e-13
1.080191491809046056e-12
4.332645353599673399e-12
5.062613239736890591e-08
5.560663041137559048e-12
1.787126002739114483e-12
1.480537914488877504e-12
1.115774139748282323e-13
1.539879335155092122e-13
2.024491685403972951e-13
3.092526235093373543e-13
1.250444192635313811e-12
7.008782443307381982e-12
4.259209651635842420e-11
1.950717365417631299e-12
8.600897771771087719e-13
6.775691119287330366e-13
1.365019208776629966e-13
1.893485368498204480e-13
2.338684801372892252e-13
6.519229600598919205e-13
8.417044838893161796e-12
1.397741589137524443e-09
4.398981179321026502e-12
1.178945829849453730e-12
5.422329252269264543e-13
3.054778652256118221e-13
1.805777749552817113e-13
3.360645095540348848e-13
3.622102617839573213e-13
1.216970968442865342e-12
7.648437438945165923e-12
2.212985350524832029e-11
1.559252726934801103e-12
1.387445713874058129e-12
4.759526106568046089e-13
3.650413304967514705e-13
1.465494392505206633e-13
4.843347944927245408e-13
5.870304242705515207e-13
1.678268635174617884e-12
7.354716835550334508e-11
1.028666041236192541e-11
1.553923656416600352e-12
7.332467966136846371e-13
3.451128272047299106e-13
2.921551889301099436e-13
4.693467836602849275e-13
4.365396932826115517e-13
7.014389069581739022e-13
6.411537967210279021e-12
1.040994512813142592e-10
7.882527963687380179e-12
1.469158128486469650e-12
6.742384428548575670e-13
3.363975764614224317e-13
4.169997680492087966e-13
2.158828671383616893e-13
3.511635426889370137e-13
6.867839630331218359e-13
2.080557948147543357e-12
3.128464154400489861e-11
9.105716181068146398e-12
1.534217197729503823e-12
7.052136652418994345e-13
2.271516308383070282e-13
1.927347170749271754e-13
1.763034163104748586e-13
1.887934253375078697e-13
4.082845173059013177e-13
3.004763104996754919e-12
1.248678938026159813e-11
4.046363244469830533e-11
2.428002243703986096e-12
1.150080031209199660e-12
3.993472219576688076e-13
3.230749001659205533e-13
1.620370504440415971e-13
1.800781745942003909e-13
4.427569422205124283e-13
1.042499420123021991e-12
4.525435581825831832e-12
6.835971788632377866e-10
1.033378937975726330e-11
1.436684105016183821e-12
5.275779813018743880e-13
4.518052598712074541e-13
1.055822096418523870e-13
3.876898801991046639e-13
3.535505221918811003e-13
4.091726957256014430e-13
1.353361867018065823e-12
1.083316769623365872e-11
4.631756089779059948e-11
8.442302412703384107e-12
9.723333249667120981e-13
3.922973057512990636e-13
9.797718192317006469e-14
1.265099136560365878e-13
2.236544283107377851e-13
2.300937218535636930e-13
7.243650124166833848e-13
1.651900838339770416e-12
1.536523686063162586e-10
1.816646832963897396e-11
1.839528529501421872e-12
7.140954494389006868e-13
1.338373856185626209e-13
1.533773108519653761e-13
2.866595849582154187e-13
6.192268919846810604e-13
1.883382338974115555e-12
4.400687036998363055e-10
9.211964524524773879e-12
8.674172491396348050e-13
4.383160501220118022e-13
4.192757252496903675e-13
1.624811396538916597e-13
2.888800310074657318e-13
3.250733016102458350e-13
1.015743045229555719e-12
8.950451491074318255e-12
1.749411726592597915e-11
1.409039551703017423e-12
6.145084441300241451e-13
3.156364059009320044e-13
2.035038804137911939e-13
1.823541317946819618e-13
3.025912853615864151e-13
4.057310043492634577e-13
1.212085987134514653e-12
2.152455991222268494e-11
8.918477067965113747e-12
9.870992911942266801e-13
5.390132784555135004e-13
2.541300503366983321e-13
2.973732371458481794e-13
1.711408792459678807e-13
2.518540931362167612e-13
6.104561300901423238e-13
2.645883512286673067e-12
1.598027821181347008e-10
1.082017808684554439e-11
9.649503418529548071e-13
5.212497100615109957e-13
3.858580122084731556e-13
2.915445662665661075e-13
2.159383782895929471e-13
3.811950755050474982e-13
1.616207168098071634e-12
1.825650741693607415e-12
6.460632029359203443e-11
5.272116077037480864e-12
1.047051334523985133e-12
4.221623051137157745e-13
2.509659147165166360e-13
2.534084053706919804e-13
1.807998195602067426e-13
3.064770659477744630e-13
4.809486142676178133e-13
1.633970736492074138e-12
8.180361943388447798e-11
1.673239324873065925e-11
2.269684440392438773e-12
7.976952431931749743e-13
3.512745649913995294e-13
3.850253449400042882e-13
1.018074513581268548e-13
2.924327446862662327e-13
3.264610803910272807e-13
1.550037875830412304e-12
7.514877609082759591e-12
1.570001517681163250e-09
3.665567849253648092e-12
2.113309527373985475e-12
5.295208715949684120e-13
3.859690345109356713e-13
9.803269307440132252e-14
1.894595591522829636e-13
5.336842079373127490e-13
1.039279773351609037e-12
1.508959623919281512e-12
1.211289957225858416e-10
5.986100504173919035e-12
1.629807400149729801e-12
6.735723090400824731e-13
2.604028104258304666e-13
1.369460100875130593e-13
1.641464741908293945e-13
2.564060075371799030e-13
5.029865413064271706e-13
1.000755034397116106e-12
3.872901999102396076e-12
6.549915609888046220e-10
3.773426016095982050e-12
1.119382364578314082e-12
6.200040481019186700e-13
1.826316875508382509e-13
1.182942632738104294e-13
1.671995875085485750e-13
2.425837308805967041e-13
8.545941732052142470e-13
1.664945958879116006e-12
9.067913087079659817e-11
8.399470008413345568e-11
5.205780251316127760e-12
1.480482403337646247e-12
8.243405957841787313e-14
2.313149671806513652e-13
6.934453011808727751e-13
1.715183550743404339e-12
4.979960888107370920e-12
1.626077050786989275e-11
1.052880005403267205e-12
8.148481889236336428e-13
4.943823128655822075e-13
3.415601135259294097e-13
1.292299600663682213e-13
2.848832281188151683e-13
6.377676164959211746e-13
1.043165553937797085e-12
3.093225675598887392e-11
4.301003997397856438e-12
9.339751194659129396e-13
5.106470801763407508e-13
1.026179141661032190e-12
2.558508960248673247e-13
2.408073740411964536e-13
2.053357484044227022e-13
5.517253320874715428e-13
2.221112183065088175e-12
8.621579006273805135e-10
4.679368004190109787e-12
1.027788965046738667e-12
5.433986594027828687e-13
4.897193761621565500e-13
2.003397447936094977e-13
1.472710842165270151e-13
3.357314426466473378e-13
8.128497874793083611e-13
2.964961609563943057e-12
1.362609786115243082e-08
7.918221633929078962e-12
9.074407891773716983e-13
6.637468352721498377e-13
2.850497615725089418e-13
1.907363156306018936e-13
1.321165399303936283e-13
3.035904860837490560e-13
6.818434705735398893e-13
3.040345752935991186e-12
4.747581217046104030e-10
4.995559521603354369e-12
1.700528606818352273e-12
4.564126854234018538e-13
3.683719995706269401e-13
4.241051954068097984e-13
1.679212324745549267e-13
2.317035452392701700e-13
4.679590048795034818e-13
1.588562614784905236e-12
1.984568065438452322e-11
2.485361916271244809e-11
1.465438881353975376e-12
6.411537967210279021e-13
6.692424392440443626e-13
3.984035323867374245e-13
1.328936960476312379e-13
2.208233595979436359e-13
3.460010056244300358e-13
8.526512829121202230e-13
4.708289313981595114e-12
8.234635195947248576e-11
2.817523991893722268e-12
1.206590383162620128e-12
7.491229858658243757e-13
4.131139874630207487e-13
1.891264922448954167e-13
1.796895965355815861e-13
3.075317778211683617e-13
1.465993992866287954e-12
2.357058992430438593e-12
9.367479014699142681e-11
1.895078538538541579e-11
2.428834910972454963e-12
7.942535518168369890e-13
5.229150445984487305e-13
1.754707490420059912e-13
1.426636586643326154e-13
2.402522625288838753e-13
3.800848524804223416e-13
1.192712595354805671e-12
2.992495140574646939e-12
1.548617956093067960e-09
5.277112080648294068e-12
1.541433647389567341e-12
6.941114349956478691e-13
9.020562075079396891e-14
1.125211035457596154e-13
1.991740106177530834e-13
3.301803275235215551e-13
5.481171072574397840e-13
1.465216836749050344e-12
1.187200338037541769e-11
4.083960947198761460e-11
2.826627820695648552e-12
1.272315586220429395e-12
9.986456106503283081e-14
2.779443342149079399e-13
5.880851361439454195e-13
1.613154054780352453e-12
2.655451247779438972e-09
2.482625216515543798e-12
6.205591596142312483e-13
3.902989043069737818e-13
2.453592884421595954e-13
2.051137037994976708e-13
1.249556014215613686e-13
2.091105066881482344e-13
5.117573032009659073e-13
3.150979477339888035e-12
2.009818977910526883e-10
1.833644347470908542e-12
5.992983886926595005e-13
3.567146578120627964e-13
2.606803661819867557e-13
1.693090112553363724e-13
1.721955911193617794e-13
2.559619183273298404e-13
6.680211939169566904e-13
3.253897151722640047e-12
1.040372787919352504e-10
1.364131030356929841e-12
7.895351039621800737e-13
5.396794122702885943e-13
2.737809978725636029e-13
2.452482661396970798e-13
2.062794379753540852e-13
4.014011345532253472e-13
5.252465129501615593e-13
5.304201522449147888e-12
2.495206263830596072e-10
2.137401367008351372e-12
9.401368572525825584e-13
3.570477247194503434e-13
5.896394483784206386e-13
2.080002836635230778e-13
2.132183318792613136e-13
3.722022690055837302e-13
6.090128401581296202e-13
3.813782623041106490e-12
3.646273838420199809e-09
2.994271497414047190e-12
8.227862835497035121e-13
4.295452882274730655e-13
2.385314168407148827e-13
2.284283873166259582e-13
1.885158695813515806e-13
2.429723089392155089e-13
4.139466547314896161e-13
1.067201882420931724e-12
2.318581993066004543e-10
2.271849375290457829e-11
1.911526492648363273e-12
8.998912726099206338e-13
2.952083022478291241e-13
2.213229599590249563e-13
2.006728117009970447e-13
1.942335181581711367e-13
3.683164884193956823e-13
9.021117186591709469e-13
4.145017662438021944e-12
9.780593002162163430e-11
3.328948228187300629e-12
7.217004771575830091e-13
6.067923941088793072e-13
5.587752482938412868e-13
1.018074513581268548e-13
1.487698852997709764e-13
2.478017790963349398e-13
5.693223670277802739e-13
3.067712750493001295e-12
4.124783847814228466e-11
7.672529278579531820e-12
1.949107542031924822e-12
1.123656723223120935e-12
5.943023850818462961e-13
8.482103908136195969e-14
1.957878303926463559e-13
2.692290834716004611e-13
4.243827511629660876e-13
7.181477634787825082e-13
3.126165992739515787e-12
1.302564983651777197e-08
4.393929664558982040e-12
2.196964832279491020e-12
7.863709683419983776e-13
5.984102102729593753e-14
1.511568648027150630e-13
2.304267887609512400e-13
3.245737012491645146e-13
6.077360836798106902e-13
1.396549542675984412e-12
1.126737592116455744e-11
1.775957159111385408e-10
2.876532345652549338e-12
1.690370066143032091e-12
3.523847880160246859e-13
2.960964806675292493e-13
5.993538998438907583e-13
4.258871033613331747e-12
1.356403878105538752e-11
1.198596777385319001e-12
5.276334924531056458e-13
2.542410726391608478e-13
2.010058786083845916e-13
1.607047828144914092e-13
2.469136006766348146e-13
4.933831121434195666e-13
7.435718707426985929e-13
7.100431353990188654e-12
6.165068455743494269e-12
7.603362384145384567e-13
6.902256544094598212e-13
1.859623566247137205e-13
2.977618152044669841e-13
1.605382493607976357e-13
1.109667913112843962e-13
2.080557948147543357e-13
9.613421170229230484e-13
1.394206972094025332e-11
9.522160837605042616e-12
1.055877607569755128e-12
4.953260024365135905e-13
4.469757897140880232e-13
4.184985691324527579e-13
1.189048859373542655e-13
1.046385200709210039e-13
2.868261184119091922e-13
5.568323580007472628e-13
7.175704475059774268e-12
2.061290027555173765e-11
2.566502566025974374e-12
7.174261185127761564e-13
2.939870569207414519e-13
3.411715354673106049e-13
2.465805337692472676e-13
1.336153410136375896e-13
3.796962744218035368e-13
1.015021400263549367e-12
2.396971510165712971e-12
1.175537756026301395e-08
2.710720536924782209e-12
8.126277428743833298e-13
5.961897642237090622e-13
2.755018435607325955e-13
2.262079412673756451e-13
2.027822354477848421e-13
1.760813717055498273e-13
5.110356582349595556e-13
1.178723785244528699e-12
2.010702160326616195e-10
1.183558806516771256e-11
8.942291351843323355e-13
4.627409566637652460e-13
3.476663401613677706e-13
4.233835504408034467e-13
1.034172747438333317e-13
2.109978858300110005e-13
3.432254480628671445e-13
8.802958362252866209e-13
4.765798866657178223e-12
1.546791028594896034e-10
3.850197938248811624e-12
7.074341112911497476e-13
4.304889777984044485e-13
4.727884750366229127e-13
1.004196725773454091e-13
1.210698208353733207e-13
2.467470672229410411e-13
8.781309013272675656e-13
1.840527730223584513e-12
4.627966343484501976e-10
1.033645391501636368e-11
2.034761248381755649e-12
7.119305145408816315e-13
6.705191957223632926e-13
9.298117831235686026e-14
1.371125435412068327e-13
1.987854325591342786e-13
4.595213098923522921e-13
8.222866831886221917e-13
1.024030860108382512e-11
3.578206619891943774e-10
5.667799563013886655e-12
3.216149568885384724e-12
6.398770402427089721e-13
1.752487044370809599e-13
1.194599974496668437e-13
1.070810107250963483e-13
1.897926260596705106e-13
5.173084183240916900e-13
2.011946165225708683e-12
2.162298118335570507e-11
4.021488697603103901e-11
4.382549878556574185e-12
1.438293928401890298e-12
2.317035452392701700e-13
2.849942504212776839e-13
3.613498389398728250e-12
2.363602302768441632e-08
1.626365708773391816e-12
5.267453140334055206e-13
2.214339822614874720e-13
2.179367797339182289e-13
8.953948693601887499e-14
1.808553307114380004e-13
2.072786386975167261e-13
3.626543509938073839e-13
1.740885213763476713e-12
1.141383204616985836e-08
1.348809952617102681e-12
4.202749259718530084e-13
3.225752998048392328e-13
2.253752739989067777e-13
1.775246616375625308e-13
1.498245971731648751e-13
1.518785097687214147e-13
3.940736625906993140e-13
1.098898749773979944e-12
2.625152872859359832e-10
2.318978342685795724e-12
6.557532294948487106e-13
3.538280779480373894e-13
2.373656826648584683e-13
2.575162305618050596e-13
2.258193632087568403e-13
4.325428903939609881e-13
3.286260152890463360e-13
7.962519532611622708e-13
2.223299322423599733e-11
6.309897049305845940e-12
3.133937553911891882e-12
7.002176616310862300e-13
3.000932835561798129e-13
2.208788707491748937e-13
4.149458554536522570e-13
1.412203687323199119e-13
3.094191569630311278e-13
1.031896790237851746e-12
4.874212145011824759e-12
2.491201689380773132e-11
1.536992755291066715e-12
5.667688540711424139e-13
3.885780586188047891e-13
5.181965967437918152e-13
3.064215547965432052e-13
1.110223024625156540e-13
3.191891195797325054e-13
4.196087921570779145e-13
7.909728427790696514e-12
5.012005810378639126e-09
6.756539772112546416e-12
1.108058089727137485e-12
1.287470130506562782e-12
4.813371923262366181e-13
5.233036226570675353e-13
1.665334536937734811e-13
1.544320227253592748e-13
5.408451464461450087e-13
1.790290138359296179e-12
9.651168753066485806e-12
1.019172524152622827e-10
2.147226840776284007e-12
7.562839243746566353e-13
6.060707491428729554e-13
4.851674617611934082e-13
1.630917623174354958e-13
1.238453783969362121e-13
1.746935929247683816e-13
8.559819519859956927e-13
2.736255666491160810e-12
4.019293110002486458e-07
4.811651077574197188e-12
1.932010107452697412e-12
6.877276526040532190e-13
6.954437026251980569e-13
2.083333505709106248e-13
1.431077478741826781e-13
2.082223282684481092e-13
3.437805595751797227e-13
1.992794818050924732e-12
9.646672349816753922e-12
9.934741918016243289e-11
2.931266340766569556e-12
1.401601057438028874e-12
7.207012764354203682e-13
2.119415754009423836e-13
1.183497744250416872e-13
1.551536676913656265e-13
3.393396674766790966e-13
7.081002451059248415e-13
1.956657058599375887e-12
6.113187733802760704e-11
1.338928967697938788e-11
2.354949568683650796e-12
1.405653371477910696e-12
1.263433802023428143e-13
3.995137554113625811e-13
8.802014672681934826e-12
4.038158696317850627e-12
4.137246101265645848e-13
2.794431352981519012e-13
3.217426325363703654e-13
1.918465386552270502e-13
1.953437411827962933e-13
2.283728761653947004e-13
1.837419105754634074e-13
5.228040222959862149e-13
7.602363183423221926e-12
3.506767098926388826e-11
1.093569679255779192e-12
3.662070646726078849e-13
4.951039578315885592e-13
3.304578832796778443e-13
1.295630269737557683e-13
2.097211293516920705e-13
1.886824030350453540e-13
4.838907052828744781e-13
7.626677067662512854e-12
1.824318474064057227e-11
1.395161763895202967e-12
5.399569680264448834e-13
5.941913627793837804e-13
4.283795540516166511e-13
3.015365734881925164e-13
3.066991105526994943e-13
1.886268918838140962e-13
9.676703882632864406e-13
5.788314272336947397e-12
9.291536730293703528e-06
3.850697538609892945e-12
7.731038031977277569e-13
7.899236820207988785e-13
3.602673714908632974e-13
3.286260152890463360e-13
3.981259766305811354e-13
3.751998711720716528e-13
4.123368313457831391e-13
1.155575635181094185e-12
2.967670553744028439e-11
7.297273896256228909e-12
1.352584710900828213e-12
5.236922007156863401e-13
3.590461261637756252e-13
2.861044734459028405e-13
3.255729019713271555e-13
1.448841047135829285e-13
2.267630527796882234e-13
5.881961584464079351e-13
3.387956581946127699e-12
2.651486696869653770e-09
3.594957664887488136e-12
1.084854428512471713e-12
6.925571227611726499e-13
3.977929097231935884e-13
3.682609772681644245e-13
1.467159727042144368e-13
1.720290576656680059e-13
5.602740493770852481e-13
1.777800129332263168e-12
1.529096849139932601e-10
9.808431844504639230e-12
1.856292897173261736e-12
6.963873921961294400e-13
6.445954880973658874e-13
7.588929484825257532e-13
1.639244295859043632e-13
1.951772077291025198e-13
2.639555241046309675e-13
1.022903983738387979e-12
5.134059843925342648e-12
1.647584846331540120e-10
4.880151838193569347e-12
1.413813510708905596e-12
1.388389403444989512e-12
1.405708882629141954e-12
1.115219028235969745e-13
2.176037128265306819e-13
2.528532938583794021e-13
5.940803404769212648e-13
1.754096867756516076e-12
2.582822844487964176e-11
1.679995031977910003e-11
4.078182236355587520e-12
4.610811732419506370e-12
1.033950702833408286e-12
1.365019208776629966e-13
1.020294959630518861e-13
1.369460100875130593e-13
6.716294187469884491e-13
1.298128271542964285e-12
3.988309682512181098e-12
5.397007563079370129e-09
1.069949684406878987e-11
3.448907825998048793e-12
1.626865309134473137e-12
2.431388423929092824e-13
1.298960938811433152e-12
5.171524319891318555e-11
2.167765966731849403e-12
3.622102617839573213e-13
2.887134975537719583e-13
3.186895192186511849e-13
2.093880624443045235e-13
2.327582571126640687e-13
1.417754802446324902e-13
2.434163981490655715e-13
1.372346680739156000e-12
7.093909348832028172e-10
2.518818487118323901e-12
8.353318037279677810e-13
3.236300116782331315e-13
3.232969447708455846e-13
4.746203430272544210e-13
2.787214903321455495e-13
3.810285420513537247e-13
2.345346139520643192e-13
9.552914015387159452e-13
6.877254321580039687e-11
6.273148667190753258e-12
8.312794896880859596e-13
6.061817714453354711e-13
5.956346527113964839e-13
4.354849814092176530e-13
6.086242620995108155e-13
2.399747067727275862e-13
2.560174294785610982e-13
6.537548280505234288e-13
4.188427382700865564e-12
2.176037128265306819e-11
3.092470723942142286e-12
7.776002064474596409e-13
5.501710198529963236e-13
3.505529200253931776e-13
3.539391002504999051e-13
4.699018951725975057e-13
2.270406085358445125e-13
3.809730309001224668e-13
2.004119092902101329e-12
2.342303573321657950e-10
3.955780147890664011e-12
1.212696609798058489e-12
5.244138456816926919e-13
5.385136780944321799e-13
8.529288386682765122e-13
3.828604100419852330e-13
8.341660695521113666e-13
3.294586825575152034e-13
6.386002837643900421e-13
9.534928402388231916e-12
3.749750510095850586e-11
7.360556608659862832e-12
1.424693696350232130e-12
1.777966662785956942e-12
1.680433570072636940e-12
7.768230503302220313e-13
1.517674874662588991e-13
2.960964806675292493e-13
6.165623567255806847e-13
3.526567926570578493e-12
3.875519460905252345e-09
1.089600631942744258e-11
3.476829935067371480e-12
2.311206781513419628e-12
1.149302875091962051e-12
9.577894033441225474e-13
1.540989558179717278e-13
1.755262601932372490e-13
4.347078252919800434e-13
1.610100941462633273e-12
9.936940159605001099e-12
1.085240231013528955e-10
9.947764834095096376e-12
2.830791157037992889e-12
1.666722315718516256e-12
1.773248214931300026e-12
1.031952301389083004e-13
2.626787676263120375e-13
4.256039964900537598e-13
9.849343562962076248e-13
5.100531108581662920e-12
1.044027642116418519e-10
1.993771814312594870e-11
8.889666780476090935e-12
3.356814826105392058e-12
2.058520021108733999e-12
9.509060205914465769e-14
1.367239654825880280e-13
2.250977182427504886e-13
6.195599588920686074e-13
1.639910429673818726e-12
8.240408355675299390e-12
1.578918940037254970e-09
2.551631128611120403e-11
8.567258014124945475e-12
8.760825398468341518e-12
