2.028601264953613281e+01
1.279063725471496582e+01
1.929200839996337891e+01
4.110174560546875000e+01
3.150950574874877930e+01
3.327621030807495117e+01
5.184657764434814453e+01
3.430601286888122559e+01
3.430070972442626953e+01
1.667332363128662109e+01
1.037962412834167480e+01
3.010975599288940430e+01
1.649107241630554199e+01
2.857102012634277344e+01
3.404551386833190918e+01
2.903424310684204102e+01
5.787636208534240723e+01
3.160389328002929688e+01
4.009766197204589844e+01
3.223939704895019531e+01
1.519003129005432129e+01
1.948640179634094238e+01
3.799328780174255371e+01
3.346493625640869141e+01
4.494111561775207520e+01
4.031590270996093750e+01
5.043262457847595215e+01
2.322169256210327148e+01
2.678014516830444336e+01
2.654500079154968262e+01
1.569558668136596680e+01
2.752136325836181641e+01
3.343467211723327637e+01
2.248843097686767578e+01
2.557319474220275879e+01
3.579836511611938477e+01
2.333525180816650391e+01
4.057172989845275879e+01
2.610620808601379395e+01
3.074764323234558105e+01
2.033604931831359863e+01
2.761061310768127441e+01
2.947031259536743164e+01
3.928148055076599121e+01
3.591065406799316406e+01
3.432480072975158691e+01
1.775506401062011719e+01
3.842379736900329590e+01
3.019611430168151855e+01
3.493054413795471191e+01
3.075024342536926270e+01
2.285117554664611816e+01
5.240423464775085449e+01
2.852432513236999512e+01
4.319977521896362305e+01
2.681874775886535645e+01
1.994523549079895020e+01
2.608574438095092773e+01
2.458451890945434570e+01
2.805387878417968750e+01
3.150563120841979980e+01
2.353825330734252930e+01
3.380396461486816406e+01
4.267230653762817383e+01
3.775560569763183594e+01
2.797165107727050781e+01
2.632746195793151855e+01
3.299916219711303711e+01
3.624683952331542969e+01
2.750247097015380859e+01
2.581534051895141602e+01
1.779640483856201172e+01
4.755499124526977539e+01
3.994002556800842285e+01
4.923231291770935059e+01
4.124641132354736328e+01
2.092246341705322266e+01
2.376176166534423828e+01
2.952055788040161133e+01
1.718689417839050293e+01
2.766883635520935059e+01
2.042977976799011230e+01
2.641601991653442383e+01
3.873321199417114258e+01
3.409053611755371094e+01
4.554004764556884766e+01
5.336326169967651367e+01
3.124900746345520020e+01
1.981082916259765625e+01
1.587465596199035645e+01
1.407211160659790039e+01
3.425622558593750000e+01
1.681406879425048828e+01
2.121156859397888184e+01
2.227012634277343750e+01
4.148932075500488281e+01
3.830244112014770508e+01
3.836341166496276855e+01
2.559643054008483887e+01
2.455437159538269043e+01
2.523718047142028809e+01
2.068248605728149414e+01
1.231967949867248535e+01
1.734675908088684082e+01
2.713711357116699219e+01
3.174749588966369629e+01
5.060860252380371094e+01
3.784506368637084961e+01
4.618492364883422852e+01
1.662354326248168945e+01
2.709448814392089844e+01
1.272763085365295410e+01
1.646155381202697754e+01
2.735906481742858887e+01
3.458639001846313477e+01
3.110082364082336426e+01
4.053242087364196777e+01
4.082694506645202637e+01
2.134471249580383301e+01
3.075306200981140137e+01
3.434957838058471680e+01
2.537360930442810059e+01
1.897553181648254395e+01
3.344613289833068848e+01
3.897977375984191895e+01
4.492236185073852539e+01
3.651086449623107910e+01
3.003906297683715820e+01
2.205445265769958496e+01
3.048773574829101562e+01
2.340471744537353516e+01
1.720934844017028809e+01
2.902502036094665527e+01
2.426299834251403809e+01
2.881873798370361328e+01
3.575116014480590820e+01
3.186936807632446289e+01
3.755177307128906250e+01
1.984726047515869141e+01
1.502503395080566406e+01
1.559012317657470703e+01
2.181618809700012207e+01
2.760037446022033691e+01
3.202415537834167480e+01
4.842714905738830566e+01
3.175778603553771973e+01
3.364173221588134766e+01
1.650122427940368652e+01
3.170339155197143555e+01
2.367319726943969727e+01
1.740966415405273438e+01
3.090790152549743652e+01
3.969555926322937012e+01
8.041392111778259277e+01
5.420816111564636230e+01
2.493549394607543945e+01
3.825628018379211426e+01
2.003387713432312012e+01
3.990834712982177734e+01
2.483260059356689453e+01
1.276945781707763672e+01
3.458481097221374512e+01
3.262354660034179688e+01
2.842913842201232910e+01
3.861538815498352051e+01
3.567143082618713379e+01
2.912999463081359863e+01
1.730891251564025879e+01
3.883890748023986816e+01
2.899947619438171387e+01
1.225615859031677246e+01
2.706910252571105957e+01
4.641440510749816895e+01
2.511616492271423340e+01
3.051637744903564453e+01
5.143664360046386719e+01
2.683388113975524902e+01
4.907883906364440918e+01
5.653527164459228516e+01
2.385952520370483398e+01
2.323285889625549316e+01
2.132900786399841309e+01
1.581083893775939941e+01
2.005565190315246582e+01
4.324322152137756348e+01
4.166321587562561035e+01
4.471489667892456055e+01
2.897355532646179199e+01
2.842155456542968750e+01
2.524927592277526855e+01
1.262959837913513184e+01
1.293493866920471191e+01
2.324572253227233887e+01
2.276196002960205078e+01
2.155940437316894531e+01
3.097735786437988281e+01
5.808648395538330078e+01
2.529377698898315430e+01
2.640095329284667969e+01
1.653660392761230469e+01
2.287620973587036133e+01
1.130643153190612793e+01
3.263169407844543457e+01
2.960617065429687500e+01
3.094725131988525391e+01
4.180242943763732910e+01
3.306496548652648926e+01
2.016098618507385254e+01
3.578615140914916992e+01
3.119241881370544434e+01
3.654523134231567383e+01
2.547142577171325684e+01
3.406068873405456543e+01
3.846000552177429199e+01
2.031160187721252441e+01
6.399653625488281250e+01
4.317023372650146484e+01
2.954027175903320312e+01
3.357221508026123047e+01
3.087932395935058594e+01
2.042273283004760742e+01
2.159981942176818848e+01
2.219984841346740723e+01
3.780513525009155273e+01
4.043292832374572754e+01
4.869999194145202637e+01
2.956876206398010254e+01
3.371087145805358887e+01
1.494986724853515625e+01
2.308731269836425781e+01
2.615936088562011719e+01
2.165342640876770020e+01
2.511145973205566406e+01
4.698675870895385742e+01
3.235963225364685059e+01
2.732739782333374023e+01
1.973744916915893555e+01
3.776419782638549805e+01
3.036807751655578613e+01
1.892811226844787598e+01
1.381356692314147949e+01
2.498684144020080566e+01
3.167149448394775391e+01
4.506770730018615723e+01
6.264786219596862793e+01
3.772644162178039551e+01
4.936445593833923340e+01
2.382062864303588867e+01
2.924523544311523438e+01
2.002439665794372559e+01
2.687951397895812988e+01
2.394478797912597656e+01
3.809715318679809570e+01
3.165042042732238770e+01
3.033418965339660645e+01
4.129261207580566406e+01
2.655145859718322754e+01
3.487003326416015625e+01
3.052934670448303223e+01
1.579112839698791504e+01
3.167451357841491699e+01
1.601230669021606445e+01
2.846878337860107422e+01
2.181618714332580566e+01
3.689033246040344238e+01
3.668137526512145996e+01
2.951996612548828125e+01
3.912629914283752441e+01
2.397689366340637207e+01
1.867246055603027344e+01
2.347414684295654297e+01
3.453629899024963379e+01
3.111116957664489746e+01
2.223267555236816406e+01
3.470439648628234863e+01
5.237235760688781738e+01
2.668563961982727051e+01
2.917367124557495117e+01
1.689527344703674316e+01
3.696000003814697266e+01
1.995896196365356445e+01
1.672503876686096191e+01
2.673457193374633789e+01
2.644675278663635254e+01
3.597916483879089355e+01
3.771616649627685547e+01
4.319198822975158691e+01
2.961467146873474121e+01
1.745839738845825195e+01
1.897875833511352539e+01
1.462044239044189453e+01
1.398780083656311035e+01
2.325705265998840332e+01
1.985378193855285645e+01
4.250923919677734375e+01
3.055157613754272461e+01
5.217710542678833008e+01
3.695719695091247559e+01
1.840294909477233887e+01
2.606625771522521973e+01
2.466939091682434082e+01
1.276821970939636230e+01
1.256970429420471191e+01
5.394570422172546387e+01
3.805132842063903809e+01
5.966172170639038086e+01
1.856913876533508301e+01
2.459244847297668457e+01
2.138507413864135742e+01
3.464756345748901367e+01
2.505274224281311035e+01
4.621172332763671875e+01
2.718702244758605957e+01
4.625336623191833496e+01
3.772462630271911621e+01
3.808310437202453613e+01
3.693386721611022949e+01
2.252746343612670898e+01
3.003335094451904297e+01
3.272882318496704102e+01
2.139722013473510742e+01
3.356595134735107422e+01
2.189654922485351562e+01
3.103298163414001465e+01
4.632639360427856445e+01
6.657830500602722168e+01
2.992741155624389648e+01
2.188172721862792969e+01
3.096211743354797363e+01
3.629973387718200684e+01
1.277061915397644043e+01
1.732114934921264648e+01
3.051538944244384766e+01
2.474801754951477051e+01
5.019074821472167969e+01
3.153537797927856445e+01
4.981707739830017090e+01
3.140991473197937012e+01
2.735620999336242676e+01
2.320020461082458496e+01
1.965075111389160156e+01
1.987621951103210449e+01
2.448575901985168457e+01
4.038023662567138672e+01
5.904074287414550781e+01
4.263790369033813477e+01
2.491425085067749023e+01
2.641284823417663574e+01
1.957190799713134766e+01
3.206540465354919434e+01
2.478705143928527832e+01
1.992299532890319824e+01
4.002084493637084961e+01
2.949350738525390625e+01
4.732264423370361328e+01
2.944601893424987793e+01
2.336026668548583984e+01
4.049735188484191895e+01
1.911520934104919434e+01
2.619936299324035645e+01
3.436400461196899414e+01
3.844420313835144043e+01
3.353775811195373535e+01
3.864589262008666992e+01
4.630822086334228516e+01
3.016491770744323730e+01
3.737414717674255371e+01
1.681738710403442383e+01
3.978378176689147949e+01
2.917897772789001465e+01
2.756734728813171387e+01
3.138860416412353516e+01
1.571381211280822754e+01
3.177366042137145996e+01
4.083282589912414551e+01
3.921191215515136719e+01
7.854331612586975098e+01
5.025581979751586914e+01
4.763785934448242188e+01
4.547450804710388184e+01
3.497814393043518066e+01
1.984297800064086914e+01
1.539635920524597168e+01
4.867842173576354980e+01
2.834510493278503418e+01
4.061050653457641602e+01
6.072376084327697754e+01
4.424268102645874023e+01
2.686201381683349609e+01
3.125117254257202148e+01
4.671964788436889648e+01
3.535278415679931641e+01
3.492582726478576660e+01
1.900362610816955566e+01
5.697106385231018066e+01
4.620614361763000488e+01
8.922826027870178223e+01
5.245736598968505859e+01
3.000374221801757812e+01
2.326184153556823730e+01
1.378131437301635742e+01
3.921760177612304688e+01
2.778169298171997070e+01
4.840554118156433105e+01
7.193059730529785156e+01
6.664877414703369141e+01
2.726093840599060059e+01
2.934517502784729004e+01
2.259378838539123535e+01
3.766224670410156250e+01
2.467047047615051270e+01
3.060882949829101562e+01
9.795310401916503906e+01
4.961890673637390137e+01
5.916333961486816406e+01
6.071226644515991211e+01
6.726785850524902344e+01
3.380067229270935059e+01
2.928740692138671875e+01
7.192503952980041504e+01
2.391522693634033203e+01
5.297027301788330078e+01
4.314159512519836426e+01
3.009877228736877441e+01
8.655923247337341309e+01
3.842449855804443359e+01
7.697568273544311523e+01
3.690297913551330566e+01
3.320498657226562500e+01
3.111767268180847168e+01
3.559909200668334961e+01
3.454775404930114746e+01
6.678165435791015625e+01
7.424368000030517578e+01
8.686068725585937500e+01
5.046801185607910156e+01
3.888753938674926758e+01
2.522544455528259277e+01
5.550070643424987793e+01
3.154621934890747070e+01
4.367591929435729980e+01
4.191931080818176270e+01
4.237135291099548340e+01
2.905641317367553711e+01
5.088738393783569336e+01
4.551775908470153809e+01
5.640954828262329102e+01
3.472614622116088867e+01
2.319370126724243164e+01
1.951917982101440430e+01
1.969581604003906250e+01
2.877843952178955078e+01
5.477124238014221191e+01
4.637058782577514648e+01
6.590303707122802734e+01
3.997096633911132812e+01
5.088525223731994629e+01
3.709448575973510742e+01
3.135547971725463867e+01
3.979898715019226074e+01
3.400034999847412109e+01
2.303196287155151367e+01
2.974519014358520508e+01
6.745858192443847656e+01
5.578396749496459961e+01
8.516632533073425293e+01
5.449347567558288574e+01
3.882505130767822266e+01
2.475658226013183594e+01
4.089273524284362793e+01
6.634531927108764648e+01
4.522629904747009277e+01
2.246882629394531250e+01
4.475068569183349609e+01
6.291864633560180664e+01
6.673520994186401367e+01
4.833165383338928223e+01
5.045170116424560547e+01
2.201364398002624512e+01
2.399659872055053711e+01
3.521599221229553223e+01
1.870634698867797852e+01
2.249544191360473633e+01
4.563675808906555176e+01
5.233822274208068848e+01
9.989551854133605957e+01
1.137046449184417725e+02
4.465444350242614746e+01
4.007889914512634277e+01
3.814638519287109375e+01
1.761789608001708984e+01
2.849446630477905273e+01
3.773580932617187500e+01
2.907740139961242676e+01
4.309392523765563965e+01
5.095352125167846680e+01
9.509491300582885742e+01
5.667099976539611816e+01
4.576825022697448730e+01
5.049203681945800781e+01
4.286463189125061035e+01
4.097877955436706543e+01
5.185653400421142578e+01
8.032891750335693359e+01
8.495794820785522461e+01
3.537538981437683105e+01
2.927887678146362305e+01
3.629636716842651367e+01
3.629622840881347656e+01
6.256117081642150879e+01
2.455315971374511719e+01
6.014026522636413574e+01
6.830603265762329102e+01
4.412184858322143555e+01
6.738295340538024902e+01
6.217537641525268555e+01
2.509948563575744629e+01
2.359602308273315430e+01
2.122789549827575684e+01
2.703730559349060059e+01
5.332940173149108887e+01
2.063738584518432617e+01
3.236314892768859863e+01
4.095871376991271973e+01
4.136893701553344727e+01
6.160513591766357422e+01
4.612981295585632324e+01
2.185888338088989258e+01
2.266711330413818359e+01
2.824185681343078613e+01
3.966189408302307129e+01
3.923989391326904297e+01
4.614987516403198242e+01
3.563492655754089355e+01
6.678827309608459473e+01
2.795160269737243652e+01
4.951016020774841309e+01
6.501703906059265137e+01
2.348075056076049805e+01
2.319387912750244141e+01
3.619715690612792969e+01
1.831624317169189453e+01
5.576782989501953125e+01
4.757326340675354004e+01
9.799106693267822266e+01
7.238502836227416992e+01
6.153519296646118164e+01
3.353728818893432617e+01
2.749275755882263184e+01
3.216350817680358887e+01
1.994764280319213867e+01
1.913484120368957520e+01
3.355540132522583008e+01
4.907965755462646484e+01
5.767761063575744629e+01
6.336451792716979980e+01
1.957061791419982910e+01
3.974981737136840820e+01
3.398827767372131348e+01
3.201096081733703613e+01
5.507435798645019531e+01
1.719421362876892090e+01
6.551062798500061035e+01
4.867961239814758301e+01
3.349689149856567383e+01
6.315588736534118652e+01
4.725243782997131348e+01
5.458930206298828125e+01
3.385972714424133301e+01
1.973340702056884766e+01
1.289764690399169922e+01
4.154255461692810059e+01
1.757310700416564941e+01
2.649714684486389160e+01
4.379891753196716309e+01
5.645625758171081543e+01
3.247412776947021484e+01
2.431816196441650391e+01
2.328261566162109375e+01
1.831226801872253418e+01
1.828845596313476562e+01
3.361236810684204102e+01
1.688068580627441406e+01
2.504866027832031250e+01
2.556575369834899902e+01
3.646535205841064453e+01
8.221884298324584961e+01
4.376757454872131348e+01
3.404489135742187500e+01
4.536227631568908691e+01
2.537055993080139160e+01
3.390220952033996582e+01
4.509613704681396484e+01
2.653331995010375977e+01
3.453705930709838867e+01
3.222602128982543945e+01
7.544456982612609863e+01
3.140192675590515137e+01
6.708895516395568848e+01
5.433885574340820312e+01
3.083420777320861816e+01
4.233947896957397461e+01
5.365134286880493164e+01
5.352040886878967285e+01
5.309016704559326172e+01
2.638016009330749512e+01
5.491369223594665527e+01
1.935395693778991699e+01
3.031711864471435547e+01
6.586283946037292480e+01
2.405940055847167969e+01
2.493221116065979004e+01
5.115917444229125977e+01
4.114063143730163574e+01
4.660339379310607910e+01
2.503283619880676270e+01
2.311488175392150879e+01
4.420031905174255371e+01
2.731740546226501465e+01
4.142787694931030273e+01
1.968295192718505859e+01
2.499002027511596680e+01
4.714827847480773926e+01
5.077284741401672363e+01
5.699659204483032227e+01
4.289462876319885254e+01
3.850409483909606934e+01
4.009004402160644531e+01
3.776145935058593750e+01
2.408785390853881836e+01
1.661940455436706543e+01
2.897330021858215332e+01
6.388064718246459961e+01
3.953464245796203613e+01
4.661045908927917480e+01
3.978771686553955078e+01
3.149069452285766602e+01
3.487149095535278320e+01
2.398451089859008789e+01
3.296218872070312500e+01
2.309414410591125488e+01
4.335645079612731934e+01
3.976615357398986816e+01
3.743685102462768555e+01
5.310609388351440430e+01
5.595876240730285645e+01
3.081373596191406250e+01
3.002934432029724121e+01
2.550413537025451660e+01
3.429978775978088379e+01
2.947333478927612305e+01
2.662171959877014160e+01
2.334417295455932617e+01
3.867147302627563477e+01
9.759984683990478516e+01
3.326847386360168457e+01
3.851146602630615234e+01
3.172781205177307129e+01
3.135136222839355469e+01
6.295380616188049316e+01
3.695906233787536621e+01
2.047217249870300293e+01
4.701085233688354492e+01
3.956137347221374512e+01
6.293804049491882324e+01
3.733323645591735840e+01
2.138097715377807617e+01
2.072355961799621582e+01
2.305288934707641602e+01
3.294189023971557617e+01
2.819735550880432129e+01
1.592910552024841309e+01
2.371672153472900391e+01
4.374150609970092773e+01
4.630852174758911133e+01
7.296793222427368164e+01
3.697897028923034668e+01
3.158262681961059570e+01
3.844333863258361816e+01
3.283710932731628418e+01
2.512195277214050293e+01
3.623919892311096191e+01
1.729893517494201660e+01
4.091355443000793457e+01
4.085292053222656250e+01
3.323173761367797852e+01
7.124557638168334961e+01
4.421855425834655762e+01
3.814392995834350586e+01
3.948643708229064941e+01
3.392688870429992676e+01
1.595196390151977539e+01
1.550679397583007812e+01
1.977807998657226562e+01
4.844746017456054688e+01
5.597766494750976562e+01
6.027036046981811523e+01
6.259667897224426270e+01
6.723421382904052734e+01
4.131005764007568359e+01
1.698545241355895996e+01
3.121393370628356934e+01
6.955933666229248047e+01
7.802551698684692383e+01
4.710750865936279297e+01
3.804172372817993164e+01
3.044137430191040039e+01
3.970779180526733398e+01
3.528314113616943359e+01
5.461904358863830566e+01
4.338204216957092285e+01
3.736685466766357422e+01
3.453693771362304688e+01
9.168939900398254395e+01
5.394243335723876953e+01
5.055670666694641113e+01
4.667418932914733887e+01
2.266876506805419922e+01
5.921317243576049805e+01
2.475639200210571289e+01
2.167445206642150879e+01
3.593251991271972656e+01
4.392142343521118164e+01
5.533558654785156250e+01
4.020973849296569824e+01
6.822986149787902832e+01
2.549875283241271973e+01
3.692780971527099609e+01
4.090569853782653809e+01
4.325509548187255859e+01
1.659659218788146973e+01
5.686484384536743164e+01
3.116013932228088379e+01
7.109368538856506348e+01
3.432397937774658203e+01
4.043234539031982422e+01
2.127293109893798828e+01
4.145473647117614746e+01
3.950266408920288086e+01
4.792566704750061035e+01
1.879451370239257812e+01
3.550491142272949219e+01
5.608888983726501465e+01
3.555901408195495605e+01
3.246882200241088867e+01
2.820092916488647461e+01
3.116931700706481934e+01
4.021321511268615723e+01
3.389838814735412598e+01
1.789967703819274902e+01
3.064514732360839844e+01
6.256921172142028809e+01
5.495408344268798828e+01
4.375474500656127930e+01
7.355049514770507812e+01
4.380856132507324219e+01
6.530748033523559570e+01
2.543590950965881348e+01
3.006128311157226562e+01
2.422314977645874023e+01
4.152722692489624023e+01
2.608016991615295410e+01
2.676596879959106445e+01
4.595293664932250977e+01
5.789354848861694336e+01
5.308633613586425781e+01
3.335806584358215332e+01
3.001641726493835449e+01
4.000804209709167480e+01
3.376888275146484375e+01
3.238434481620788574e+01
2.175839161872863770e+01
2.169971251487731934e+01
3.550759410858154297e+01
6.081120944023132324e+01
5.263177204132080078e+01
4.682812976837158203e+01
4.115195131301879883e+01
2.244118928909301758e+01
2.812173819541931152e+01
2.793659853935241699e+01
2.346450257301330566e+01
4.145864248275756836e+01
3.642066645622253418e+01
4.613616418838500977e+01
4.127079200744628906e+01
4.029415106773376465e+01
5.412067389488220215e+01
3.116543245315551758e+01
2.318075680732727051e+01
1.473614597320556641e+01
3.512846803665161133e+01
2.193663740158081055e+01
3.146124243736267090e+01
3.965597939491271973e+01
4.515338230133056641e+01
9.269792461395263672e+01
4.575824308395385742e+01
2.749763226509094238e+01
4.493103957176208496e+01
4.643675398826599121e+01
2.647694444656372070e+01
4.631562566757202148e+01
2.542703008651733398e+01
4.995186185836791992e+01
3.402143383026123047e+01
2.349847888946533203e+01
1.886463928222656250e+01
3.575692796707153320e+01
4.184777879714965820e+01
4.634651947021484375e+01
4.885723495483398438e+01
3.876651597023010254e+01
3.665760421752929688e+01
1.780843615531921387e+01
3.245529389381408691e+01
3.160999536514282227e+01
1.952432131767272949e+01
1.995808625221252441e+01
2.079372262954711914e+01
3.965065360069274902e+01
3.116504216194152832e+01
4.567638468742370605e+01
5.865267610549926758e+01
3.289259576797485352e+01
2.836361646652221680e+01
2.135693621635437012e+01
2.646576833724975586e+01
2.277126288414001465e+01
5.383822607994079590e+01
2.440006875991821289e+01
3.388930869102478027e+01
5.478792214393615723e+01
8.374541854858398438e+01
2.087957024574279785e+01
2.622268342971801758e+01
4.810852289199829102e+01
2.796938180923461914e+01
1.896507406234741211e+01
2.853406858444213867e+01
2.873922681808471680e+01
2.840976095199584961e+01
3.722273707389831543e+01
6.600848913192749023e+01
3.536057472229003906e+01
3.606976461410522461e+01
4.751559638977050781e+01
2.099118232727050781e+01
3.258939671516418457e+01
4.072193145751953125e+01
3.292172098159790039e+01
3.122181272506713867e+01
2.675356030464172363e+01
7.162874221801757812e+01
3.958625340461730957e+01
7.282761859893798828e+01
7.529051589965820312e+01
2.299427008628845215e+01
2.619474864006042480e+01
2.964852809906005859e+01
1.200478601455688477e+01
2.563733625411987305e+01
3.326308369636535645e+01
6.068877291679382324e+01
5.134597086906433105e+01
4.885547232627868652e+01
2.764033317565917969e+01
2.495395898818969727e+01
2.038470458984375000e+01
4.443045735359191895e+01
2.217199945449829102e+01
2.343584060668945312e+01
2.934066390991210938e+01
3.064867472648620605e+01
4.178028059005737305e+01
3.904035067558288574e+01
4.868394327163696289e+01
3.324907159805297852e+01
2.980392599105834961e+01
1.554511189460754395e+01
3.326212191581726074e+01
1.795799398422241211e+01
3.057501578330993652e+01
3.875953316688537598e+01
3.368571400642395020e+01
4.450617671012878418e+01
3.084774112701416016e+01
3.718937063217163086e+01
2.722983407974243164e+01
4.300578355789184570e+01
9.629157304763793945e+00
1.627349352836608887e+01
2.448790097236633301e+01
1.337314939498901367e+01
3.519150686264038086e+01
3.698553061485290527e+01
8.779442715644836426e+01
4.818094182014465332e+01
3.051399874687194824e+01
3.473374986648559570e+01
3.397086763381958008e+01
2.177215123176574707e+01
2.606526017189025879e+01
1.671685004234313965e+01
1.532435345649719238e+01
2.306624507904052734e+01
1.893764519691467285e+01
1.397097158432006836e+01
3.130880784988403320e+01
1.555235648155212402e+01
3.228157377243041992e+01
3.104248738288879395e+01
5.200355577468872070e+01
1.656515693664550781e+01
2.315777659416198730e+01
5.153212738037109375e+01
1.882847738265991211e+01
1.742094421386718750e+01
1.323412132263183594e+01
2.067937231063842773e+01
1.305179476737976074e+01
4.115343880653381348e+01
4.037196803092956543e+01
4.056692290306091309e+01
2.633956861495971680e+01
1.618800425529479980e+01
1.891301012039184570e+01
2.722486281394958496e+01
3.514038443565368652e+01
2.000790524482727051e+01
3.489234876632690430e+01
3.734204769134521484e+01
2.394343185424804688e+01
4.111064076423645020e+01
1.961059737205505371e+01
2.865577030181884766e+01
1.580852484703063965e+01
2.288238787651062012e+01
2.081995630264282227e+01
2.776602125167846680e+01
2.902685952186584473e+01
2.203054738044738770e+01
3.780926227569580078e+01
4.673934483528137207e+01
5.424170804023742676e+01
3.065398716926574707e+01
3.019630861282348633e+01
3.116879534721374512e+01
2.396756649017333984e+01
2.046670246124267578e+01
1.186450028419494629e+01
2.168306875228881836e+01
2.986309599876403809e+01
5.925820493698120117e+01
3.898805952072143555e+01
2.748909211158752441e+01
2.010390043258666992e+01
2.250900697708129883e+01
2.835556793212890625e+01
2.913804292678833008e+01
1.473333859443664551e+01
1.445715260505676270e+01
2.780235457420349121e+01
4.919085288047790527e+01
4.996156787872314453e+01
3.079211807250976562e+01
2.049295210838317871e+01
2.662621021270751953e+01
3.215590953826904297e+01
3.079121899604797363e+01
1.395652961730957031e+01
1.335553240776062012e+01
2.276594448089599609e+01
3.375374460220336914e+01
5.526625895500183105e+01
5.875036144256591797e+01
3.272017669677734375e+01
1.687364864349365234e+01
1.928536748886108398e+01
3.035107564926147461e+01
1.204760169982910156e+01
3.120404624938964844e+01
1.536367130279541016e+01
3.140761780738830566e+01
4.105454564094543457e+01
3.767012357711791992e+01
3.326607036590576172e+01
2.283366036415100098e+01
1.848449015617370605e+01
2.402159976959228516e+01
4.295733928680419922e+01
1.606957316398620605e+01
2.605828785896301270e+01
2.387073516845703125e+01
3.248302912712097168e+01
5.614660596847534180e+01
4.095594382286071777e+01
3.381527805328369141e+01
3.146060705184936523e+01
2.373980331420898438e+01
