2.477980136871337891e+00
2.373301506042480469e+00
2.522382259368896484e+00
2.361629724502563477e+00
2.438918113708496094e+00
2.522482395172119141e+00
2.474907398223876953e+00
2.316524744033813477e+00
2.492405176162719727e+00
2.286466360092163086e+00
2.327881574630737305e+00
2.432988882064819336e+00
2.443166255950927734e+00
2.553837776184082031e+00
2.634143114089965820e+00
2.380992650985717773e+00
2.340608119964599609e+00
2.434429645538330078e+00
2.316062211990356445e+00
2.344857215881347656e+00
2.400502204895019531e+00
2.430265665054321289e+00
2.643423557281494141e+00
2.397276639938354492e+00
2.346701860427856445e+00
2.506366252899169922e+00
2.521440744400024414e+00
2.278420925140380859e+00
2.426540374755859375e+00
2.494172811508178711e+00
2.376478910446166992e+00
2.426995038986206055e+00
2.400640249252319336e+00
2.406587600708007812e+00
2.701313972473144531e+00
2.384791851043701172e+00
2.471310377120971680e+00
2.430953979492187500e+00
2.375858068466186523e+00
2.649425745010375977e+00
2.363099813461303711e+00
2.451070308685302734e+00
2.449516296386718750e+00
2.480871677398681641e+00
2.496473312377929688e+00
2.370917558670043945e+00
2.366924762725830078e+00
2.342457771301269531e+00
2.355234146118164062e+00
2.430456876754760742e+00
2.396139621734619141e+00
2.316080808639526367e+00
2.375634431838989258e+00
2.423083066940307617e+00
2.479202747344970703e+00
2.362269639968872070e+00
2.377275228500366211e+00
2.334844589233398438e+00
2.463244676589965820e+00
2.168118953704833984e+00
2.437669277191162109e+00
2.487038135528564453e+00
2.442780494689941406e+00
2.483035802841186523e+00
2.488236904144287109e+00
2.537904500961303711e+00
2.471830606460571289e+00
2.346055030822753906e+00
2.445696115493774414e+00
2.296953916549682617e+00
2.557572364807128906e+00
2.779079675674438477e+00
2.593359708786010742e+00
2.319111347198486328e+00
2.510735034942626953e+00
2.579322099685668945e+00
2.586426734924316406e+00
2.457098007202148438e+00
2.466313362121582031e+00
2.689563035964965820e+00
2.549607515335083008e+00
2.469308853149414062e+00
2.593230009078979492e+00
2.451154232025146484e+00
2.646518707275390625e+00
2.417190074920654297e+00
2.521621704101562500e+00
2.440549850463867188e+00
2.588868856430053711e+00
2.580626249313354492e+00
2.527960062026977539e+00
2.537678956985473633e+00
2.614012241363525391e+00
2.703739404678344727e+00
2.571432352066040039e+00
2.557630062103271484e+00
2.592454910278320312e+00
2.384814262390136719e+00
2.415660619735717773e+00
2.555321455001831055e+00
2.461494207382202148e+00
2.529140233993530273e+00
2.502464056015014648e+00
2.397400379180908203e+00
2.475110292434692383e+00
2.554093122482299805e+00
2.579631805419921875e+00
2.408937454223632812e+00
2.702733278274536133e+00
2.763327360153198242e+00
2.581801176071166992e+00
2.605016946792602539e+00
2.576295852661132812e+00
2.657823085784912109e+00
2.472298383712768555e+00
2.593592643737792969e+00
2.616974353790283203e+00
2.466519117355346680e+00
2.515191793441772461e+00
2.417315006256103516e+00
2.402699232101440430e+00
2.607236385345458984e+00
2.306062936782836914e+00
2.393924951553344727e+00
2.542382955551147461e+00
2.326976060867309570e+00
2.385288476943969727e+00
2.522714853286743164e+00
2.454190492630004883e+00
2.448918819427490234e+00
2.301505804061889648e+00
2.673256874084472656e+00
2.338268756866455078e+00
2.360082864761352539e+00
2.577477455139160156e+00
2.528173446655273438e+00
2.398216962814331055e+00
2.389945507049560547e+00
2.502778053283691406e+00
2.425376653671264648e+00
2.369124650955200195e+00
2.627618312835693359e+00
2.572443723678588867e+00
2.424904346466064453e+00
2.486141920089721680e+00
2.323660612106323242e+00
2.676727533340454102e+00
2.579975128173828125e+00
2.677449464797973633e+00
2.537319660186767578e+00
2.424287080764770508e+00
2.366772651672363281e+00
2.417508363723754883e+00
2.581299304962158203e+00
2.561612606048583984e+00
2.273194074630737305e+00
2.463778972625732422e+00
2.465716361999511719e+00
2.596605539321899414e+00
2.376737594604492188e+00
2.472402572631835938e+00
2.570379734039306641e+00
2.455429077148437500e+00
2.568472146987915039e+00
2.413006067276000977e+00
2.472337722778320312e+00
2.374001741409301758e+00
2.466150999069213867e+00
2.379732608795166016e+00
2.324229955673217773e+00
2.442256689071655273e+00
2.369198799133300781e+00
2.413959980010986328e+00
2.271440744400024414e+00
2.555841922760009766e+00
2.563580036163330078e+00
2.428357362747192383e+00
2.500150918960571289e+00
2.595205307006835938e+00
2.288414478302001953e+00
2.413458824157714844e+00
2.437379598617553711e+00
2.507545471191406250e+00
2.361547946929931641e+00
2.576231241226196289e+00
2.478158235549926758e+00
2.539355754852294922e+00
2.531844615936279297e+00
2.600258111953735352e+00
2.373687505722045898e+00
2.367483139038085938e+00
2.311058282852172852e+00
2.557942390441894531e+00
2.524456262588500977e+00
2.514516353607177734e+00
2.568305015563964844e+00
2.406999111175537109e+00
2.424253463745117188e+00
2.575999498367309570e+00
2.442879438400268555e+00
2.420464754104614258e+00
2.472931861877441406e+00
2.572067022323608398e+00
2.525581598281860352e+00
2.507023572921752930e+00
2.540803670883178711e+00
2.339555025100708008e+00
2.475136518478393555e+00
2.498377799987792969e+00
2.323463678359985352e+00
2.379995584487915039e+00
2.349627733230590820e+00
2.588545322418212891e+00
2.429605007171630859e+00
2.628975629806518555e+00
2.560796499252319336e+00
2.457973480224609375e+00
2.623973608016967773e+00
2.544241666793823242e+00
2.437103748321533203e+00
2.610466480255126953e+00
2.638256072998046875e+00
2.536236524581909180e+00
2.379915714263916016e+00
2.655298948287963867e+00
2.516645431518554688e+00
2.663983345031738281e+00
2.428146600723266602e+00
2.294032573699951172e+00
2.388111352920532227e+00
2.474740982055664062e+00
2.327261924743652344e+00
2.383533477783203125e+00
2.396504402160644531e+00
2.479073524475097656e+00
2.585651159286499023e+00
2.532865047454833984e+00
2.459075927734375000e+00
2.266347408294677734e+00
2.589139223098754883e+00
2.496813297271728516e+00
2.551761627197265625e+00
2.411051034927368164e+00
2.538051605224609375e+00
2.610244274139404297e+00
2.586046934127807617e+00
2.308838129043579102e+00
2.221024036407470703e+00
2.426396846771240234e+00
2.507814168930053711e+00
2.307855606079101562e+00
2.493464946746826172e+00
2.340364217758178711e+00
2.660802125930786133e+00
2.462739467620849609e+00
2.462774276733398438e+00
2.366868734359741211e+00
2.421153545379638672e+00
2.368023157119750977e+00
2.474177122116088867e+00
2.341396808624267578e+00
2.643138408660888672e+00
2.398959875106811523e+00
2.381281614303588867e+00
2.328224658966064453e+00
2.375763893127441406e+00
2.491761684417724609e+00
2.364276170730590820e+00
2.568645000457763672e+00
2.541060686111450195e+00
2.512590169906616211e+00
2.384407520294189453e+00
2.346740007400512695e+00
2.456609249114990234e+00
2.339831829071044922e+00
2.472489833831787109e+00
2.392724752426147461e+00
2.389089107513427734e+00
2.432411193847656250e+00
2.555649518966674805e+00
2.552565813064575195e+00
2.515070438385009766e+00
2.630327224731445312e+00
2.435678005218505859e+00
2.591455936431884766e+00
2.350087165832519531e+00
2.194282054901123047e+00
2.344225168228149414e+00
2.520490884780883789e+00
2.408702135086059570e+00
2.180953025817871094e+00
2.374785661697387695e+00
2.483147621154785156e+00
2.483453273773193359e+00
2.412106513977050781e+00
2.872862815856933594e+00
2.412268877029418945e+00
2.526814222335815430e+00
2.637903451919555664e+00
2.536790609359741211e+00
2.406774520874023438e+00
2.389176607131958008e+00
2.345954656600952148e+00
2.459226608276367188e+00
2.385256528854370117e+00
2.514455556869506836e+00
2.644894838333129883e+00
2.554944038391113281e+00
2.540561199188232422e+00
2.377189874649047852e+00
2.495853424072265625e+00
2.566259622573852539e+00
2.436327695846557617e+00
2.499328851699829102e+00
2.360427141189575195e+00
2.506908416748046875e+00
2.533719301223754883e+00
2.477740526199340820e+00
2.335615873336791992e+00
2.388585567474365234e+00
2.630171298980712891e+00
2.573675632476806641e+00
2.474087238311767578e+00
2.568584918975830078e+00
2.360427379608154297e+00
2.532645463943481445e+00
2.413371801376342773e+00
2.425973653793334961e+00
2.519935607910156250e+00
2.499110221862792969e+00
2.476132631301879883e+00
2.510082244873046875e+00
2.513595342636108398e+00
2.455704689025878906e+00
2.500821113586425781e+00
2.367906093597412109e+00
2.594808101654052734e+00
2.452719449996948242e+00
2.478034973144531250e+00
2.451677083969116211e+00
2.569962978363037109e+00
2.655629873275756836e+00
2.625432729721069336e+00
2.590787410736083984e+00
2.412234306335449219e+00
2.508774995803833008e+00
2.616322040557861328e+00
2.477833986282348633e+00
2.497703313827514648e+00
2.557574748992919922e+00
2.508893251419067383e+00
2.331297159194946289e+00
2.499505996704101562e+00
2.555499792098999023e+00
2.540200233459472656e+00
2.524183750152587891e+00
2.383847475051879883e+00
2.465090513229370117e+00
2.442748785018920898e+00
2.605199098587036133e+00
2.557041645050048828e+00
2.744704008102416992e+00
2.517134904861450195e+00
2.531567335128784180e+00
2.552925348281860352e+00
2.655684232711791992e+00
3.070838451385498047e+00
2.998202800750732422e+00
2.666646718978881836e+00
2.668192863464355469e+00
2.935379266738891602e+00
2.874366998672485352e+00
2.913133144378662109e+00
3.013045787811279297e+00
2.841042995452880859e+00
3.032503843307495117e+00
2.895413398742675781e+00
3.996983051300048828e+00
3.427353858947753906e+00
3.606096982955932617e+00
3.668783903121948242e+00
3.538872241973876953e+00
2.816008806228637695e+00
2.882692098617553711e+00
2.798145771026611328e+00
2.901974678039550781e+00
3.850903034210205078e+00
3.423835515975952148e+00
3.817152976989746094e+00
3.531204938888549805e+00
3.669771194458007812e+00
3.511657238006591797e+00
3.102147817611694336e+00
2.916906595230102539e+00
2.889793634414672852e+00
3.849641561508178711e+00
2.958773612976074219e+00
3.736639976501464844e+00
3.098784923553466797e+00
3.182736635208129883e+00
2.890743732452392578e+00
2.942207574844360352e+00
3.261865615844726562e+00
3.304247856140136719e+00
3.683747291564941406e+00
3.557271718978881836e+00
3.604501485824584961e+00
3.609780073165893555e+00
3.732115507125854492e+00
3.482760190963745117e+00
3.796139001846313477e+00
3.781712532043457031e+00
3.814207553863525391e+00
3.392047882080078125e+00
3.517331600189208984e+00
3.688108444213867188e+00
3.625994205474853516e+00
3.554792881011962891e+00
3.648513555526733398e+00
3.736781597137451172e+00
3.632627010345458984e+00
3.839101791381835938e+00
3.336114645004272461e+00
3.686484336853027344e+00
3.568463087081909180e+00
3.710921764373779297e+00
3.261109352111816406e+00
3.863022565841674805e+00
3.982079505920410156e+00
3.636542320251464844e+00
2.923441410064697266e+00
3.434206247329711914e+00
3.439516544342041016e+00
3.463682651519775391e+00
3.724017858505249023e+00
2.809207201004028320e+00
3.642018795013427734e+00
3.065635681152343750e+00
2.809312582015991211e+00
3.028505563735961914e+00
2.733085393905639648e+00
3.744835853576660156e+00
3.530965805053710938e+00
3.477530956268310547e+00
2.686729907989501953e+00
2.900297880172729492e+00
3.483089685440063477e+00
3.518470048904418945e+00
3.710623979568481445e+00
3.823758363723754883e+00
3.797620773315429688e+00
3.512734413146972656e+00
3.424482345581054688e+00
3.553421497344970703e+00
3.459434270858764648e+00
3.603742837905883789e+00
3.607903718948364258e+00
3.445407390594482422e+00
2.850216865539550781e+00
3.715487957000732422e+00
3.519206047058105469e+00
3.671809673309326172e+00
3.769932985305786133e+00
3.685947418212890625e+00
3.813062906265258789e+00
3.784961462020874023e+00
3.780627489089965820e+00
3.635417938232421875e+00
3.899164199829101562e+00
3.605165004730224609e+00
3.586778879165649414e+00
3.567536115646362305e+00
3.629213571548461914e+00
3.695986986160278320e+00
3.642864227294921875e+00
3.440439701080322266e+00
3.666921615600585938e+00
3.595981597900390625e+00
3.938579559326171875e+00
3.538004636764526367e+00
2.871751546859741211e+00
3.625888109207153320e+00
2.952726125717163086e+00
3.278566360473632812e+00
3.826494693756103516e+00
3.547827005386352539e+00
3.649217844009399414e+00
3.883038759231567383e+00
4.057641744613647461e+00
3.802140712738037109e+00
4.253435373306274414e+00
3.539915800094604492e+00
3.543797731399536133e+00
3.584655046463012695e+00
4.009197950363159180e+00
3.315075635910034180e+00
3.760746002197265625e+00
3.396434783935546875e+00
3.634401082992553711e+00
3.236760616302490234e+00
3.055513143539428711e+00
3.092444419860839844e+00
3.753469944000244141e+00
3.822672128677368164e+00
3.686155080795288086e+00
3.684915542602539062e+00
4.042725086212158203e+00
3.679711580276489258e+00
3.435213088989257812e+00
3.734245300292968750e+00
3.327368736267089844e+00
3.976085901260375977e+00
3.702258348464965820e+00
3.740314245223999023e+00
4.243876457214355469e+00
4.128034591674804688e+00
3.457153081893920898e+00
3.537433862686157227e+00
3.920617818832397461e+00
3.975656032562255859e+00
4.062771320343017578e+00
4.013569116592407227e+00
4.266605854034423828e+00
3.312060117721557617e+00
2.995952367782592773e+00
3.523594856262207031e+00
3.651227474212646484e+00
3.521852493286132812e+00
3.451527118682861328e+00
3.499527215957641602e+00
3.485337257385253906e+00
3.265451192855834961e+00
3.629826545715332031e+00
3.325815200805664062e+00
3.420639991760253906e+00
3.558283329010009766e+00
3.688618659973144531e+00
3.577980518341064453e+00
3.526532173156738281e+00
3.681310176849365234e+00
3.710284709930419922e+00
3.626673936843872070e+00
3.834470510482788086e+00
3.784258365631103516e+00
3.347380161285400391e+00
3.364259719848632812e+00
3.381349563598632812e+00
3.140994787216186523e+00
3.167816400527954102e+00
3.132394313812255859e+00
3.100648164749145508e+00
3.031193971633911133e+00
3.152217626571655273e+00
3.081602334976196289e+00
3.474042892456054688e+00
3.343549728393554688e+00
2.863064765930175781e+00
3.094766855239868164e+00
3.584360361099243164e+00
3.361877918243408203e+00
3.454200029373168945e+00
2.832144975662231445e+00
3.065660953521728516e+00
3.449158668518066406e+00
2.759104251861572266e+00
3.007356643676757812e+00
2.817105531692504883e+00
2.997856140136718750e+00
3.485869407653808594e+00
3.107616424560546875e+00
2.931547403335571289e+00
3.208993196487426758e+00
3.542850494384765625e+00
3.330606698989868164e+00
3.080779314041137695e+00
3.432844400405883789e+00
3.426268339157104492e+00
3.282404422760009766e+00
2.946792125701904297e+00
3.046967267990112305e+00
3.377036571502685547e+00
3.337596416473388672e+00
3.172471761703491211e+00
2.926601409912109375e+00
3.092922210693359375e+00
2.862544059753417969e+00
2.747206449508666992e+00
2.762390613555908203e+00
3.538622379302978516e+00
3.636898994445800781e+00
3.396287918090820312e+00
3.259106636047363281e+00
2.746564149856567383e+00
2.964749097824096680e+00
3.073401927947998047e+00
3.089024066925048828e+00
3.138180255889892578e+00
3.167406320571899414e+00
3.121235370635986328e+00
3.207821130752563477e+00
3.374052524566650391e+00
3.424566030502319336e+00
3.147303819656372070e+00
3.248598814010620117e+00
3.603832721710205078e+00
3.281533718109130859e+00
3.423477649688720703e+00
2.848123550415039062e+00
2.708002805709838867e+00
3.345528602600097656e+00
3.223902463912963867e+00
3.237152099609375000e+00
3.471848249435424805e+00
3.135475635528564453e+00
2.995492458343505859e+00
3.467449426651000977e+00
3.173028230667114258e+00
3.305231332778930664e+00
3.370069980621337891e+00
3.215760946273803711e+00
3.645067930221557617e+00
2.864008903503417969e+00
3.528700828552246094e+00
3.471828222274780273e+00
3.438943147659301758e+00
3.740755319595336914e+00
3.296747446060180664e+00
2.881866931915283203e+00
3.451812505722045898e+00
3.278203725814819336e+00
3.394055604934692383e+00
3.353165149688720703e+00
3.785823345184326172e+00
3.001871585845947266e+00
3.356900215148925781e+00
3.533892393112182617e+00
3.532183647155761719e+00
3.605141639709472656e+00
3.284960508346557617e+00
2.898977756500244141e+00
3.611478090286254883e+00
3.755522012710571289e+00
3.377423524856567383e+00
3.912986755371093750e+00
3.577067613601684570e+00
3.728365898132324219e+00
3.187776803970336914e+00
3.070691347122192383e+00
3.955707311630249023e+00
3.818959951400756836e+00
2.947896242141723633e+00
3.036260604858398438e+00
2.813453674316406250e+00
3.132780075073242188e+00
3.560020446777343750e+00
2.654664754867553711e+00
3.589495658874511719e+00
3.730038642883300781e+00
3.555032491683959961e+00
3.434511899948120117e+00
3.926249265670776367e+00
3.508284568786621094e+00
3.427917480468750000e+00
3.235973834991455078e+00
2.880003690719604492e+00
3.098347187042236328e+00
2.889295339584350586e+00
3.093395233154296875e+00
2.804670572280883789e+00
2.764822721481323242e+00
2.939136743545532227e+00
3.077961444854736328e+00
2.757728815078735352e+00
2.847213506698608398e+00
2.761122941970825195e+00
3.603910446166992188e+00
2.953652143478393555e+00
3.275170087814331055e+00
3.005666255950927734e+00
3.049391746520996094e+00
3.708813667297363281e+00
3.604399204254150391e+00
3.361052274703979492e+00
3.568380594253540039e+00
3.266061782836914062e+00
3.788557052612304688e+00
3.853196144104003906e+00
3.766096115112304688e+00
3.975747585296630859e+00
3.844988346099853516e+00
2.877378702163696289e+00
3.263033151626586914e+00
3.171820402145385742e+00
2.900362730026245117e+00
3.361689805984497070e+00
3.887190103530883789e+00
3.978946924209594727e+00
3.891719341278076172e+00
3.700037002563476562e+00
3.632888555526733398e+00
3.825263023376464844e+00
3.680774450302124023e+00
3.778162717819213867e+00
3.601000785827636719e+00
3.437697172164916992e+00
3.488893032073974609e+00
3.551978349685668945e+00
3.478892803192138672e+00
3.447395563125610352e+00
3.702594995498657227e+00
3.019334793090820312e+00
3.472363233566284180e+00
3.429447412490844727e+00
3.552349805831909180e+00
3.523989439010620117e+00
3.560775995254516602e+00
3.732241630554199219e+00
3.922413110733032227e+00
3.412274122238159180e+00
3.516943693161010742e+00
3.635876417160034180e+00
4.082720994949340820e+00
3.134813070297241211e+00
2.891024351119995117e+00
3.015944004058837891e+00
3.433276414871215820e+00
3.050884246826171875e+00
3.224841356277465820e+00
3.002719640731811523e+00
3.358215093612670898e+00
3.288005352020263672e+00
3.020028114318847656e+00
3.366317510604858398e+00
3.061534881591796875e+00
3.091976165771484375e+00
3.003123998641967773e+00
3.083618640899658203e+00
2.949677944183349609e+00
2.925283432006835938e+00
3.566998481750488281e+00
3.281941175460815430e+00
3.847084760665893555e+00
3.482419013977050781e+00
3.299165964126586914e+00
3.070304393768310547e+00
3.145036935806274414e+00
3.517161369323730469e+00
3.882672071456909180e+00
3.506322622299194336e+00
3.620315551757812500e+00
3.689142227172851562e+00
3.690380334854125977e+00
2.928876161575317383e+00
3.698554039001464844e+00
3.152530193328857422e+00
3.526342391967773438e+00
3.147094011306762695e+00
3.551482677459716797e+00
3.404133319854736328e+00
3.369422674179077148e+00
3.778358936309814453e+00
3.570067882537841797e+00
3.781195402145385742e+00
3.372302770614624023e+00
3.518369197845458984e+00
3.834968090057373047e+00
3.539693355560302734e+00
3.551248073577880859e+00
3.331612825393676758e+00
3.458239316940307617e+00
3.502096176147460938e+00
3.620398998260498047e+00
3.514894008636474609e+00
3.159102201461791992e+00
3.578928709030151367e+00
2.925360441207885742e+00
3.093163013458251953e+00
3.005182743072509766e+00
3.774420261383056641e+00
3.638603925704956055e+00
3.308121204376220703e+00
3.299574375152587891e+00
3.113126754760742188e+00
2.958432435989379883e+00
2.787519931793212891e+00
2.711007118225097656e+00
2.631121873855590820e+00
3.103688240051269531e+00
2.979794502258300781e+00
3.008876085281372070e+00
3.354776620864868164e+00
3.292347192764282227e+00
3.044065952301025391e+00
2.808732032775878906e+00
3.379425764083862305e+00
3.359379053115844727e+00
3.299405813217163086e+00
3.521943807601928711e+00
2.876115083694458008e+00
3.658575296401977539e+00
3.342371702194213867e+00
2.740943431854248047e+00
3.281117439270019531e+00
3.069927930831909180e+00
3.008381605148315430e+00
3.571039199829101562e+00
3.669640302658081055e+00
2.709173202514648438e+00
3.311002016067504883e+00
3.744048595428466797e+00
3.675328254699707031e+00
3.088351726531982422e+00
2.633394718170166016e+00
2.610115766525268555e+00
2.617810010910034180e+00
2.645830631256103516e+00
2.578805685043334961e+00
2.686771154403686523e+00
2.757836341857910156e+00
2.636571645736694336e+00
2.852162599563598633e+00
2.728441476821899414e+00
3.399745941162109375e+00
3.746259450912475586e+00
2.676906585693359375e+00
2.808014869689941406e+00
2.691081523895263672e+00
3.219936847686767578e+00
3.324634313583374023e+00
3.427603483200073242e+00
3.400609493255615234e+00
3.402874469757080078e+00
3.557012796401977539e+00
2.675311803817749023e+00
2.639464616775512695e+00
2.826240301132202148e+00
2.785174369812011719e+00
3.326997280120849609e+00
2.566243171691894531e+00
2.819858551025390625e+00
2.725050210952758789e+00
2.862666845321655273e+00
3.448014020919799805e+00
3.580981969833374023e+00
2.809751033782958984e+00
2.655492544174194336e+00
2.562432765960693359e+00
3.046222686767578125e+00
3.134894847869873047e+00
3.302486658096313477e+00
3.373267173767089844e+00
2.853989362716674805e+00
2.948718309402465820e+00
3.257981300354003906e+00
3.330362081527709961e+00
3.412140369415283203e+00
2.938059806823730469e+00
3.452036142349243164e+00
2.796351671218872070e+00
2.531888961791992188e+00
2.513127326965332031e+00
3.092586040496826172e+00
3.147426128387451172e+00
3.375924587249755859e+00
3.677598237991333008e+00
2.582427740097045898e+00
2.432349681854248047e+00
2.537869453430175781e+00
2.399602651596069336e+00
2.297178268432617188e+00
2.245751142501831055e+00
2.541700601577758789e+00
2.239029407501220703e+00
2.352303504943847656e+00
2.524587392807006836e+00
2.397407531738281250e+00
2.423253774642944336e+00
2.338403224945068359e+00
2.227221012115478516e+00
2.440999269485473633e+00
2.414787292480468750e+00
2.445924758911132812e+00
2.271836996078491211e+00
2.267302274703979492e+00
2.385508298873901367e+00
2.444895744323730469e+00
2.458392143249511719e+00
2.464743614196777344e+00
2.451476573944091797e+00
2.486832380294799805e+00
2.463716983795166016e+00
2.365062713623046875e+00
2.457247257232666016e+00
2.291768550872802734e+00
2.376935482025146484e+00
2.312949180603027344e+00
2.292826890945434570e+00
2.290279626846313477e+00
2.369848489761352539e+00
2.322279214859008789e+00
2.576327323913574219e+00
2.577522516250610352e+00
2.286568403244018555e+00
2.357517004013061523e+00
2.393112897872924805e+00
2.354521989822387695e+00
2.349939107894897461e+00
2.469224691390991211e+00
2.355988264083862305e+00
2.456325054168701172e+00
2.452287197113037109e+00
2.471123933792114258e+00
2.301487922668457031e+00
2.357949256896972656e+00
2.452696323394775391e+00
2.465268135070800781e+00
2.348493814468383789e+00
2.463678598403930664e+00
2.298367500305175781e+00
2.488308429718017578e+00
2.468706130981445312e+00
2.456098079681396484e+00
2.404974460601806641e+00
2.294476747512817383e+00
2.568498849868774414e+00
2.465327501296997070e+00
2.374472618103027344e+00
2.299336194992065430e+00
2.356918334960937500e+00
2.292664289474487305e+00
2.347499132156372070e+00
2.370347499847412109e+00
2.291983604431152344e+00
2.459014177322387695e+00
2.374181032180786133e+00
2.288459777832031250e+00
2.461178064346313477e+00
2.451462745666503906e+00
2.302522420883178711e+00
2.365925550460815430e+00
2.481029987335205078e+00
2.294995069503784180e+00
2.591622829437255859e+00
2.198245048522949219e+00
2.404016017913818359e+00
2.453326940536499023e+00
2.361727237701416016e+00
2.399826526641845703e+00
2.409720182418823242e+00
2.289592027664184570e+00
2.457553148269653320e+00
2.171768426895141602e+00
2.580034494400024414e+00
2.301732301712036133e+00
2.560291528701782227e+00
2.191092729568481445e+00
2.407580614089965820e+00
2.408892631530761719e+00
2.404717445373535156e+00
2.490107059478759766e+00
2.282605648040771484e+00
2.276797771453857422e+00
2.478776216506958008e+00
2.396231412887573242e+00
2.348260879516601562e+00
2.290973424911499023e+00
2.484308004379272461e+00
2.408584356307983398e+00
2.576165676116943359e+00
2.361056327819824219e+00
2.360582828521728516e+00
2.525038003921508789e+00
2.397338390350341797e+00
2.409440994262695312e+00
2.365519523620605469e+00
2.233455896377563477e+00
2.408804655075073242e+00
2.417624473571777344e+00
2.417871236801147461e+00
2.449388980865478516e+00
2.349860906600952148e+00
2.251081228256225586e+00
2.407604217529296875e+00
2.346116304397583008e+00
2.518905639648437500e+00
2.409096717834472656e+00
2.532469511032104492e+00
2.314787864685058594e+00
2.238447904586791992e+00
2.416648626327514648e+00
2.298307895660400391e+00
2.416733503341674805e+00
2.234484195709228516e+00
2.256623506546020508e+00
2.339953184127807617e+00
2.429889440536499023e+00
2.437989950180053711e+00
2.295679807662963867e+00
2.401222467422485352e+00
2.413883447647094727e+00
