5.185296636511793622e-13
4.059808045298041179e-12
1.569577801063815059e-12
3.632039113909968364e-12
2.655264896844755640e-12
1.244560010604800482e-12
2.017053191138984403e-12
-4.152234112098085461e-14
4.652112028935562194e-12
2.100375429137102401e-12
1.426081475131013576e-13
7.617795283465511602e-13
-4.570788192381769477e-13
3.638367385150331756e-12
1.848798891757041929e-12
4.242717288605035719e-13
2.216227201756737486e-12
8.570921750106208492e-14
8.008593788133566704e-13
7.867595464006171824e-13
5.583866702352224820e-13
1.090683099391753785e-12
1.573408070498771849e-12
8.714695631795166264e-13
-8.449907440422066429e-13
2.089439732344544609e-13
1.751876421707265763e-12
1.793565296281940391e-13
8.057443601217073592e-13
2.520761377411417925e-13
-2.821076705572522769e-13
8.710254739696665638e-13
-3.449462937510361371e-13
-7.045475314271243406e-13
4.756750549006483197e-13
6.711298183859071287e-14
-1.602051824534100888e-13
2.857936109990077966e-12
9.598988270909103449e-13
1.307620678403509373e-12
-4.114486529260830139e-13
1.260919146872652163e-11
2.759126260798439034e-12
1.303901431271015099e-12
8.983369603754454147e-13
1.211808431378358364e-13
-1.055822096418523870e-13
5.804245972740318393e-13
-5.414557691096888448e-13
3.118894031928221011e-12
-1.753042155883122177e-13
3.445521645772942065e-12
4.432010314303624909e-13
7.677192215282957477e-14
2.327110726341174995e-11
3.388844760365827824e-12
-8.505418591653324256e-13
2.526034936778387419e-12
2.123190512293149368e-12
1.369404589723899335e-12
1.944000516118649102e-12
-1.703304164379915164e-12
4.313716051029814480e-12
-6.242784067467255227e-13
4.322098234865734412e-12
-5.541123115904156293e-13
-3.242961454930082255e-13
1.608713162681851827e-12
1.517896919267514022e-12
-4.919398222114068631e-13
-5.317968287954499829e-13
7.780998068085409614e-13
-1.024069717914244393e-12
4.215960913711569447e-12
-8.281153540679042635e-13
3.723688024592775037e-13
1.825534168276021774e-11
7.363609721977582012e-12
-1.273092742337667005e-12
1.095179502641485669e-12
3.845312956940460936e-12
5.401923353076654166e-11
-5.551115123125782702e-15
1.619593348323178361e-11
-1.427635787365488795e-12
3.619327060278010322e-12
1.352917777808215760e-12
7.094380638505981551e-12
-4.888311977424564247e-13
6.175115974116351936e-12
2.770111917627104958e-11
9.637601827705566393e-11
2.525784581486334446e-10
4.571824585575257061e-10
1.375188851682196400e-11
2.599004345071875832e-11
1.623423617758135151e-12
1.025507456731133971e-11
9.105161069555833819e-12
3.943345650014862258e-12
1.722455511554699115e-12
7.382983113757290994e-15
2.168876189756474560e-12
-3.841371665203041630e-14
2.930822251556719493e-12
6.996625501187736518e-12
6.193934254383748339e-12
2.921496378149868178e-12
2.766176177004808778e-12
1.426470053189632381e-12
9.715006576982432307e-13
-1.419975248495575215e-13
7.174816296640074142e-13
2.304323398760743657e-12
3.057276654061524823e-12
4.957534383009942758e-12
1.127431481506846467e-13
4.301559108910169016e-13
1.360023205165816762e-12
3.423539229885363966e-12
1.625755086109847980e-12
-7.819300762434977514e-13
1.180666675537622723e-12
7.851497230149107054e-13
1.042277375518096960e-12
2.176869795533775687e-12
-3.907985046680551022e-14
5.970779426434091874e-13
3.910372026183495109e-12
7.918110611626616446e-13
1.052546938495879658e-12
-9.023892744153272361e-13
-1.526556658859590243e-13
-1.042943509332872054e-12
-6.605826996519681416e-14
2.311872915328194722e-12
4.452549440259190305e-13
2.535749388243857538e-12
-3.715916463420398941e-13
5.438094419218941766e-12
1.177502539917441027e-12
-3.405054016525355109e-13
8.493206138382447534e-13
1.445066288852103753e-12
6.994183010533561173e-12
1.916244940503020189e-12
1.124045301281739739e-12
4.739042491763711951e-12
7.654432643278141768e-13
1.772859636872681222e-12
8.084422020715464896e-12
2.567279722143211984e-12
4.959199717546880493e-12
4.445832590960208108e-12
3.241851231905457098e-12
4.618527782440651208e-13
1.167788088451970907e-12
-6.024070131616099388e-13
6.072697900094681245e-12
1.950106742754087463e-13
4.052869151394133951e-13
1.163513729807164054e-13
3.998967823548582601e-12
-9.836575998178886948e-14
2.991440428701253040e-12
1.060262988517024496e-12
7.108202915162564750e-13
-2.295941214924823726e-13
-1.462163723431331164e-13
3.127775816125222264e-12
1.175193276026220701e-11
3.412436999639112400e-12
4.474198789239380858e-12
1.330985321956745793e-11
4.876599124514768846e-12
2.484124017598787759e-13
-3.365085987638849474e-13
7.696954185121285263e-12
-5.884182030513329664e-14
2.950362176790122248e-12
5.352995824381423517e-12
9.134470957405937952e-12
2.808048238378546557e-11
5.226707955330311961e-12
3.419042826635632082e-12
7.605582830194634880e-13
6.269984531570571562e-13
-1.398881011027697241e-13
4.938272013532696292e-13
2.070288385169760659e-12
1.091771673067398751e-10
2.416622457701578242e-11
1.511240022011861583e-10
3.930283876130147291e-11
9.678424728321033399e-12
6.328437773817086054e-12
1.927236148446809239e-11
9.854894678085202031e-13
7.914391364494122172e-12
2.658762099372324883e-12
-4.017897126118441520e-13
3.813616089587412716e-14
1.394662163534121646e-12
8.613998403461664566e-12
1.022015805318687853e-12
3.952838056875407347e-12
7.966405313197810756e-13
1.397681970161102072e-11
8.586464872450960684e-13
6.260603147012488989e-12
4.699018951725975057e-13
1.261768467486490408e-13
3.022082584180907361e-12
1.192101972691261835e-12
1.703748253589765227e-12
-1.147970607462411863e-13
9.992007221626408864e-15
1.449951270160454442e-12
2.747746474796031180e-12
1.400712879018328749e-12
4.518607710224387120e-13
4.056310842770471936e-12
3.108624468950438313e-14
1.970423824104727828e-12
1.645850122855563313e-12
1.468991595032775876e-12
1.454392162258955068e-13
2.322142478305977420e-12
1.231903468124073697e-12
8.361700221115597742e-12
1.287026041296712719e-12
1.324496068377811753e-12
-1.809663530139005161e-13
2.637889906509371940e-13
1.924460590885246347e-12
-7.871481244592359872e-14
3.050504293611311368e-12
5.738076680472659064e-12
1.281474926173586937e-12
8.336109580397987884e-13
1.493694057330685609e-12
-8.560929742884582083e-13
8.565925746495395288e-13
-4.550804177938516659e-13
3.427869099681402076e-12
8.094691583693247594e-12
-5.656586310465172573e-13
1.014299755297543015e-12
5.324796159555944541e-12
1.906030888676468749e-12
6.264266882993752006e-12
-1.655342529716108402e-13
-3.405054016525355109e-13
4.672373599134971300e-13
8.050782263069322653e-13
4.793943020331425942e-13
-9.203748874142547720e-14
7.877587471227798233e-13
-2.339239912885204831e-13
1.985300812634704926e-12
1.057598453257924120e-12
3.054834163407349479e-12
1.574962382733247068e-12
8.174017018802715029e-13
9.804934641977069987e-13
8.353373548430909068e-12
1.352418177447134440e-12
8.252842853551101143e-13
2.913058683162716989e-12
-1.483257960899209138e-13
6.096734228577815884e-12
3.860078923167975518e-12
1.405836558276973847e-11
1.270705762834722918e-12
6.650013872899762646e-12
1.300071161836058309e-12
1.816324868286756100e-13
7.117084699359566002e-13
-8.605338663869588345e-13
8.315514943291191230e-12
4.298827960269591131e-11
2.074074245683732443e-11
9.441775139507058157e-11
1.583011499661779453e-12
1.325800580431746312e-11
2.296107748378517499e-12
5.410727421661931658e-12
2.686018074626872476e-12
2.203126570066160639e-12
-7.192024753521764069e-13
8.192431177889147875e-10
1.091604584502192665e-10
1.541483607425675473e-11
4.701822264863153578e-11
9.557521440939353852e-12
2.362177120573960565e-11
-1.344480082821064570e-13
1.426903040169236192e-11
6.743106073514582022e-12
1.329891752277490014e-11
-3.068656440063932678e-13
2.311539848420807175e-12
8.903988657493755454e-14
3.771982726163969346e-13
6.712963518396009022e-13
-7.310818617156655819e-13
7.488953901457762186e-12
2.002842336423782399e-13
-6.240563621418004914e-13
5.860312235483888799e-13
-1.123545700920658419e-13
9.603429163007604075e-13
1.649513858836826330e-12
3.405609128037667688e-13
-2.609024107869117870e-14
5.593858709573851229e-13
7.056188966458876166e-12
9.450218385609332472e-13
4.481692794655600665e-12
2.729816372948334902e-12
-1.443289932012703503e-14
6.332157020949580328e-13
1.358413381780110285e-12
9.347689289285199266e-12
-3.120836922221315035e-13
1.984634678819929832e-12
9.594547378810602822e-13
9.209299989265673503e-14
1.401767590891722648e-12
1.003919170017297802e-12
1.624256285026604019e-12
7.159273174295321951e-13
7.556621994808665477e-12
1.243172231824019036e-12
3.816946758661288186e-13
5.937750291451493467e-12
2.558009359887591927e-12
1.983913033853923480e-12
9.535150446993156947e-13
1.869060461956451036e-13
2.856881398116684068e-12
5.730971253115058062e-13
1.291744489151369635e-13
-9.131584377541912545e-13
-6.152856002472617547e-13
7.189082662506507404e-12
3.907929535529319764e-12
-4.940492459581946605e-14
3.360367539784192559e-12
4.550193555274972823e-12
1.837252572300940301e-12
1.275091143781992287e-13
1.710459551773624298e-11
1.868560861595369715e-12
7.566169912820441823e-14
1.787459069646502030e-13
4.553302179743923261e-12
1.108002578575906227e-13
1.112887559884256916e-12
5.482281295599022997e-13
2.941202836836964707e-12
4.635847261624803650e-12
4.392319841173275563e-12
3.332889519924719934e-12
-3.558264793923626712e-13
-4.679590048795034818e-13
3.617661725741072587e-13
1.944167049572342876e-12
2.001343535340538438e-12
2.560562872844229787e-12
1.433608787237972138e-11
2.600808457486891712e-12
7.248479594323953279e-12
-4.268807529683726898e-13
3.576305918073785506e-12
-2.953193245502916398e-14
2.083944128372650084e-12
1.523003945180789742e-12
1.528999149513765587e-12
2.341293825480761370e-12
1.767480606318372338e-11
7.082834319049879923e-12
6.058209489623322952e-12
1.484840028709299986e-11
7.069900220812996849e-12
6.195044477408373496e-14
1.917965786191189181e-12
3.941680315477924523e-12
3.696876138548077506e-12
-6.694644838489693939e-14
1.559863349598344939e-14
-3.094524636537698825e-12
-4.624634009076089569e-12
2.609185090207688518e-11
-1.370015212387443171e-13
-2.375988295000297512e-12
3.423700212223934614e-11
6.093625604108865446e-12
1.288141815436461002e-11
2.907729612644516237e-12
3.873401599463477396e-12
9.436895709313830594e-16
5.483224985169954380e-12
2.342570581959080300e-13
1.105393554468037109e-12
-4.445332990599126788e-13
1.712463504333072706e-12
2.191746784063752784e-12
2.756461725539338659e-12
3.197442310920450836e-13
7.802092305553287588e-13
3.202771381438651588e-12
-5.465627950229645649e-13
2.577937863179613487e-13
4.795719377170826192e-12
5.435929484320922711e-12
2.889355421586969896e-13
1.448119402169822934e-12
1.261046822520484056e-12
7.929767953385180590e-13
-4.802824804528427194e-13
5.539624314820912332e-12
2.537359211629564015e-12
7.269185253733212448e-13
-1.555422457499844313e-13
2.992439629423415681e-12
2.090938533427788570e-12
2.995381720438672346e-13
1.627198376041860683e-12
1.465272347900281602e-12
8.134048989916209393e-13
2.069955318262373112e-12
2.578548485843157323e-12
-1.633138069223605271e-13
1.583733144627785805e-13
9.358624986077757058e-13
1.069977439982494616e-12
4.722888746755415923e-13
2.488009798184975807e-12
-1.588729148238599009e-13
1.288413820077494165e-13
-8.104628079763642745e-15
1.141975403129436017e-12
-3.885780586188047891e-15
1.878497357665764866e-12
4.040712209274488487e-12
7.024936188315678010e-13
1.633193580374836529e-12
4.292122213200855185e-13
1.177280495312515995e-12
-2.670086374223501480e-13
7.290279491201090423e-13
5.567768468495160050e-14
2.772171381337784624e-12
8.504308368628699100e-14
-9.366951658762445732e-13
5.949463144361288869e-12
5.704381411675285563e-12
2.376265850756453801e-12
8.063050227491430633e-12
3.973044115923585196e-12
2.292221967792329451e-12
1.124705883981391707e-11
-5.988542994828094379e-13
-2.116085084935548366e-13
4.012623566751472026e-12
6.947220576591917052e-13
-1.468825061579082103e-13
4.873879078104437212e-12
1.578681629865741343e-12
3.906375223294844545e-12
2.931821452278882134e-12
5.277056569497062810e-12
4.790390306652625441e-12
1.028110929723879963e-11
3.036404461198571880e-12
1.190075815671320925e-11
2.617017713646418997e-12
3.525513214697184594e-13
2.632338791386246157e-12
1.652605829960407391e-11
8.801792628077009795e-12
6.645517469650030762e-12
1.077155031836696253e-11
1.541949901096018039e-11
3.384570401721020971e-12
3.506084311766244355e-12
6.630251903061434859e-13
1.837363594603402817e-12
2.829403378257211443e-13
8.266215489882711154e-11
9.154399460697959512e-12
3.624084365938529118e-11
2.655720088284851954e-11
4.796107955229444997e-12
-2.154942890797428845e-13
6.201872349009818208e-12
8.815170815523742931e-14
1.362671087079547760e-11
4.993339075554104056e-12
1.940669847044773633e-13
3.905764600631300709e-13
3.248734614658133069e-12
4.271416553791596016e-12
1.616484723854227923e-12
1.125766146969908732e-13
2.831068712794149178e-13
2.817301947288797237e-12
2.402522625288838753e-13
2.343236715773855394e-12
-3.302913498259840708e-13
2.478517391324430719e-12
1.541711203145723630e-12
1.620925615952728549e-13
1.590394482775536744e-13
1.236843960583655644e-12
1.273647853849979583e-12
1.306899033437503022e-12
2.886968442084025810e-12
1.208644295758176668e-12
-2.204902926905560889e-13
2.982059044143170468e-12
4.929390229335695039e-14
-2.312594560294201074e-13
6.875056079991281877e-13
6.689648834878880734e-13
1.429967255717201624e-12
1.008082506359642139e-12
4.370059869529541174e-12
4.771183448326610232e-13
-5.869749131193202629e-13
7.918110611626616446e-13
7.469025398165740626e-13
8.322231792590173427e-13
2.167155344068305567e-13
2.795541576006144169e-13
2.646771690706373192e-12
-4.977129819394576771e-13
4.783951013109799533e-12
1.328048782056612254e-12
-2.284838984678572160e-13
1.437183705377265142e-13
-2.118305530984798679e-13
8.023026687453693739e-13
3.647082635893639235e-14
7.434608484402360773e-13
2.799427356592332217e-13
2.521982622738505597e-12
-3.441691376337985275e-14
-1.302291607885308622e-13
-3.141931159689193009e-14
2.301936419257799571e-12
-8.363310044501304219e-13
5.910438805045714616e-12
2.443212299141350741e-12
-3.647082635893639235e-13
1.824762563273907290e-12
1.119104808822157793e-12
1.362798762727379653e-13
2.889521955040663670e-12
-8.365530490550554532e-13
5.640543587759339061e-12
3.867461906281732809e-13
4.061861957893597719e-12
5.185907259175337458e-12
1.133093618932434765e-12
9.933665001682356888e-12
1.541600180843261114e-12
2.623956607550326225e-12
5.843603378963280193e-12
-1.571298646751984052e-12
1.442013175534384573e-12
-6.550315845288423588e-13
4.696854016827956002e-12
2.498001805406602216e-15
1.779082436925705224e-11
1.207089983523701449e-12
3.374411861045700789e-12
3.191058528528856186e-12
1.015232342638228147e-11
-8.945066909404886246e-13
8.933687123402478392e-12
9.994671756885509240e-12
5.629541277585303760e-11
1.878192046333992948e-11
-1.066258192850000341e-12
2.059463710679665382e-14
1.226629908757104204e-12
1.420474848856656536e-12
5.072886555268496522e-12
6.713651856671276619e-11
2.549277455798915071e-11
2.147226840776284007e-12
-2.210565064331149188e-12
2.990857561613324833e-11
3.285982597134307071e-12
3.169797757607284439e-11
1.171224228713185767e-11
2.970734769291993871e-12
2.485622818682031721e-12
-7.416289804496045690e-13
-9.514611321037591551e-14
-7.912559496503490664e-13
2.758904216193514003e-12
2.165378987228905316e-12
3.847977492199561311e-12
-5.181410855925605574e-13
6.319444967317622286e-12
1.691924378377507310e-12
-3.891331701311173674e-13
1.595390486386349949e-12
2.913225216616410762e-13
4.214406601477094227e-13
2.770450535649615631e-12
2.993383318994347064e-12
2.153832667772803688e-14
4.658939900537006906e-12
2.936761944738464081e-12
-1.054711873393898713e-14
1.614930411619752704e-12
-7.516209876712309779e-14
2.831068712794149178e-15
-4.890532423473814561e-13
1.255884285455977079e-12
8.134048989916209393e-13
7.161493620344572264e-13
2.025435374974904335e-12
-2.270406085358445125e-13
3.735345366351339180e-13
1.320810127936056233e-11
-4.783951013109799533e-13
2.864208870079210101e-12
8.888445535149003263e-13
4.413691634397309826e-13
4.902744876744691283e-13
8.839595722065496375e-13
2.077504834829824176e-12
-7.552847236524939945e-13
3.261835246348709916e-13
8.171241461241152138e-13
2.786271213750524112e-12
1.079525357994270962e-12
-3.196332087895825680e-13
5.566658245470534894e-13
-1.848521336000885640e-13
1.385003223219882784e-13
5.304590100507766692e-12
-5.866418462119327160e-13
1.083577672034152783e-12
1.129096816043784202e-12
-3.569367024169878277e-13
5.873079800267078099e-13
5.627498467219993472e-12
4.778621942591598781e-12
5.643707723379520758e-12
7.229217224846706813e-13
5.553335569175033015e-13
9.248157795127553982e-13
-5.654365864415922260e-13
8.952283359064949764e-13
2.348565786292056146e-12
8.260059303211164661e-14
3.450073560173905207e-12
-6.927791673660976812e-13
7.606193452858178716e-12
1.205979760499076292e-12
8.189560141147467220e-13
5.729361429729351585e-12
-2.459143999544721737e-13
2.635169860099040307e-12
-1.223687817741847539e-12
8.816836150060680666e-13
1.815214645262130944e-14
-8.736344980775356817e-13
1.851913067341115493e-11
9.192646643896296155e-14
2.237821039585696781e-12
7.512490629579815504e-12
-3.775868506750157394e-13
-8.443246102274315490e-13
-8.518741267948826135e-13
-3.122502256758252770e-12
1.684596906414981277e-12
6.755707104844077548e-14
7.933931289727524927e-12
3.828104500058771009e-12
6.872946656244494079e-12
2.228844886431602390e-11
1.069455635160920792e-11
5.061673302719782441e-12
1.467941324051480478e-10
4.167627354334513257e-11
2.106564922499387649e-11
2.457312131554090229e-12
-1.536881732988604199e-12
8.490930181181965963e-12
9.582334925539726100e-12
-2.712274849159257428e-13
1.900424262402111708e-12
2.282452005175628074e-12
1.400379812110941202e-12
-9.547918011776346248e-14
4.370059869529541174e-12
-8.807399254351366835e-13
1.059208276643630597e-12
8.073097745864288299e-12
1.948385897065918471e-12
1.895539281093761019e-12
1.688205131245013035e-12
-7.560618797697316040e-14
3.179123631014135754e-13
8.356093594841240701e-13
4.211686555066762594e-12
8.033573806187632727e-13
2.162325873911186136e-12
4.151623489434541625e-12
6.586398093588741176e-13
3.666011938463498154e-12
-9.658940314238861902e-15
1.285915818272087563e-12
-2.750022431996512751e-13
4.274913756319165259e-13
3.845812557301542256e-13
1.666611293416053741e-12
7.194245199571014382e-14
1.688094108942550520e-13
-6.805667140952209593e-14
-2.856603842360527779e-13
6.299127885966981921e-12
1.220856749029053390e-12
2.587263736586464802e-12
-4.068967385251198721e-13
7.236156118750614041e-12
-9.359180097590069636e-14
2.147393374229977780e-12
-1.224575996161547664e-13
-4.618527782440651208e-14
1.424027562535457037e-12
3.047562202596054703e-12
1.292022044907525924e-12
3.955114014075888917e-12
1.368588575800799845e-11
1.495081836111467055e-12
2.198519144513966239e-12
3.609501586510077686e-12
5.630496069386481395e-13
4.063915870489154258e-12
1.563693619033301729e-12
-9.980904991380157298e-14
-2.206013149930186046e-13
2.056133041605789913e-12
9.531264666406968900e-14
1.474542710155901659e-12
6.477041125663163257e-13
-2.534639165219232382e-13
3.282374372304275312e-13
1.291133866487825799e-12
1.149025319335805762e-12
-3.482769628249116067e-13
2.306321800205068939e-12
-7.450706718259425543e-13
4.107603146508154168e-12
7.233380561189051150e-12
-1.247779657376213436e-12
4.137246101265645848e-13
2.047084723955094887e-12
-3.044231533522179234e-13
5.558331572785846220e-13
-4.277689313880728150e-13
7.073786001399184897e-13
3.287869976276169837e-12
2.428257594999649882e-11
-1.844080443902385014e-13
8.158806963365350384e-12
7.135403379265881085e-12
5.801470415178755502e-13
-1.197930643570543907e-13
-1.275091143781992287e-12
1.077243849678666265e-11
-8.106848525812893058e-13
1.588368325755595833e-11
9.520512156413474258e-11
2.631206363901128498e-11
1.832367590992589612e-12
1.150746165023974754e-11
8.663902928418565352e-12
6.983302824892234639e-12
-8.485434577210071438e-13
8.093137271458772375e-12
3.033961970544396536e-12
2.206901328349886171e-11
4.027117528337953445e-11
9.552358903874846874e-13
1.366279311909579519e-11
6.064648783166148860e-12
1.790945169943825022e-11
-1.133426685839822312e-12
-9.627854069549357519e-13
3.768318990182706330e-12
4.625910765554408499e-12
-2.270406085358445125e-13
2.199906923294747685e-13
6.483702463810914196e-13
2.624012118701557483e-13
-1.346700528870314884e-13
-6.551426068313048745e-13
2.329914039478353516e-12
1.098843238622748686e-12
1.635136470667930553e-12
4.052869151394133951e-13
6.949996134153479943e-14
3.037570195374428295e-12
2.118472064438492453e-12
3.885336496978197829e-12
4.569122857844831742e-13
-2.228217610422689177e-13
2.735589532676385716e-13
1.621480727465041127e-13
5.078160114635466016e-13
-9.958700530887654168e-14
5.445643935786392831e-14
1.665889648450047389e-13
1.497468815614411142e-12
3.995137554113625811e-13
-4.113376306236204982e-13
-1.159072837708663428e-13
3.221589661706047991e-12
7.964184867148560443e-13
6.388778395205463312e-13
5.866418462119327160e-13
-3.452793606584236841e-14
-2.969846590872293746e-13
3.942957071956243453e-13
3.004541060391829888e-12
2.585487379747064551e-12
1.741939925636870612e-12
5.339617636934690381e-13
6.501466032204916701e-13
4.941880238362728051e-12
1.602329380290257177e-12
1.992572773445999701e-12
3.403943793500729953e-13
-3.547162563677375147e-13
3.582134588953067578e-13
6.206701819166937639e-13
7.177647365352868292e-12
-1.626476731075854332e-13
7.621125952539387072e-13
-2.831068712794149178e-13
2.168265567092930723e-12
-5.198064201294982922e-13
4.398481578959945182e-12
-2.620126338115369435e-14
2.248701225227023315e-12
3.617661725741072587e-13
2.414179967047402897e-13
9.308109838457312435e-13
-1.333377852574813005e-13
1.835642748915233824e-12
1.889155498702166369e-12
9.580669591002788366e-13
7.255307465925397992e-14
1.883326827822884297e-12
9.383771537585516853e-12
-5.588862705963038024e-13
-1.086797318805565737e-12
3.695432848616064803e-12
-4.737321646075542958e-13
1.149136341638268277e-12
5.915823386715146626e-13
2.397693155131719323e-12
2.319533454198108302e-12
9.775291687219578307e-12
1.700023455342147827e-11
2.096656182004608127e-13
1.236372115798189952e-11
5.249134460427740123e-13
-7.939204849094494421e-13
3.748112931134528480e-12
3.876732268537352866e-12
2.071770532907635243e-11
1.214028877427608677e-11
-2.064237669685553556e-12
1.121874815268597558e-11
3.794242697807703735e-12
-7.321920847402907384e-13
2.134203924697430921e-11
3.309019724895279069e-13
-5.524469770534778945e-13
5.325184737614563346e-13
1.649552716642688210e-11
-2.228106588120226661e-12
5.943118219775556099e-11
1.523781101298027352e-13
2.370270646423477956e-12
3.308991969319663440e-11
5.780043110803489981e-12
-1.632805002316217724e-12
1.248712244716898567e-11
9.892087149410144775e-13
2.286115741156891090e-12
1.622924017397053831e-12
3.778810597765414059e-12
8.754663660681671900e-13
4.636679928893272518e-12
-8.187894806610529486e-13
7.416289804496045690e-13
1.658673198789983871e-13
1.255967552182823965e-11
3.143929561133518291e-12
5.682121440031551174e-13
2.915834240724279880e-12
-4.688471832992036070e-13
1.854738584938786516e-12
3.618771948765697744e-13
1.239769398253542931e-11
2.707278845548444224e-13
3.581523966289523742e-12
-2.950972799453666084e-13
-8.255618411112664035e-13
-8.281153540679042635e-13
2.712330360310488686e-12
2.374489493917053551e-12
3.636035916798618928e-12
3.492595102017048703e-12
2.753131056465463189e-12
4.719780122286465485e-12
-2.431388423929092824e-14
-4.624078897563776991e-13
-7.253087019876147679e-13
1.866790055871092591e-11
1.151578832292443622e-12
2.969402501662443683e-12
3.304911899704165990e-12
6.787348461045894510e-13
1.013739092670107311e-11
-6.804556917927584436e-13
9.366396547250133153e-13
6.906142324680786260e-13
2.565669898757505507e-12
-6.060707491428729554e-13
2.280842181789921597e-12
5.069833441950777342e-13
2.289668454835691591e-12
3.313627150447473468e-12
1.219246925643346913e-12
1.882716205159340461e-12
-7.871481244592359872e-14
4.423128530106623657e-13
2.187527936570177189e-12
7.641220989285102405e-12
3.601785536488932848e-12
9.639511411307921662e-13
9.992007221626408864e-13
4.796107955229444997e-12
6.059042156891791819e-13
3.211320098728265293e-13
5.468403507791208540e-13
2.001343535340538438e-12
-2.942091015256664832e-13
4.715283719036733601e-12
8.407996521242466770e-12
6.094680315982259344e-12
4.227118655109052270e-12
3.328670672431144339e-12
6.311062783481702354e-13
1.250499703786545069e-12
9.770517728213690134e-13
6.851741396474153589e-13
-3.586020369539255626e-13
9.525324973225224312e-12
-1.908917468540494156e-12
3.605782339377583412e-12
4.058975378029572312e-12
-8.315570454442422488e-14
3.759659250590630108e-12
1.399991234052322397e-12
2.625843986692188992e-12
-6.159517340620368486e-13
8.145151220162460959e-13
1.213479317030419224e-11
9.556799795973347500e-13
4.399058894932750263e-11
6.204425861966456068e-12
3.356759314954160800e-13
2.707650770261693651e-11
5.137057446091830570e-12
1.875888333557895749e-12
-6.593614543248804694e-13
1.907246582888433295e-11
2.622818628950085440e-11
7.129075108025517693e-11
2.742750471185217975e-12
-2.712496893764182460e-12
1.917338510182275968e-11
1.112887559884256916e-12
6.555589404655393082e-12
6.897593607391172554e-12
-1.670330540548548015e-12
1.864453036404256636e-12
