9.710000000000000000e+02
6.330000000000000000e+02
6.050000000000000000e+02
8.810000000000000000e+02
3.970000000000000000e+02
4.560000000000000000e+02
7.150000000000000000e+02
3.730000000000000000e+02
7.490000000000000000e+02
1.612000000000000000e+03
5.950000000000000000e+02
6.270000000000000000e+02
6.500000000000000000e+02
9.690000000000000000e+02
7.810000000000000000e+02
6.960000000000000000e+02
1.717000000000000000e+03
7.560000000000000000e+02
7.520000000000000000e+02
4.300000000000000000e+02
5.200000000000000000e+02
6.670000000000000000e+02
4.190000000000000000e+02
7.000000000000000000e+02
4.670000000000000000e+02
4.850000000000000000e+02
4.300000000000000000e+02
6.170000000000000000e+02
3.740000000000000000e+02
4.710000000000000000e+02
4.410000000000000000e+02
1.181000000000000000e+03
7.680000000000000000e+02
3.200000000000000000e+02
7.990000000000000000e+02
4.960000000000000000e+02
1.013000000000000000e+03
1.024000000000000000e+03
1.095000000000000000e+03
7.590000000000000000e+02
7.270000000000000000e+02
5.870000000000000000e+02
7.750000000000000000e+02
3.630000000000000000e+02
1.411000000000000000e+03
5.400000000000000000e+02
8.250000000000000000e+02
9.030000000000000000e+02
6.820000000000000000e+02
7.460000000000000000e+02
5.950000000000000000e+02
4.520000000000000000e+02
4.300000000000000000e+02
9.460000000000000000e+02
6.390000000000000000e+02
2.980000000000000000e+02
8.770000000000000000e+02
7.560000000000000000e+02
4.960000000000000000e+02
4.190000000000000000e+02
3.840000000000000000e+02
4.520000000000000000e+02
1.022000000000000000e+03
3.980000000000000000e+02
4.840000000000000000e+02
3.640000000000000000e+02
3.420000000000000000e+02
6.090000000000000000e+02
6.710000000000000000e+02
5.060000000000000000e+02
5.730000000000000000e+02
5.950000000000000000e+02
6.720000000000000000e+02
6.530000000000000000e+02
7.100000000000000000e+02
5.580000000000000000e+02
3.860000000000000000e+02
5.630000000000000000e+02
5.390000000000000000e+02
8.050000000000000000e+02
1.082000000000000000e+03
1.343000000000000000e+03
3.960000000000000000e+02
8.160000000000000000e+02
8.020000000000000000e+02
5.510000000000000000e+02
9.470000000000000000e+02
6.300000000000000000e+02
7.270000000000000000e+02
5.510000000000000000e+02
7.160000000000000000e+02
9.860000000000000000e+02
6.380000000000000000e+02
6.270000000000000000e+02
5.720000000000000000e+02
5.400000000000000000e+02
5.050000000000000000e+02
4.630000000000000000e+02
7.120000000000000000e+02
1.188000000000000000e+03
1.012000000000000000e+03
5.690000000000000000e+02
4.740000000000000000e+02
9.020000000000000000e+02
9.650000000000000000e+02
7.640000000000000000e+02
7.900000000000000000e+02
5.730000000000000000e+02
4.070000000000000000e+02
4.740000000000000000e+02
9.690000000000000000e+02
8.700000000000000000e+02
4.190000000000000000e+02
7.380000000000000000e+02
5.070000000000000000e+02
5.070000000000000000e+02
8.040000000000000000e+02
1.057000000000000000e+03
8.020000000000000000e+02
7.380000000000000000e+02
8.170000000000000000e+02
3.750000000000000000e+02
6.150000000000000000e+02
8.630000000000000000e+02
1.350000000000000000e+03
3.960000000000000000e+02
8.930000000000000000e+02
7.030000000000000000e+02
1.497000000000000000e+03
5.070000000000000000e+02
6.420000000000000000e+02
6.510000000000000000e+02
9.690000000000000000e+02
4.300000000000000000e+02
7.930000000000000000e+02
4.300000000000000000e+02
9.500000000000000000e+02
6.060000000000000000e+02
7.930000000000000000e+02
6.940000000000000000e+02
1.120000000000000000e+03
3.640000000000000000e+02
9.050000000000000000e+02
9.200000000000000000e+02
4.190000000000000000e+02
4.260000000000000000e+02
7.750000000000000000e+02
6.260000000000000000e+02
1.120000000000000000e+03
7.040000000000000000e+02
1.034000000000000000e+03
4.080000000000000000e+02
6.540000000000000000e+02
3.080000000000000000e+02
8.480000000000000000e+02
1.335000000000000000e+03
4.850000000000000000e+02
5.290000000000000000e+02
5.840000000000000000e+02
1.089000000000000000e+03
5.060000000000000000e+02
7.050000000000000000e+02
1.407000000000000000e+03
7.270000000000000000e+02
3.530000000000000000e+02
6.320000000000000000e+02
6.830000000000000000e+02
5.960000000000000000e+02
4.630000000000000000e+02
8.780000000000000000e+02
8.480000000000000000e+02
5.080000000000000000e+02
7.380000000000000000e+02
8.860000000000000000e+02
4.550000000000000000e+02
6.990000000000000000e+02
9.400000000000000000e+02
1.069000000000000000e+03
5.440000000000000000e+02
7.430000000000000000e+02
9.040000000000000000e+02
8.370000000000000000e+02
5.290000000000000000e+02
1.045000000000000000e+03
5.380000000000000000e+02
5.310000000000000000e+02
3.750000000000000000e+02
8.440000000000000000e+02
4.830000000000000000e+02
1.002000000000000000e+03
1.011000000000000000e+03
7.490000000000000000e+02
1.496000000000000000e+03
6.060000000000000000e+02
1.224000000000000000e+03
8.480000000000000000e+02
6.820000000000000000e+02
8.140000000000000000e+02
1.344000000000000000e+03
8.150000000000000000e+02
4.500000000000000000e+02
1.260000000000000000e+03
6.190000000000000000e+02
7.050000000000000000e+02
8.210000000000000000e+02
7.040000000000000000e+02
6.610000000000000000e+02
5.070000000000000000e+02
1.169000000000000000e+03
3.300000000000000000e+02
5.290000000000000000e+02
4.130000000000000000e+02
7.080000000000000000e+02
7.160000000000000000e+02
4.090000000000000000e+02
6.280000000000000000e+02
3.530000000000000000e+02
6.390000000000000000e+02
5.070000000000000000e+02
9.580000000000000000e+02
4.630000000000000000e+02
6.680000000000000000e+02
4.740000000000000000e+02
7.660000000000000000e+02
7.020000000000000000e+02
3.750000000000000000e+02
4.850000000000000000e+02
6.720000000000000000e+02
5.510000000000000000e+02
5.380000000000000000e+02
1.003000000000000000e+03
3.640000000000000000e+02
1.266000000000000000e+03
6.170000000000000000e+02
7.050000000000000000e+02
8.880000000000000000e+02
4.840000000000000000e+02
1.162000000000000000e+03
9.580000000000000000e+02
1.181000000000000000e+03
7.040000000000000000e+02
4.630000000000000000e+02
6.160000000000000000e+02
3.750000000000000000e+02
3.530000000000000000e+02
5.110000000000000000e+02
5.820000000000000000e+02
8.480000000000000000e+02
5.840000000000000000e+02
7.820000000000000000e+02
3.970000000000000000e+02
4.740000000000000000e+02
3.420000000000000000e+02
9.240000000000000000e+02
7.420000000000000000e+02
6.720000000000000000e+02
6.590000000000000000e+02
6.160000000000000000e+02
9.910000000000000000e+02
6.940000000000000000e+02
7.830000000000000000e+02
3.640000000000000000e+02
3.450000000000000000e+02
4.910000000000000000e+02
6.060000000000000000e+02
7.250000000000000000e+02
7.380000000000000000e+02
8.460000000000000000e+02
4.410000000000000000e+02
6.390000000000000000e+02
4.080000000000000000e+02
1.178000000000000000e+03
8.230000000000000000e+02
3.410000000000000000e+02
5.510000000000000000e+02
5.180000000000000000e+02
5.850000000000000000e+02
6.610000000000000000e+02
3.420000000000000000e+02
7.700000000000000000e+02
6.930000000000000000e+02
6.930000000000000000e+02
7.380000000000000000e+02
8.040000000000000000e+02
7.160000000000000000e+02
6.260000000000000000e+02
8.490000000000000000e+02
4.510000000000000000e+02
3.300000000000000000e+02
8.590000000000000000e+02
5.490000000000000000e+02
4.740000000000000000e+02
8.700000000000000000e+02
8.690000000000000000e+02
9.250000000000000000e+02
5.950000000000000000e+02
7.740000000000000000e+02
7.150000000000000000e+02
9.130000000000000000e+02
5.290000000000000000e+02
8.710000000000000000e+02
8.140000000000000000e+02
9.240000000000000000e+02
5.400000000000000000e+02
6.060000000000000000e+02
5.400000000000000000e+02
3.860000000000000000e+02
7.020000000000000000e+02
9.310000000000000000e+02
1.023000000000000000e+03
6.280000000000000000e+02
6.710000000000000000e+02
5.730000000000000000e+02
5.180000000000000000e+02
7.930000000000000000e+02
4.850000000000000000e+02
6.390000000000000000e+02
3.200000000000000000e+02
6.820000000000000000e+02
2.970000000000000000e+02
4.590000000000000000e+02
8.590000000000000000e+02
7.690000000000000000e+02
5.730000000000000000e+02
8.800000000000000000e+02
8.250000000000000000e+02
7.810000000000000000e+02
4.410000000000000000e+02
3.740000000000000000e+02
7.820000000000000000e+02
6.060000000000000000e+02
1.026000000000000000e+03
5.170000000000000000e+02
3.530000000000000000e+02
4.080000000000000000e+02
7.140000000000000000e+02
6.170000000000000000e+02
7.490000000000000000e+02
8.040000000000000000e+02
9.140000000000000000e+02
4.940000000000000000e+02
3.850000000000000000e+02
3.420000000000000000e+02
5.460000000000000000e+02
7.470000000000000000e+02
6.170000000000000000e+02
4.500000000000000000e+02
3.970000000000000000e+02
6.280000000000000000e+02
8.470000000000000000e+02
6.500000000000000000e+02
8.260000000000000000e+02
4.290000000000000000e+02
6.380000000000000000e+02
3.080000000000000000e+02
4.080000000000000000e+02
7.360000000000000000e+02
5.290000000000000000e+02
9.250000000000000000e+02
7.960000000000000000e+02
7.040000000000000000e+02
1.057000000000000000e+03
8.590000000000000000e+02
4.190000000000000000e+02
9.360000000000000000e+02
7.600000000000000000e+02
5.360000000000000000e+02
1.128000000000000000e+03
3.410000000000000000e+02
7.560000000000000000e+02
6.280000000000000000e+02
8.370000000000000000e+02
6.830000000000000000e+02
4.740000000000000000e+02
5.520000000000000000e+02
3.090000000000000000e+02
7.270000000000000000e+02
5.840000000000000000e+02
1.127000000000000000e+03
2.870000000000000000e+02
9.140000000000000000e+02
8.510000000000000000e+02
6.610000000000000000e+02
1.138000000000000000e+03
5.450000000000000000e+02
8.960000000000000000e+02
1.655000000000000000e+03
1.280000000000000000e+03
1.574000000000000000e+03
4.690000000000000000e+02
6.940000000000000000e+02
4.620000000000000000e+02
6.930000000000000000e+02
1.025000000000000000e+03
3.860000000000000000e+02
8.480000000000000000e+02
6.060000000000000000e+02
6.930000000000000000e+02
1.165000000000000000e+03
7.040000000000000000e+02
4.520000000000000000e+02
9.200000000000000000e+02
5.390000000000000000e+02
5.060000000000000000e+02
4.850000000000000000e+02
9.910000000000000000e+02
5.830000000000000000e+02
6.830000000000000000e+02
5.380000000000000000e+02
3.740000000000000000e+02
4.510000000000000000e+02
1.008000000000000000e+03
7.260000000000000000e+02
3.970000000000000000e+02
4.510000000000000000e+02
4.840000000000000000e+02
6.990000000000000000e+02
1.141000000000000000e+03
1.277000000000000000e+03
1.350000000000000000e+03
9.360000000000000000e+02
7.380000000000000000e+02
4.620000000000000000e+02
5.460000000000000000e+02
9.470000000000000000e+02
1.585000000000000000e+03
9.140000000000000000e+02
1.079000000000000000e+03
8.580000000000000000e+02
5.510000000000000000e+02
1.231000000000000000e+03
4.960000000000000000e+02
2.870000000000000000e+02
7.550000000000000000e+02
7.600000000000000000e+02
7.390000000000000000e+02
5.720000000000000000e+02
6.610000000000000000e+02
9.250000000000000000e+02
4.410000000000000000e+02
6.620000000000000000e+02
4.630000000000000000e+02
7.890000000000000000e+02
5.400000000000000000e+02
7.040000000000000000e+02
4.620000000000000000e+02
1.041000000000000000e+03
1.200000000000000000e+03
7.380000000000000000e+02
1.031000000000000000e+03
6.390000000000000000e+02
1.057000000000000000e+03
7.280000000000000000e+02
6.490000000000000000e+02
6.400000000000000000e+02
7.190000000000000000e+02
4.190000000000000000e+02
5.290000000000000000e+02
5.570000000000000000e+02
6.170000000000000000e+02
6.060000000000000000e+02
5.400000000000000000e+02
4.730000000000000000e+02
9.330000000000000000e+02
5.500000000000000000e+02
5.320000000000000000e+02
6.480000000000000000e+02
7.820000000000000000e+02
7.710000000000000000e+02
7.450000000000000000e+02
6.830000000000000000e+02
7.310000000000000000e+02
7.820000000000000000e+02
5.610000000000000000e+02
1.068000000000000000e+03
1.589000000000000000e+03
6.760000000000000000e+02
6.390000000000000000e+02
1.628000000000000000e+03
6.550000000000000000e+02
9.500000000000000000e+02
3.640000000000000000e+02
7.830000000000000000e+02
1.156000000000000000e+03
4.080000000000000000e+02
5.070000000000000000e+02
7.860000000000000000e+02
7.260000000000000000e+02
9.460000000000000000e+02
5.180000000000000000e+02
1.013000000000000000e+03
7.380000000000000000e+02
5.250000000000000000e+02
7.750000000000000000e+02
4.300000000000000000e+02
1.024000000000000000e+03
9.140000000000000000e+02
3.640000000000000000e+02
6.940000000000000000e+02
1.008000000000000000e+03
5.290000000000000000e+02
7.820000000000000000e+02
4.620000000000000000e+02
8.870000000000000000e+02
8.260000000000000000e+02
4.300000000000000000e+02
7.970000000000000000e+02
7.930000000000000000e+02
3.970000000000000000e+02
5.950000000000000000e+02
5.290000000000000000e+02
9.450000000000000000e+02
3.970000000000000000e+02
1.048000000000000000e+03
8.290000000000000000e+02
8.940000000000000000e+02
3.310000000000000000e+02
6.270000000000000000e+02
7.710000000000000000e+02
7.300000000000000000e+02
6.050000000000000000e+02
8.890000000000000000e+02
1.006000000000000000e+03
8.480000000000000000e+02
9.120000000000000000e+02
6.170000000000000000e+02
8.790000000000000000e+02
6.830000000000000000e+02
6.060000000000000000e+02
1.177000000000000000e+03
3.300000000000000000e+02
3.310000000000000000e+02
8.410000000000000000e+02
5.780000000000000000e+02
4.500000000000000000e+02
2.870000000000000000e+02
4.950000000000000000e+02
9.360000000000000000e+02
5.710000000000000000e+02
5.070000000000000000e+02
6.180000000000000000e+02
4.720000000000000000e+02
2.870000000000000000e+02
2.980000000000000000e+02
1.143000000000000000e+03
1.021000000000000000e+03
3.750000000000000000e+02
8.750000000000000000e+02
5.170000000000000000e+02
6.170000000000000000e+02
5.230000000000000000e+02
4.850000000000000000e+02
5.400000000000000000e+02
3.970000000000000000e+02
3.640000000000000000e+02
3.190000000000000000e+02
8.040000000000000000e+02
1.030000000000000000e+03
5.820000000000000000e+02
4.740000000000000000e+02
4.850000000000000000e+02
8.910000000000000000e+02
3.090000000000000000e+02
6.050000000000000000e+02
1.109000000000000000e+03
5.730000000000000000e+02
9.030000000000000000e+02
7.440000000000000000e+02
8.810000000000000000e+02
6.720000000000000000e+02
5.500000000000000000e+02
8.140000000000000000e+02
4.450000000000000000e+02
3.530000000000000000e+02
6.660000000000000000e+02
3.620000000000000000e+02
8.940000000000000000e+02
3.780000000000000000e+02
3.090000000000000000e+02
1.042000000000000000e+03
9.950000000000000000e+02
5.130000000000000000e+02
1.321000000000000000e+03
7.820000000000000000e+02
7.490000000000000000e+02
1.306000000000000000e+03
2.870000000000000000e+02
7.630000000000000000e+02
7.910000000000000000e+02
5.400000000000000000e+02
1.360000000000000000e+03
7.660000000000000000e+02
7.820000000000000000e+02
4.410000000000000000e+02
5.730000000000000000e+02
6.710000000000000000e+02
5.180000000000000000e+02
1.115000000000000000e+03
6.170000000000000000e+02
3.420000000000000000e+02
4.930000000000000000e+02
5.130000000000000000e+02
6.710000000000000000e+02
7.280000000000000000e+02
6.270000000000000000e+02
6.960000000000000000e+02
7.490000000000000000e+02
3.200000000000000000e+02
6.050000000000000000e+02
1.067000000000000000e+03
3.420000000000000000e+02
5.730000000000000000e+02
3.850000000000000000e+02
3.410000000000000000e+02
7.080000000000000000e+02
7.220000000000000000e+02
3.420000000000000000e+02
8.920000000000000000e+02
7.440000000000000000e+02
5.230000000000000000e+02
7.870000000000000000e+02
3.750000000000000000e+02
8.150000000000000000e+02
6.940000000000000000e+02
5.410000000000000000e+02
7.160000000000000000e+02
7.000000000000000000e+02
3.910000000000000000e+02
3.300000000000000000e+02
5.170000000000000000e+02
4.070000000000000000e+02
3.090000000000000000e+02
5.060000000000000000e+02
1.045000000000000000e+03
8.710000000000000000e+02
5.400000000000000000e+02
1.134000000000000000e+03
6.060000000000000000e+02
6.500000000000000000e+02
6.500000000000000000e+02
8.590000000000000000e+02
3.970000000000000000e+02
6.610000000000000000e+02
4.630000000000000000e+02
4.410000000000000000e+02
6.000000000000000000e+02
3.410000000000000000e+02
7.920000000000000000e+02
6.640000000000000000e+02
9.780000000000000000e+02
4.520000000000000000e+02
4.300000000000000000e+02
6.940000000000000000e+02
2.870000000000000000e+02
4.330000000000000000e+02
5.950000000000000000e+02
4.630000000000000000e+02
6.490000000000000000e+02
9.810000000000000000e+02
5.500000000000000000e+02
8.260000000000000000e+02
4.190000000000000000e+02
7.380000000000000000e+02
6.710000000000000000e+02
8.700000000000000000e+02
1.387000000000000000e+03
3.930000000000000000e+02
4.320000000000000000e+02
6.920000000000000000e+02
3.860000000000000000e+02
6.930000000000000000e+02
9.280000000000000000e+02
2.920000000000000000e+02
6.110000000000000000e+02
2.760000000000000000e+02
2.760000000000000000e+02
5.620000000000000000e+02
5.510000000000000000e+02
5.730000000000000000e+02
7.270000000000000000e+02
1.605000000000000000e+03
7.490000000000000000e+02
8.820000000000000000e+02
5.830000000000000000e+02
2.870000000000000000e+02
6.430000000000000000e+02
1.157000000000000000e+03
8.960000000000000000e+02
6.680000000000000000e+02
5.280000000000000000e+02
6.270000000000000000e+02
1.166000000000000000e+03
3.860000000000000000e+02
1.029000000000000000e+03
6.390000000000000000e+02
5.920000000000000000e+02
5.840000000000000000e+02
3.510000000000000000e+02
7.370000000000000000e+02
6.250000000000000000e+02
3.200000000000000000e+02
4.960000000000000000e+02
3.850000000000000000e+02
8.190000000000000000e+02
8.030000000000000000e+02
8.710000000000000000e+02
3.310000000000000000e+02
5.070000000000000000e+02
6.940000000000000000e+02
6.170000000000000000e+02
3.750000000000000000e+02
5.610000000000000000e+02
6.380000000000000000e+02
2.980000000000000000e+02
5.290000000000000000e+02
8.270000000000000000e+02
6.830000000000000000e+02
4.290000000000000000e+02
3.090000000000000000e+02
1.284000000000000000e+03
5.840000000000000000e+02
8.370000000000000000e+02
2.970000000000000000e+02
7.260000000000000000e+02
6.170000000000000000e+02
4.850000000000000000e+02
5.100000000000000000e+02
3.870000000000000000e+02
7.050000000000000000e+02
3.310000000000000000e+02
8.910000000000000000e+02
6.220000000000000000e+02
9.380000000000000000e+02
4.410000000000000000e+02
4.730000000000000000e+02
5.390000000000000000e+02
7.060000000000000000e+02
5.910000000000000000e+02
2.980000000000000000e+02
7.110000000000000000e+02
3.520000000000000000e+02
8.690000000000000000e+02
5.290000000000000000e+02
6.280000000000000000e+02
3.200000000000000000e+02
5.070000000000000000e+02
3.750000000000000000e+02
5.400000000000000000e+02
5.070000000000000000e+02
6.500000000000000000e+02
7.950000000000000000e+02
3.090000000000000000e+02
4.190000000000000000e+02
4.960000000000000000e+02
4.840000000000000000e+02
8.240000000000000000e+02
4.630000000000000000e+02
7.360000000000000000e+02
4.760000000000000000e+02
5.950000000000000000e+02
1.015000000000000000e+03
4.740000000000000000e+02
3.640000000000000000e+02
5.690000000000000000e+02
2.870000000000000000e+02
3.860000000000000000e+02
8.440000000000000000e+02
7.160000000000000000e+02
8.590000000000000000e+02
2.650000000000000000e+02
5.070000000000000000e+02
7.040000000000000000e+02
5.290000000000000000e+02
6.590000000000000000e+02
6.410000000000000000e+02
4.080000000000000000e+02
8.450000000000000000e+02
6.790000000000000000e+02
3.970000000000000000e+02
9.560000000000000000e+02
6.990000000000000000e+02
3.620000000000000000e+02
4.300000000000000000e+02
6.780000000000000000e+02
4.630000000000000000e+02
5.840000000000000000e+02
6.610000000000000000e+02
4.630000000000000000e+02
5.750000000000000000e+02
9.740000000000000000e+02
9.140000000000000000e+02
4.740000000000000000e+02
9.930000000000000000e+02
8.410000000000000000e+02
1.188000000000000000e+03
8.860000000000000000e+02
5.390000000000000000e+02
7.390000000000000000e+02
2.980000000000000000e+02
5.880000000000000000e+02
7.190000000000000000e+02
6.860000000000000000e+02
8.000000000000000000e+02
3.750000000000000000e+02
5.400000000000000000e+02
7.160000000000000000e+02
6.830000000000000000e+02
3.860000000000000000e+02
3.530000000000000000e+02
3.630000000000000000e+02
9.730000000000000000e+02
4.740000000000000000e+02
6.820000000000000000e+02
5.950000000000000000e+02
5.620000000000000000e+02
3.200000000000000000e+02
5.510000000000000000e+02
5.400000000000000000e+02
4.430000000000000000e+02
7.700000000000000000e+02
4.180000000000000000e+02
5.400000000000000000e+02
7.600000000000000000e+02
4.360000000000000000e+02
7.610000000000000000e+02
4.190000000000000000e+02
5.620000000000000000e+02
6.280000000000000000e+02
6.940000000000000000e+02
7.260000000000000000e+02
3.960000000000000000e+02
6.340000000000000000e+02
7.760000000000000000e+02
6.390000000000000000e+02
9.140000000000000000e+02
5.070000000000000000e+02
5.290000000000000000e+02
7.590000000000000000e+02
4.630000000000000000e+02
4.520000000000000000e+02
6.830000000000000000e+02
3.740000000000000000e+02
4.840000000000000000e+02
1.039000000000000000e+03
5.070000000000000000e+02
6.610000000000000000e+02
6.600000000000000000e+02
4.080000000000000000e+02
5.380000000000000000e+02
4.740000000000000000e+02
7.820000000000000000e+02
5.840000000000000000e+02
3.510000000000000000e+02
3.860000000000000000e+02
3.970000000000000000e+02
5.150000000000000000e+02
2.870000000000000000e+02
8.350000000000000000e+02
9.250000000000000000e+02
6.370000000000000000e+02
6.850000000000000000e+02
4.630000000000000000e+02
8.370000000000000000e+02
2.760000000000000000e+02
4.590000000000000000e+02
5.280000000000000000e+02
3.090000000000000000e+02
3.410000000000000000e+02
7.050000000000000000e+02
1.155000000000000000e+03
5.720000000000000000e+02
2.099000000000000000e+03
5.180000000000000000e+02
5.400000000000000000e+02
8.590000000000000000e+02
8.700000000000000000e+02
8.140000000000000000e+02
4.410000000000000000e+02
3.390000000000000000e+02
1.177000000000000000e+03
4.740000000000000000e+02
8.030000000000000000e+02
1.124000000000000000e+03
1.039000000000000000e+03
4.850000000000000000e+02
6.200000000000000000e+02
5.510000000000000000e+02
5.570000000000000000e+02
6.970000000000000000e+02
5.950000000000000000e+02
9.220000000000000000e+02
7.370000000000000000e+02
4.410000000000000000e+02
4.370000000000000000e+02
3.400000000000000000e+02
6.490000000000000000e+02
4.300000000000000000e+02
6.060000000000000000e+02
4.400000000000000000e+02
7.050000000000000000e+02
8.370000000000000000e+02
1.035000000000000000e+03
7.040000000000000000e+02
4.080000000000000000e+02
1.112000000000000000e+03
3.310000000000000000e+02
4.620000000000000000e+02
9.060000000000000000e+02
5.400000000000000000e+02
5.290000000000000000e+02
1.105000000000000000e+03
2.760000000000000000e+02
1.033000000000000000e+03
7.920000000000000000e+02
8.040000000000000000e+02
9.280000000000000000e+02
5.070000000000000000e+02
7.050000000000000000e+02
3.640000000000000000e+02
6.500000000000000000e+02
9.460000000000000000e+02
3.200000000000000000e+02
6.170000000000000000e+02
1.042000000000000000e+03
1.342000000000000000e+03
6.330000000000000000e+02
9.350000000000000000e+02
8.120000000000000000e+02
1.057000000000000000e+03
7.180000000000000000e+02
5.980000000000000000e+02
4.080000000000000000e+02
4.620000000000000000e+02
2.870000000000000000e+02
4.300000000000000000e+02
4.960000000000000000e+02
7.560000000000000000e+02
6.270000000000000000e+02
4.740000000000000000e+02
6.720000000000000000e+02
6.640000000000000000e+02
8.720000000000000000e+02
4.510000000000000000e+02
3.640000000000000000e+02
6.280000000000000000e+02
9.580000000000000000e+02
7.160000000000000000e+02
2.970000000000000000e+02
5.400000000000000000e+02
7.200000000000000000e+02
6.060000000000000000e+02
4.730000000000000000e+02
6.170000000000000000e+02
2.980000000000000000e+02
6.930000000000000000e+02
2.870000000000000000e+02
5.200000000000000000e+02
5.940000000000000000e+02
1.073000000000000000e+03
4.520000000000000000e+02
4.580000000000000000e+02
3.980000000000000000e+02
4.410000000000000000e+02
7.650000000000000000e+02
6.830000000000000000e+02
7.820000000000000000e+02
6.290000000000000000e+02
4.740000000000000000e+02
6.720000000000000000e+02
5.690000000000000000e+02
8.260000000000000000e+02
6.610000000000000000e+02
4.510000000000000000e+02
1.197000000000000000e+03
5.950000000000000000e+02
3.310000000000000000e+02
5.990000000000000000e+02
1.102000000000000000e+03
1.137000000000000000e+03
1.027000000000000000e+03
4.620000000000000000e+02
6.610000000000000000e+02
5.500000000000000000e+02
8.360000000000000000e+02
3.310000000000000000e+02
5.660000000000000000e+02
8.030000000000000000e+02
3.750000000000000000e+02
3.090000000000000000e+02
5.620000000000000000e+02
5.610000000000000000e+02
4.190000000000000000e+02
3.970000000000000000e+02
1.090000000000000000e+03
6.060000000000000000e+02
7.260000000000000000e+02
3.970000000000000000e+02
9.370000000000000000e+02
5.070000000000000000e+02
6.940000000000000000e+02
