1.303351539850234985e+03
8.663079023361206055e+02
8.238087313175201416e+02
1.199967120409011841e+03
5.428879914283752441e+02
6.199892282485961914e+02
9.713414876461029053e+02
5.072876842021942139e+02
1.015507772922515869e+03
2.189970142364501953e+03
8.143491683006286621e+02
8.529598617553710938e+02
8.823065748214721680e+02
1.314580230236053467e+03
1.061104595661163330e+03
9.435534720420837402e+02
2.328625737905502319e+03
1.028942945957183838e+03
1.022413298368453979e+03
5.845763177871704102e+02
7.083083691596984863e+02
9.085676398277282715e+02
5.693829231262207031e+02
9.514672014713287354e+02
6.354839246273040771e+02
6.583524489402770996e+02
5.840739457607269287e+02
8.365085132122039795e+02
5.081211109161376953e+02
6.405182445049285889e+02
5.966789045333862305e+02
1.602196041345596313e+03
1.046543644428253174e+03
4.347360589504241943e+02
1.083468896150588989e+03
6.735819058418273926e+02
1.376431394815444946e+03
1.390381763219833374e+03
1.484398879766464233e+03
1.031848055839538574e+03
9.910418210029602051e+02
7.996541762351989746e+02
1.055839423179626465e+03
4.940359709262847900e+02
1.915681218862533569e+03
7.343652005195617676e+02
1.118181591510772705e+03
1.227161910057067871e+03
9.298673269748687744e+02
1.017791345596313477e+03
8.098939023017883301e+02
6.160389618873596191e+02
5.863823556900024414e+02
1.287363566875457764e+03
8.826802699565887451e+02
4.070743317604064941e+02
1.196373090505599976e+03
1.027526388406753540e+03
6.737812619209289551e+02
5.697048375606536865e+02
5.234338212013244629e+02
6.127730274200439453e+02
1.392746372699737549e+03
5.392125763893127441e+02
6.590659863948822021e+02
4.949736723899841309e+02
4.651312890052795410e+02
8.260202856063842773e+02
9.129421157836914062e+02
6.896465644836425781e+02
7.796971471309661865e+02
8.120353732109069824e+02
9.147503471374511719e+02
8.870339736938476562e+02
9.674015860557556152e+02
7.606067247390747070e+02
5.250966281890869141e+02
7.790940549373626709e+02
7.360910487174987793e+02
1.098450290203094482e+03
1.477704102039337158e+03
1.832834711074829102e+03
5.378386149406433105e+02
1.110897571802139282e+03
1.091857772350311279e+03
7.489203605651855469e+02
1.285589853286743164e+03
8.565686631202697754e+02
9.918855226039886475e+02
7.493439126014709473e+02
9.776744475364685059e+02
1.342183656215667725e+03
8.616273167133331299e+02
8.540839929580688477e+02
7.748651685714721680e+02
7.347931454181671143e+02
6.877154290676116943e+02
6.297246234416961670e+02
9.701992983818054199e+02
1.617429591894149780e+03
1.373111414432525635e+03
7.745247371196746826e+02
6.460818624496459961e+02
1.220197675704956055e+03
1.313545199871063232e+03
1.039330547809600830e+03
1.074727147579193115e+03
7.793754160404205322e+02
5.543584468364715576e+02
6.436542532444000244e+02
1.315471639871597290e+03
1.183710599184036255e+03
5.686531937122344971e+02
1.005157118558883667e+03
6.894689629077911377e+02
6.885937111377716064e+02
1.096314564704895020e+03
1.442540120124816895e+03
1.091473505020141602e+03
1.005372963905334473e+03
1.111062774896621704e+03
5.101190023422241211e+02
8.388077857494354248e+02
1.174109236955642700e+03
1.833306002855300903e+03
5.404712588787078857e+02
1.214803919553756714e+03
9.572337360382080078e+02
2.038475116491317749e+03
6.916210091114044189e+02
8.731125617027282715e+02
8.855353922843933105e+02
1.318702220201492310e+03
5.858239305019378662e+02
1.077674611091613770e+03
5.869646389484405518e+02
1.292527480125427246e+03
8.270892009735107422e+02
1.078924030065536499e+03
9.433182442188262939e+02
1.519139079093933105e+03
4.930065605640411377e+02
1.235328284025192261e+03
1.263743296623229980e+03
5.715731890201568604e+02
5.804395627975463867e+02
1.053171443223953247e+03
8.533155181407928467e+02
1.523820583105087280e+03
9.566833412647247314e+02
1.408318881511688232e+03
5.557911875247955322e+02
8.929117994308471680e+02
4.211666328907012939e+02
1.156267955780029297e+03
1.817822858810424805e+03
6.612827107906341553e+02
7.218512363433837891e+02
7.950926475524902344e+02
1.485641685009002686e+03
6.890898101329803467e+02
9.585385313034057617e+02
1.910066346883773804e+03
9.893613665103912354e+02
4.791659204959869385e+02
8.622635922431945801e+02
9.295888516902923584e+02
8.125346503257751465e+02
6.300868146419525146e+02
1.196336991548538208e+03
1.152996276855468750e+03
6.923309323787689209e+02
1.005237112522125244e+03
1.202237815380096436e+03
6.198669021129608154e+02
9.526654584407806396e+02
1.276387048244476318e+03
1.451852916479110718e+03
7.432723848819732666e+02
1.013634858846664429e+03
1.234990075349807739e+03
1.141336316823959351e+03
7.220236213207244873e+02
1.421750397443771362e+03
7.319190320968627930e+02
7.237579815387725830e+02
5.067897269725799561e+02
1.150156742811203003e+03
6.575335917472839355e+02
1.360832003831863403e+03
1.378875988483428955e+03
1.020661668539047241e+03
2.036096374988555908e+03
8.252907540798187256e+02
1.667019826173782349e+03
1.158123536109924316e+03
9.279040968418121338e+02
1.109582207441329956e+03
1.837119133949279785e+03
1.113009929418563843e+03
6.142899265289306641e+02
1.719722444295883179e+03
8.451215572357177734e+02
9.576833486557006836e+02
1.116909547805786133e+03
9.611914591789245605e+02
9.006930937767028809e+02
6.881606886386871338e+02
1.664272748947143555e+03
4.878004660606384277e+02
7.788028013706207275e+02
6.091807377338409424e+02
1.045213971138000488e+03
1.033748952150344849e+03
5.604611835479736328e+02
8.566846361160278320e+02
4.793888468742370605e+02
8.704807629585266113e+02
6.920699136257171631e+02
1.305809057950973511e+03
6.314481060504913330e+02
9.109242272377014160e+02
6.459288942813873291e+02
1.044178497791290283e+03
9.563775749206542969e+02
5.106919398307800293e+02
6.617261147499084473e+02
9.147804892063140869e+02
7.524645080566406250e+02
7.303337490558624268e+02
1.364093442916870117e+03
4.980644452571868896e+02
1.729653701305389404e+03
8.444417183399200439e+02
9.641550245285034180e+02
1.211317900180816650e+03
6.591076302528381348e+02
1.587624500036239624e+03
1.306890227317810059e+03
1.603928335905075073e+03
9.582491791248321533e+02
6.297252361774444580e+02
8.378418390750885010e+02
5.124230000972747803e+02
4.795321116447448730e+02
6.962292470932006836e+02
7.951543874740600586e+02
1.158157262325286865e+03
7.979517760276794434e+02
1.065357016324996948e+03
5.417553942203521729e+02
6.468460333347320557e+02
4.663791341781616211e+02
1.258239537000656128e+03
1.011896469831466675e+03
9.147338316440582275e+02
8.971960535049438477e+02
8.394220006465911865e+02
1.351686725854873657e+03
9.406980137825012207e+02
1.064874544382095337e+03
4.912257618904113770e+02
4.700435209274291992e+02
6.664426527023315430e+02
8.248646175861358643e+02
9.855597424507141113e+02
1.005742617130279541e+03
1.149566268920898438e+03
6.003121175765991211e+02
8.715253837108612061e+02
5.558863415718078613e+02
1.604611862897872925e+03
1.117936902999877930e+03
4.647715523242950439e+02
7.485515682697296143e+02
7.031714923381805420e+02
7.936924290657043457e+02
9.000890953540802002e+02
4.660487108230590820e+02
1.048953550815582275e+03
9.442887322902679443e+02
9.435819263458251953e+02
1.003519724607467651e+03
1.093362244367599487e+03
9.742071647644042969e+02
8.524116189479827881e+02
1.155514918088912964e+03
6.167236638069152832e+02
4.503752183914184570e+02
1.174248397588729858e+03
7.454584977626800537e+02
6.465521667003631592e+02
1.185270012140274048e+03
1.180005223989486694e+03
1.261105537414550781e+03
8.103019962310791016e+02
1.048836565256118774e+03
9.742088871002197266e+02
1.241594516277313232e+03
7.182145624160766602e+02
1.188385096073150635e+03
1.108504204988479614e+03
1.255394160509109497e+03
7.346348505020141602e+02
8.200245099067687988e+02
7.348005948066711426e+02
5.248662049770355225e+02
9.548967509269714355e+02
1.267134169101715088e+03
1.393020879745483398e+03
8.573307538032531738e+02
9.147708134651184082e+02
7.802845978736877441e+02
7.067735140323638916e+02
1.081139557123184204e+03
6.584193682670593262e+02
8.692516584396362305e+02
4.361936240196228027e+02
9.292909088134765625e+02
4.037306249141693115e+02
6.240323951244354248e+02
1.167363518714904785e+03
1.041865617275238037e+03
7.784543569087982178e+02
1.199088870763778687e+03
1.123046523809432983e+03
1.064259762048721313e+03
5.984955115318298340e+02
5.075114710330963135e+02
1.063510445117950439e+03
8.249999129772186279e+02
1.395082636356353760e+03
7.046438088417053223e+02
4.776579134464263916e+02
5.535834536552429199e+02
9.707289619445800781e+02
8.347508416175842285e+02
1.019810650587081909e+03
1.091545905113220215e+03
1.245528789997100830e+03
6.716592919826507568e+02
5.236503510475158691e+02
4.664861352443695068e+02
7.410535666942596436e+02
1.015412786245346069e+03
8.381282551288604736e+02
6.122929654121398926e+02
5.369373307228088379e+02
8.543610734939575195e+02
1.149775988101959229e+03
8.863636841773986816e+02
1.127713059902191162e+03
5.829385221004486084e+02
8.695252647399902344e+02
4.201990129947662354e+02
5.533691840171813965e+02
9.995353126525878906e+02
7.180715179443359375e+02
1.259259567260742188e+03
1.080382898330688477e+03
9.591675562858581543e+02
1.441136815071105957e+03
1.163689952611923218e+03
5.707526662349700928e+02
1.273786353826522827e+03
1.033983220815658569e+03
7.293573765754699707e+02
1.539184555768966675e+03
4.646902639865875244e+02
1.030366422653198242e+03
8.536943745613098145e+02
1.136897683382034302e+03
9.288288340568542480e+02
6.444859936237335205e+02
7.513258013725280762e+02
4.197170979976654053e+02
9.890879981517791748e+02
7.952846076488494873e+02
1.535724539279937744e+03
3.911554975509643555e+02
1.243960392475128174e+03
1.156913309097290039e+03
9.001018576622009277e+02
1.547215112209320068e+03
7.421498849391937256e+02
1.213787125349044800e+03
2.251241015672683716e+03
1.738523962259292603e+03
2.139406117439270020e+03
6.393726704120635986e+02
9.440986087322235107e+02
6.266531257629394531e+02
9.386636488437652588e+02
1.392372373104095459e+03
5.254389350414276123e+02
1.151052297115325928e+03
8.238166120052337646e+02
9.420509490966796875e+02
1.586132184505462646e+03
9.585682113170623779e+02
6.168597650527954102e+02
1.257047878026962280e+03
7.348407878875732422e+02
6.900720729827880859e+02
6.596009862422943115e+02
1.359140098333358765e+03
7.932582590579986572e+02
9.313869805335998535e+02
7.326893472671508789e+02
5.088899340629577637e+02
6.127076339721679688e+02
1.370832581281661987e+03
9.901794216632843018e+02
5.406504814624786377e+02
6.127801356315612793e+02
6.557691428661346436e+02
9.501122815608978271e+02
1.548601901054382324e+03
1.733251814842224121e+03
1.835426346778869629e+03
1.274971877813339233e+03
1.004118299007415771e+03
6.278927202224731445e+02
7.421789367198944092e+02
1.280526596307754517e+03
2.154545587539672852e+03
1.245541626930236816e+03
1.466179264783859253e+03
1.166591031074523926e+03
7.460756938457489014e+02
1.675145391464233398e+03
6.751006329059600830e+02
3.904813020229339600e+02
1.026835478067398071e+03
1.034089074611663818e+03
1.006812883615493774e+03
7.795233995914459229e+02
9.019692168235778809e+02
1.260245830774307251e+03
5.985997416973114014e+02
9.000374538898468018e+02
6.287789185047149658e+02
1.074341765880584717e+03
7.340656826496124268e+02
9.579569098949432373e+02
6.288516566753387451e+02
1.416590564966201782e+03
1.630645401000976562e+03
1.004146876096725464e+03
1.402633598089218140e+03
8.690399539470672607e+02
1.439409583330154419e+03
9.896780323982238770e+02
8.839101274013519287e+02
8.689797520637512207e+02
9.793452615737915039e+02
5.699085526466369629e+02
7.197904806137084961e+02
7.590883836746215820e+02
8.466339745521545410e+02
8.251023416519165039e+02
7.348641893863677979e+02
6.433539741039276123e+02
1.268711148738861084e+03
7.492939021587371826e+02
7.248363997936248779e+02
8.860817108154296875e+02
1.065162805080413818e+03
1.052065833806991577e+03
1.011705155134201050e+03
9.302108788490295410e+02
9.926698787212371826e+02
1.062908996343612671e+03
7.629709577560424805e+02
1.528908295154571533e+03
2.345238786935806274e+03
9.944320173263549805e+02
8.776017544269561768e+02
2.316885248899459839e+03
9.160440564155578613e+02
1.286242857933044434e+03
4.951333262920379639e+02
1.064211068153381348e+03
1.580365330219268799e+03
5.535427560806274414e+02
6.878354020118713379e+02
1.069275944232940674e+03
9.875973398685455322e+02
1.286455529212951660e+03
7.026437990665435791e+02
1.379993639230728149e+03
1.003319082736968994e+03
7.148583290576934814e+02
1.056210437774658203e+03
5.849859251976013184e+02
1.397354752063751221e+03
1.244421128749847412e+03
4.932815012931823730e+02
9.460095527172088623e+02
1.371056579828262329e+03
7.202203075885772705e+02
1.064827775478363037e+03
6.274112641811370850e+02
1.208207792997360229e+03
1.122501809120178223e+03
5.848322179317474365e+02
1.083334480047225952e+03
1.080914851427078247e+03
5.403371603488922119e+02
8.075153357982635498e+02
7.208700158596038818e+02
1.288989702939987183e+03
5.396826381683349609e+02
1.431618987321853638e+03
1.125788589239120483e+03
1.215066657066345215e+03
4.517641518115997314e+02
8.549340717792510986e+02
1.052392266988754272e+03
9.935476963520050049e+02
8.318861691951751709e+02
1.210434385538101196e+03
1.368050603151321411e+03
1.155103912353515625e+03
1.243853323698043823e+03
8.426522462368011475e+02
1.196557270288467407e+03
9.297364130020141602e+02
8.260920219421386719e+02
1.598466341257095337e+03
4.516283087730407715e+02
4.499239075183868408e+02
1.138007840156555176e+03
7.857912824153900146e+02
6.122422959804534912e+02
3.883135180473327637e+02
6.734714891910552979e+02
1.275789983272552490e+03
7.774003171920776367e+02
6.899561452865600586e+02
8.412818624973297119e+02
6.407212877273559570e+02
3.899952044486999512e+02
4.249453420639038086e+02
1.613952254295349121e+03
1.389290922880172729e+03
5.079414813518524170e+02
1.191383648157119751e+03
7.041956844329833984e+02
8.406870305538177490e+02
7.123407559394836426e+02
6.599585061073303223e+02
7.340469143390655518e+02
5.406585469245910645e+02
4.956954407691955566e+02
4.350858156681060791e+02
1.096062990903854370e+03
1.404433332681655884e+03
7.938606567382812500e+02
6.465574829578399658e+02
6.602074558734893799e+02
1.214697392225265503e+03
4.209155733585357666e+02
8.226005764007568359e+02
1.515001441478729248e+03
7.782875916957855225e+02
1.227471744775772095e+03
1.021741620302200317e+03
1.201282716512680054e+03
9.118811972141265869e+02
7.462890031337738037e+02
1.106323857069015503e+03
6.043325409889221191e+02
4.797078285217285156e+02
9.037568180561065674e+02
4.901237206459045410e+02
1.218727566242218018e+03
5.157712235450744629e+02
4.211539504528045654e+02
1.417885946273803711e+03
1.354611036300659180e+03
6.975233433246612549e+02
1.798762608289718628e+03
1.063417453289031982e+03
1.019336053609848022e+03
1.777613833665847778e+03
3.904252676963806152e+02
1.038703966856002808e+03
1.077504065513610840e+03
7.322129726409912109e+02
1.852930746316909790e+03
1.045725874662399292e+03
1.062726387023925781e+03
6.004833920001983643e+02
7.808254053592681885e+02
9.145218260288238525e+02
7.028559112548828125e+02
1.515403627634048462e+03
8.350304532051086426e+02
4.647893669605255127e+02
6.717101545333862305e+02
6.999331829547882080e+02
9.155888612270355225e+02
9.898523819446563721e+02
8.543175053596496582e+02
9.443549666404724121e+02
1.017611170768737793e+03
4.356795616149902344e+02
8.250828530788421631e+02
1.458654562234878540e+03
4.651485733985900879e+02
7.787182731628417969e+02
5.229048590660095215e+02
4.629869897365570068e+02
9.628172969818115234e+02
9.825056767463684082e+02
4.653070755004882812e+02
1.212142057418823242e+03
1.012288260459899902e+03
7.118057320117950439e+02
1.068926948547363281e+03
5.085531487464904785e+02
1.109085307359695435e+03
9.460212323665618896e+02
7.366284356117248535e+02
9.749283344745635986e+02
9.516571226119995117e+02
5.315002555847167969e+02
4.483709909915924072e+02
7.021589238643646240e+02
5.538741176128387451e+02
4.203178315162658691e+02
6.870206460952758789e+02
1.420274696111679077e+03
1.186230754375457764e+03
7.336679229736328125e+02
1.546181205749511719e+03
8.232833120822906494e+02
8.815893366336822510e+02
8.827388355731964111e+02
1.166003212451934814e+03
5.396768693923950195e+02
8.996959068775177002e+02
6.305505738258361816e+02
5.987254159450531006e+02
8.154529824256896973e+02
4.638094999790191650e+02
1.077537401914596558e+03
9.003763737678527832e+02
1.330499716281890869e+03
6.146238017082214355e+02
5.843886778354644775e+02
9.416532685756683350e+02
3.916795575618743896e+02
5.898475530147552490e+02
8.098667886257171631e+02
6.307162742614746094e+02
8.823585212230682373e+02
1.334759247541427612e+03
7.491048903465270996e+02
1.125591212034225464e+03
5.679534597396850586e+02
1.003362993955612183e+03
9.109695608615875244e+02
1.188572028875350952e+03
1.886662383794784546e+03
5.337818002700805664e+02
5.885955841541290283e+02
9.447375507354736328e+02
5.252407801151275635e+02
9.429142537117004395e+02
1.261545326471328735e+03
3.965363521575927734e+02
8.294584336280822754e+02
3.757479343414306641e+02
3.771322541236877441e+02
7.655520727634429932e+02
7.499670140743255615e+02
7.790941879749298096e+02
9.859700572490692139e+02
2.178691648960113525e+03
1.020713293075561523e+03
1.200665380954742432e+03
7.951044960021972656e+02
3.907769010066986084e+02
8.755484080314636230e+02
1.574776134729385376e+03
1.216145232200622559e+03
9.092902827262878418e+02
7.178606843948364258e+02
8.520567524433135986e+02
1.582444266319274902e+03
5.238626511096954346e+02
1.400431632041931152e+03
8.680473163127899170e+02
8.061968486309051514e+02
7.948571543693542480e+02
4.783000557422637939e+02
1.001361596345901489e+03
8.507805399894714355e+02
4.349655687808990479e+02
6.764754097461700439e+02
5.232209889888763428e+02
1.112214893341064453e+03
1.112560392379760742e+03
1.185032780408859253e+03
4.526147942543029785e+02
6.922198183536529541e+02
9.461064658164978027e+02
8.396858308315277100e+02
5.101378912925720215e+02
7.619709191322326660e+02
8.701850192546844482e+02
4.039826698303222656e+02
7.195686695575714111e+02
1.122269469976425171e+03
9.287715673446655273e+02
5.843375835418701172e+02
4.202343871593475342e+02
1.744457590341567993e+03
7.934924163818359375e+02
1.138108426809310913e+03
4.044618022441864014e+02
9.866924619674682617e+02
8.398538255691528320e+02
6.608598937988281250e+02
6.962195742130279541e+02
5.276059310436248779e+02
9.619359552860260010e+02
4.509221088886260986e+02
1.213908048152923584e+03
8.476578238010406494e+02
1.276656801223754883e+03
5.997812731266021729e+02
6.451614260673522949e+02
7.329752202033996582e+02
9.595644502639770508e+02
8.023081426620483398e+02
4.055977036952972412e+02
9.663284440040588379e+02
4.814324419498443604e+02
1.186705216169357300e+03
7.194462869167327881e+02
8.562839875221252441e+02
4.348716721534729004e+02
6.888765270709991455e+02
5.114355323314666748e+02
7.329505629539489746e+02
6.896648797988891602e+02
8.836246418952941895e+02
1.086160686731338501e+03
4.198293142318725586e+02
5.689761657714843750e+02
6.757861964702606201e+02
6.615134756565093994e+02
1.122611492872238159e+03
6.283175301551818848e+02
1.005861979961395264e+03
6.549074299335479736e+02
8.741932864189147949e+02
1.422219626665115356e+03
6.461265280246734619e+02
4.957612178325653076e+02
7.754895436763763428e+02
3.908135073184967041e+02
5.232366452217102051e+02
1.147412372589111328e+03
9.751501994132995605e+02
1.169086387634277344e+03
3.598320324420928955e+02
6.891761410236358643e+02
9.590315618515014648e+02
7.222540163993835449e+02
8.981889758110046387e+02
8.712352628707885742e+02
5.549511687755584717e+02
1.149183871030807495e+03
9.246484379768371582e+02
5.415417912006378174e+02
1.299698300123214722e+03
9.541697435379028320e+02
4.931309103965759277e+02
5.854989638328552246e+02
9.264859032630920410e+02
6.316055545806884766e+02
7.965545065402984619e+02
8.992683191299438477e+02
6.296066582202911377e+02
7.821025292873382568e+02
1.328070181369781494e+03
1.243170861959457397e+03
6.437068166732788086e+02
1.352080303907394409e+03
1.145219500064849854e+03
1.620425699234008789e+03
1.210385684728622437e+03
7.345272357463836670e+02
1.008192864894866943e+03
4.047233834266662598e+02
8.004892787933349609e+02
9.795601029396057129e+02
9.324481835365295410e+02
1.088744187116622925e+03
5.077816460132598877e+02
7.356827135086059570e+02
9.763494043350219727e+02
9.282221107482910156e+02
5.269409401416778564e+02
4.803560168743133545e+02
4.948677241802215576e+02
1.325197058439254761e+03
6.478932895660400391e+02
9.316135251522064209e+02
8.107412693500518799e+02
7.641789119243621826e+02
4.346801962852478027e+02
7.514536495208740234e+02
7.359112279415130615e+02
6.036294713020324707e+02
1.049323461055755615e+03
5.701785831451416016e+02
7.351063647270202637e+02
1.037122860193252563e+03
5.999378705024719238e+02
1.090704310655593872e+03
6.121852815151214600e+02
8.027090635299682617e+02
9.018529021739959717e+02
9.931911990642547607e+02
9.873866364955902100e+02
5.394980087280273438e+02
8.657196044921875000e+02
1.059609367370605469e+03
8.732674033641815186e+02
1.247615094900131226e+03
6.914796915054321289e+02
7.229006521701812744e+02
1.037121836185455322e+03
6.331600313186645508e+02
6.208973550796508789e+02
9.345750145912170410e+02
5.118967535495758057e+02
6.626001873016357422e+02
1.418276347637176514e+03
6.913767220973968506e+02
8.990719807147979736e+02
8.987921981811523438e+02
5.585731751918792725e+02
7.362208430767059326e+02
6.480332849025726318e+02
1.069787858486175537e+03
7.941672821044921875e+02
4.792220127582550049e+02
5.267855536937713623e+02
5.404163091182708740e+02
7.037431197166442871e+02
3.908326787948608398e+02
1.140060459136962891e+03
1.261484319686889648e+03
8.695589330196380615e+02
9.381149115562438965e+02
6.315047698020935059e+02
1.141860298871994019e+03
3.770402405261993408e+02
6.255534343719482422e+02
7.195561075210571289e+02
4.218493726253509521e+02
4.647152543067932129e+02
9.631702532768249512e+02
1.568951265573501587e+03
7.797181482315063477e+02
2.874001004457473755e+03
7.072863318920135498e+02
7.345109956264495850e+02
1.173524980545043945e+03
1.186995192527770996e+03
1.108946040868759155e+03
6.005471627712249756e+02
4.609243528842926025e+02
1.600019971132278442e+03
6.453167753219604492e+02
1.090328403949737549e+03
1.524246273279190063e+03
1.418529142379760742e+03
6.611488130092620850e+02
8.436368355751037598e+02
7.508010766506195068e+02
7.588710567951202393e+02
9.506687602996826172e+02
8.105837578773498535e+02
1.257419734954833984e+03
1.004207602262496948e+03
6.033999865055084229e+02
5.991491196155548096e+02
4.638522336483001709e+02
8.869199666976928711e+02
5.881408259868621826e+02
8.339160709381103516e+02
6.017666835784912109e+02
9.597816183567047119e+02
1.143555204629898071e+03
1.408081248521804810e+03
9.605399403572082520e+02
5.583846845626831055e+02
1.520745938062667847e+03
4.519613254070281982e+02
6.305876009464263916e+02
1.239009830713272095e+03
7.365679748058319092e+02
7.228199388980865479e+02
1.507926262378692627e+03
3.770270068645477295e+02
1.410964597225189209e+03
1.078101115703582764e+03
1.096714883565902710e+03
1.263656742334365845e+03
6.904877629280090332e+02
9.621907491683959961e+02
4.980845751762390137e+02
8.934911074638366699e+02
1.293127930164337158e+03
4.350008668899536133e+02
8.365405254364013672e+02
1.421464960813522339e+03
1.829912441730499268e+03
8.634526340961456299e+02
1.274609490394592285e+03
1.108081300735473633e+03
1.439500883102416992e+03
9.810179693698883057e+02
8.143954534530639648e+02
5.577409670352935791e+02
6.302672035694122314e+02
3.912882456779479980e+02
5.871704335212707520e+02
6.762632408142089844e+02
1.033372250080108643e+03
8.597824702262878418e+02
6.501770837306976318e+02
9.185883529186248779e+02
9.052574658393859863e+02
1.190858438491821289e+03
6.188485484123229980e+02
5.051657011508941650e+02
8.573790073394775391e+02
1.306220792055130005e+03
9.786341373920440674e+02
4.071290378570556641e+02
7.369813570976257324e+02
9.812425441741943359e+02
8.245198791027069092e+02
6.448080356121063232e+02
8.416307208538055420e+02
4.065905179977416992e+02
9.471747791767120361e+02
3.934206554889678955e+02
7.111020095348358154e+02
8.111901102066040039e+02
1.463032213449478149e+03
6.167107837200164795e+02
6.241768467426300049e+02
5.429332413673400879e+02
6.013047666549682617e+02
1.041580624341964722e+03
9.319896371364593506e+02
1.066429392814636230e+03
8.585013065338134766e+02
6.474121170043945312e+02
9.179060952663421631e+02
7.771517674922943115e+02
1.126755319833755493e+03
9.017821958065032959e+02
6.177202367782592773e+02
1.634510791063308716e+03
8.124130961894989014e+02
4.527956731319427490e+02
8.189939887523651123e+02
1.508616215944290161e+03
1.556269551753997803e+03
1.413988167047500610e+03
6.331696624755859375e+02
9.012381179332733154e+02
7.496275460720062256e+02
1.141261371612548828e+03
4.521873517036437988e+02
7.707689907550811768e+02
1.094533729076385498e+03
5.101791810989379883e+02
4.251974937915802002e+02
7.642278788089752197e+02
7.637237002849578857e+02
5.729281826019287109e+02
5.402966973781585693e+02
1.484532090187072754e+03
8.249791841506958008e+02
9.868779017925262451e+02
5.385840556621551514e+02
1.276234735012054443e+03
6.914850902557373047e+02
9.491506948471069336e+02
