1.098750863075256348e+02
2.623463296890258789e+01
2.877912569046020508e+01
3.385513257980346680e+01
2.524106860160827637e+01
1.933084058761596680e+01
2.981907391548156738e+01
1.602771210670471191e+01
3.062358880043029785e+01
2.987378859519958496e+01
3.534792089462280273e+01
2.611973190307617188e+01
3.399982547760009766e+01
2.221488451957702637e+01
2.916384792327880859e+01
2.827475452423095703e+01
3.166673254966735840e+01
2.669933295249938965e+01
3.550343894958496094e+01
3.543290972709655762e+01
3.468942880630493164e+01
3.216483879089355469e+01
3.331550145149230957e+01
3.281797313690185547e+01
4.366626501083374023e+01
3.075190544128417969e+01
4.244546914100646973e+01
4.181273341178894043e+01
3.570137143135070801e+01
3.784067440032958984e+01
3.495855689048767090e+01
3.269851660728454590e+01
2.508429741859436035e+01
2.997124242782592773e+01
3.626676082611083984e+01
2.374709868431091309e+01
3.033383679389953613e+01
2.976195120811462402e+01
2.832088494300842285e+01
2.193405723571777344e+01
2.994182181358337402e+01
2.893812060356140137e+01
3.006693220138549805e+01
3.056522679328918457e+01
3.144157671928405762e+01
2.656197428703308105e+01
3.203572392463684082e+01
3.181738281250000000e+01
3.515267348289489746e+01
2.860592269897460938e+01
3.197369003295898438e+01
3.240908074378967285e+01
3.422562837600708008e+01
2.717017912864685059e+01
3.593359398841857910e+01
2.968223762512207031e+01
4.011425137519836426e+01
3.378066754341125488e+01
4.187356352806091309e+01
3.221570754051208496e+01
3.348807215690612793e+01
3.233169412612915039e+01
3.984008336067199707e+01
3.305609154701232910e+01
2.421915435791015625e+01
2.796000528335571289e+01
2.929685997962951660e+01
2.252486968040466309e+01
2.916589617729187012e+01
2.721538233757019043e+01
3.679514455795288086e+01
2.305410766601562500e+01
3.633405113220214844e+01
2.937469840049743652e+01
3.066343140602111816e+01
2.901009082794189453e+01
3.346430540084838867e+01
3.292874765396118164e+01
2.764251208305358887e+01
2.866155719757080078e+01
3.249482631683349609e+01
2.591462159156799316e+01
2.791368579864501953e+01
3.165873694419860840e+01
3.337760257720947266e+01
3.154502439498901367e+01
3.475259733200073242e+01
2.618534088134765625e+01
2.920336318016052246e+01
3.539106178283691406e+01
5.034754729270935059e+01
3.503389620780944824e+01
2.838352918624877930e+01
2.841370797157287598e+01
3.440173029899597168e+01
3.331984186172485352e+01
3.152700734138488770e+01
3.196780776977539062e+01
2.799787807464599609e+01
3.107339453697204590e+01
2.965633749961853027e+01
3.109913635253906250e+01
3.473927783966064453e+01
2.813050127029418945e+01
3.887306237220764160e+01
3.363736176490783691e+01
3.381893372535705566e+01
2.858265638351440430e+01
3.474091458320617676e+01
2.455819940567016602e+01
3.300075817108154297e+01
3.046961784362792969e+01
2.915757083892822266e+01
2.339504528045654297e+01
3.491007542610168457e+01
2.482286119461059570e+01
3.372272896766662598e+01
3.149191904067993164e+01
2.855971527099609375e+01
3.553374814987182617e+01
4.304426813125610352e+01
3.022189974784851074e+01
3.463383507728576660e+01
3.340123653411865234e+01
3.827648067474365234e+01
2.956018280982971191e+01
3.652169513702392578e+01
3.503972697257995605e+01
3.430553579330444336e+01
2.761254310607910156e+01
3.516862130165100098e+01
2.935343527793884277e+01
3.126036167144775391e+01
2.854724740982055664e+01
3.575833225250244141e+01
2.682864880561828613e+01
3.378102183341979980e+01
1.968043565750122070e+01
3.258397364616394043e+01
2.879925203323364258e+01
2.911369633674621582e+01
3.187741518020629883e+01
3.150967168807983398e+01
2.353084897994995117e+01
3.257076215744018555e+01
2.788997101783752441e+01
3.419186854362487793e+01
2.314573025703430176e+01
3.379715371131896973e+01
3.419867658615112305e+01
5.755824804306030273e+01
2.939728355407714844e+01
3.487967419624328613e+01
3.455965900421142578e+01
4.271350264549255371e+01
2.819213914871215820e+01
3.429337525367736816e+01
2.733742427825927734e+01
3.403462195396423340e+01
2.806533360481262207e+01
2.723925280570983887e+01
1.797761297225952148e+01
3.218844437599182129e+01
3.570327687263488770e+01
2.940009689331054688e+01
2.933588027954101562e+01
3.349503350257873535e+01
3.306795382499694824e+01
3.371097731590270996e+01
2.930874752998352051e+01
3.042486572265625000e+01
2.719650030136108398e+01
2.936745047569274902e+01
3.173707604408264160e+01
3.022189927101135254e+01
2.888930773735046387e+01
3.762386536598205566e+01
2.341726016998291016e+01
3.417702937126159668e+01
3.162674117088317871e+01
5.297936105728149414e+01
3.528180599212646484e+01
3.669278740882873535e+01
3.752248811721801758e+01
3.786017155647277832e+01
1.879737520217895508e+01
3.476201391220092773e+01
3.302269124984741211e+01
3.440729427337646484e+01
2.674496197700500488e+01
3.450335645675659180e+01
2.467594981193542480e+01
3.382926559448242188e+01
3.176349472999572754e+01
2.216333270072937012e+01
2.481822156906127930e+01
3.792594480514526367e+01
3.130245208740234375e+01
3.221015405654907227e+01
3.187661981582641602e+01
3.168270874023437500e+01
3.124256372451782227e+01
2.954646062850952148e+01
3.329446411132812500e+01
3.017804598808288574e+01
2.874226474761962891e+01
4.078761529922485352e+01
3.441299366950988770e+01
3.704525566101074219e+01
2.460991024971008301e+01
5.514667487144470215e+01
4.069755172729492188e+01
3.547169065475463867e+01
3.508182692527770996e+01
3.555645561218261719e+01
3.918260550498962402e+01
3.670100045204162598e+01
2.580379414558410645e+01
3.502425408363342285e+01
3.283323884010314941e+01
3.058071851730346680e+01
2.498631143569946289e+01
3.287184810638427734e+01
2.989541578292846680e+01
2.716978454589843750e+01
2.526300215721130371e+01
3.131895303726196289e+01
3.070388221740722656e+01
3.580007243156433105e+01
2.517576098442077637e+01
3.560827851295471191e+01
2.951362729072570801e+01
3.248899054527282715e+01
3.272672057151794434e+01
3.494972872734069824e+01
3.048078703880310059e+01
3.208672642707824707e+01
2.694933748245239258e+01
3.538124704360961914e+01
2.988613629341125488e+01
5.284623932838439941e+01
2.670835566520690918e+01
3.951413631439208984e+01
3.500250577926635742e+01
3.171512675285339355e+01
2.767966985702514648e+01
3.057098889350891113e+01
2.748086619377136230e+01
2.719515705108642578e+01
2.671135663986206055e+01
3.204479074478149414e+01
3.114911508560180664e+01
3.117696404457092285e+01
3.307139730453491211e+01
3.061138415336608887e+01
2.909146499633789062e+01
2.868451642990112305e+01
2.787296009063720703e+01
2.674926590919494629e+01
3.248245882987976074e+01
3.033320760726928711e+01
2.764018893241882324e+01
2.769265079498291016e+01
3.327156710624694824e+01
3.409808230400085449e+01
3.119726395606994629e+01
3.610464501380920410e+01
1.810514688491821289e+01
2.993562197685241699e+01
2.229213094711303711e+01
4.121240782737731934e+01
3.546605157852172852e+01
3.729987692832946777e+01
3.445844697952270508e+01
3.503599715232849121e+01
3.684621620178222656e+01
2.948674917221069336e+01
2.509664511680603027e+01
3.106943130493164062e+01
2.592042946815490723e+01
2.782455992698669434e+01
3.176129198074340820e+01
2.851696014404296875e+01
3.013903737068176270e+01
3.412813258171081543e+01
3.022793436050415039e+01
2.820571064949035645e+01
2.929903340339660645e+01
3.078976988792419434e+01
2.946272015571594238e+01
2.799960207939147949e+01
2.855341649055480957e+01
3.265682601928710938e+01
3.261477994918823242e+01
3.268043303489685059e+01
3.315639996528625488e+01
2.858037638664245605e+01
2.483669114112854004e+01
2.869503879547119141e+01
2.894247531890869141e+01
5.984598278999328613e+01
4.760926532745361328e+01
3.864587593078613281e+01
4.319269084930419922e+01
3.786927247047424316e+01
2.946118354797363281e+01
4.184728050231933594e+01
3.823763036727905273e+01
3.287845253944396973e+01
3.016012573242187500e+01
3.522141838073730469e+01
1.455624985694885254e+01
3.470777368545532227e+01
2.695253753662109375e+01
2.917463588714599609e+01
2.970577740669250488e+01
2.701176762580871582e+01
3.047459173202514648e+01
3.647330307960510254e+01
3.095481133460998535e+01
2.419802427291870117e+01
2.679863548278808594e+01
2.685116338729858398e+01
3.426829051971435547e+01
2.952022624015808105e+01
2.720377993583679199e+01
2.651321816444396973e+01
3.188245272636413574e+01
3.314884448051452637e+01
3.137317681312561035e+01
6.675252890586853027e+01
3.536614990234375000e+01
3.515294981002807617e+01
3.097758722305297852e+01
4.487171363830566406e+01
3.622558450698852539e+01
3.011078763008117676e+01
2.889399886131286621e+01
3.456947207450866699e+01
2.773264622688293457e+01
2.701134109497070312e+01
3.130426073074340820e+01
2.894834136962890625e+01
2.671454334259033203e+01
3.001037621498107910e+01
2.337947297096252441e+01
3.133574151992797852e+01
2.867769694328308105e+01
2.923576021194458008e+01
3.269126009941101074e+01
2.746920728683471680e+01
2.869366574287414551e+01
3.559284853935241699e+01
2.544470691680908203e+01
2.913753366470336914e+01
2.639835977554321289e+01
3.377960300445556641e+01
2.879231333732604980e+01
2.819739961624145508e+01
2.786775732040405273e+01
5.481302428245544434e+01
4.021939468383789062e+01
4.311847400665283203e+01
4.439899444580078125e+01
3.847068834304809570e+01
4.056897091865539551e+01
3.205838966369628906e+01
3.556900358200073242e+01
3.883478236198425293e+01
3.229418063163757324e+01
3.317902493476867676e+01
2.736450481414794922e+01
3.129755258560180664e+01
3.343749380111694336e+01
3.239036369323730469e+01
2.404035973548889160e+01
2.775565314292907715e+01
3.062928438186645508e+01
2.948878312110900879e+01
3.031224775314331055e+01
3.293687295913696289e+01
2.862101626396179199e+01
3.274655389785766602e+01
2.560846900939941406e+01
3.104086041450500488e+01
2.658731532096862793e+01
2.994385004043579102e+01
3.001711225509643555e+01
3.471771335601806641e+01
3.089516353607177734e+01
6.110092806816101074e+01
4.476186561584472656e+01
4.642702484130859375e+01
4.119252347946166992e+01
3.879532957077026367e+01
3.302756094932556152e+01
3.406442403793334961e+01
2.851031661033630371e+01
3.637662720680236816e+01
2.701054835319519043e+01
3.826025652885437012e+01
2.557755112648010254e+01
3.596810746192932129e+01
2.358214950561523438e+01
3.360471391677856445e+01
3.376588916778564453e+01
3.400352525711059570e+01
2.772758722305297852e+01
2.768602156639099121e+01
2.573437356948852539e+01
2.964559078216552734e+01
2.862615656852722168e+01
2.889338541030883789e+01
2.166059064865112305e+01
2.409809637069702148e+01
2.921401309967041016e+01
2.395021009445190430e+01
2.399428153038024902e+01
2.800882363319396973e+01
3.270546936988830566e+01
9.877877545356750488e+01
3.916776061058044434e+01
4.534704113006591797e+01
3.423866200447082520e+01
4.206007575988769531e+01
3.834531354904174805e+01
3.946772313117980957e+01
3.542317438125610352e+01
3.658466196060180664e+01
3.361337590217590332e+01
3.820701551437377930e+01
2.844440460205078125e+01
3.757741737365722656e+01
2.610754537582397461e+01
3.156551980972290039e+01
2.238108301162719727e+01
3.684283399581909180e+01
2.995001888275146484e+01
2.833352613449096680e+01
2.424513721466064453e+01
2.884201669692993164e+01
2.226664233207702637e+01
3.261057472229003906e+01
3.040078043937683105e+01
2.942357349395751953e+01
2.985691714286804199e+01
2.726848292350769043e+01
2.932535815238952637e+01
3.926031541824340820e+01
3.081399559974670410e+01
1.074496951103210449e+02
5.248650479316711426e+01
5.010699343681335449e+01
4.428218913078308105e+01
3.996562790870666504e+01
3.066647410392761230e+01
3.531966114044189453e+01
3.097720479965209961e+01
3.750311112403869629e+01
3.548403120040893555e+01
3.721176862716674805e+01
3.191151762008666992e+01
3.042380642890930176e+01
3.089094710350036621e+01
2.660618066787719727e+01
3.031957626342773438e+01
3.636770462989807129e+01
2.884238386154174805e+01
2.656410956382751465e+01
2.910674142837524414e+01
3.257398247718811035e+01
2.344428777694702148e+01
3.055837726593017578e+01
3.265832257270812988e+01
3.103737711906433105e+01
2.722995996475219727e+01
2.934956407546997070e+01
3.057238817214965820e+01
3.032573246955871582e+01
3.232649040222167969e+01
1.114540348052978516e+02
3.440577006340026855e+01
5.514267969131469727e+01
4.441863751411437988e+01
3.413018584251403809e+01
5.286410236358642578e+01
3.785858392715454102e+01
3.921037793159484863e+01
3.425256848335266113e+01
3.716063547134399414e+01
3.159403252601623535e+01
2.739395093917846680e+01
3.695703268051147461e+01
2.162436485290527344e+01
3.211197066307067871e+01
2.978753519058227539e+01
2.845163106918334961e+01
3.097048211097717285e+01
3.203024721145629883e+01
3.226781988143920898e+01
3.700134086608886719e+01
2.738861060142517090e+01
2.588850307464599609e+01
2.665695238113403320e+01
3.158505368232727051e+01
2.542823362350463867e+01
2.977801775932312012e+01
2.570953798294067383e+01
2.778686761856079102e+01
3.297396469116210938e+01
1.224883460998535156e+02
4.564310026168823242e+01
5.983279561996459961e+01
4.435056376457214355e+01
4.552861666679382324e+01
4.592849779129028320e+01
3.463158941268920898e+01
3.354044413566589355e+01
4.303249049186706543e+01
2.685237455368041992e+01
3.347743535041809082e+01
2.807183980941772461e+01
3.509765696525573730e+01
2.997017264366149902e+01
2.988708472251892090e+01
2.351031231880187988e+01
3.131737923622131348e+01
3.162370800971984863e+01
2.893470191955566406e+01
3.032452321052551270e+01
3.190212464332580566e+01
2.573867154121398926e+01
2.533322334289550781e+01
3.111545443534851074e+01
2.895249319076538086e+01
2.731278300285339355e+01
2.848428106307983398e+01
3.056089401245117188e+01
2.803703117370605469e+01
2.927675580978393555e+01
1.295648181438446045e+02
6.384092712402343750e+01
6.329167675971984863e+01
4.579213237762451172e+01
4.570888423919677734e+01
3.553444409370422363e+01
4.641314625740051270e+01
3.759987902641296387e+01
4.070839262008666992e+01
3.303564453125000000e+01
3.690687918663024902e+01
4.043677997589111328e+01
2.929960370063781738e+01
3.295733428001403809e+01
3.959382534027099609e+01
3.494904923439025879e+01
3.179302954673767090e+01
3.016754055023193359e+01
3.240841555595397949e+01
3.383165478706359863e+01
3.109410214424133301e+01
2.443527555465698242e+01
3.124822592735290527e+01
3.510631132125854492e+01
2.675769591331481934e+01
3.250231599807739258e+01
1.784979844093322754e+01
3.233225131034851074e+01
3.009735727310180664e+01
3.352898192405700684e+01
1.783535363674163818e+02
4.777971076965332031e+01
4.742753386497497559e+01
4.688862180709838867e+01
4.456616449356079102e+01
4.339718437194824219e+01
4.292747879028320312e+01
3.968884110450744629e+01
3.051377248764038086e+01
3.601192092895507812e+01
4.118890786170959473e+01
3.356604361534118652e+01
3.704385137557983398e+01
2.909117913246154785e+01
2.998457598686218262e+01
3.464221501350402832e+01
3.183466887474060059e+01
2.142777156829833984e+01
3.628862524032592773e+01
3.031739902496337891e+01
3.287887001037597656e+01
2.878868961334228516e+01
3.118205308914184570e+01
2.857797050476074219e+01
2.842085742950439453e+01
2.551642203330993652e+01
3.236455702781677246e+01
2.486515283584594727e+01
3.475209069252014160e+01
2.975394964218139648e+01
1.781051261425018311e+02
6.132391953468322754e+01
5.571444416046142578e+01
5.284357380867004395e+01
4.124750590324401855e+01
4.809826564788818359e+01
5.859410762786865234e+01
4.371585655212402344e+01
4.772975778579711914e+01
3.516510701179504395e+01
3.983651089668273926e+01
2.997706556320190430e+01
3.790283584594726562e+01
2.901141571998596191e+01
2.961771130561828613e+01
2.001472353935241699e+01
3.583137798309326172e+01
2.502648878097534180e+01
3.043906402587890625e+01
3.057184863090515137e+01
3.157415056228637695e+01
2.930279159545898438e+01
3.035906124114990234e+01
2.965100979804992676e+01
3.055311965942382812e+01
2.853796815872192383e+01
2.841636896133422852e+01
3.315146732330322266e+01
2.821430873870849609e+01
2.813855290412902832e+01
1.416462876796722412e+02
5.637588834762573242e+01
5.743122458457946777e+01
7.060818624496459961e+01
4.736507868766784668e+01
4.496831774711608887e+01
4.193505239486694336e+01
4.084229111671447754e+01
4.358198571205139160e+01
4.146881937980651855e+01
4.236358594894409180e+01
2.864416813850402832e+01
3.175878262519836426e+01
3.894467568397521973e+01
2.867226195335388184e+01
2.657936549186706543e+01
4.465160107612609863e+01
3.093123173713684082e+01
3.050060749053955078e+01
3.338188338279724121e+01
3.218910789489746094e+01
3.257717061042785645e+01
2.794710373878479004e+01
2.093689441680908203e+01
2.791096305847167969e+01
3.379396009445190430e+01
2.334863805770874023e+01
2.690245556831359863e+01
3.195480537414550781e+01
2.881917786598205566e+01
1.483534712791442871e+02
4.828955960273742676e+01
7.063171434402465820e+01
5.159870266914367676e+01
3.914468455314636230e+01
4.266680407524108887e+01
4.177004885673522949e+01
4.565393471717834473e+01
5.488808989524841309e+01
5.352276754379272461e+01
3.243488216400146484e+01
3.408481931686401367e+01
3.956052613258361816e+01
3.508973836898803711e+01
3.788394212722778320e+01
3.137191343307495117e+01
3.531234121322631836e+01
2.869129157066345215e+01
2.917934226989746094e+01
2.685229945182800293e+01
3.394688010215759277e+01
3.133185505867004395e+01
2.663347458839416504e+01
2.545960450172424316e+01
2.853196501731872559e+01
2.980727124214172363e+01
3.388655543327331543e+01
3.531848144531250000e+01
3.050692820549011230e+01
3.021234321594238281e+01
1.784702987670898438e+02
7.281720566749572754e+01
5.479228782653808594e+01
4.806162524223327637e+01
5.259201264381408691e+01
4.372761297225952148e+01
3.927793216705322266e+01
4.107767105102539062e+01
4.601473522186279297e+01
4.268850064277648926e+01
3.009688162803649902e+01
3.028291797637939453e+01
2.649974584579467773e+01
3.866595196723937988e+01
3.680516576766967773e+01
3.441832971572875977e+01
3.714895391464233398e+01
3.066095805168151855e+01
3.594934463500976562e+01
2.730350494384765625e+01
3.459844851493835449e+01
2.722077846527099609e+01
3.422950267791748047e+01
3.966649389266967773e+01
3.512940502166748047e+01
2.750847363471984863e+01
2.784575414657592773e+01
2.918448686599731445e+01
3.319867086410522461e+01
2.721273541450500488e+01
1.794630007743835449e+02
5.690678238868713379e+01
7.214210295677185059e+01
6.265286183357238770e+01
5.163437247276306152e+01
4.875940990447998047e+01
4.879309034347534180e+01
3.885444235801696777e+01
2.562403440475463867e+01
4.076793289184570312e+01
4.807187056541442871e+01
3.531789326667785645e+01
4.193161106109619141e+01
3.306996297836303711e+01
3.777850079536437988e+01
2.885069680213928223e+01
3.436138772964477539e+01
3.159124565124511719e+01
3.877487564086914062e+01
3.324273037910461426e+01
3.384868192672729492e+01
2.698284459114074707e+01
2.644592356681823730e+01
3.411293172836303711e+01
1.788869524002075195e+01
2.542243432998657227e+01
3.650762462615966797e+01
2.883092761039733887e+01
3.446868586540222168e+01
2.444643449783325195e+01
1.919928681850433350e+02
5.081377077102661133e+01
8.739186501502990723e+01
5.749611186981201172e+01
6.434126210212707520e+01
5.849813413619995117e+01
6.137660646438598633e+01
4.829055833816528320e+01
5.083275938034057617e+01
4.544255495071411133e+01
5.356378698348999023e+01
4.645599579811096191e+01
3.458727431297302246e+01
3.998826217651367188e+01
3.806498622894287109e+01
3.436800980567932129e+01
4.387551188468933105e+01
3.299475955963134766e+01
3.790238833427429199e+01
3.361347937583923340e+01
4.403878760337829590e+01
3.431927585601806641e+01
3.091701316833496094e+01
3.674637508392333984e+01
2.776201486587524414e+01
2.985274481773376465e+01
2.801263403892517090e+01
3.584005737304687500e+01
2.605631494522094727e+01
3.784257602691650391e+01
1.819652106761932373e+02
6.498589253425598145e+01
7.043872356414794922e+01
7.439412569999694824e+01
6.778547644615173340e+01
5.724534678459167480e+01
5.471402621269226074e+01
3.692147612571716309e+01
4.960209131240844727e+01
4.789854311943054199e+01
4.751260042190551758e+01
3.577324986457824707e+01
3.323981761932373047e+01
3.528365826606750488e+01
3.423251724243164062e+01
2.967074728012084961e+01
3.504330921173095703e+01
3.018081402778625488e+01
2.338938283920288086e+01
3.402948713302612305e+01
2.965299916267395020e+01
3.049478673934936523e+01
4.131349897384643555e+01
2.854554486274719238e+01
3.171106266975402832e+01
3.504479312896728516e+01
3.426838254928588867e+01
3.325509452819824219e+01
3.557477998733520508e+01
3.077378153800964355e+01
1.801263816356658936e+02
1.139367864131927490e+02
1.360207283496856689e+02
7.550108885765075684e+01
6.890116953849792480e+01
6.542444896697998047e+01
6.488344120979309082e+01
6.113566064834594727e+01
4.759428763389587402e+01
4.254141664505004883e+01
4.830485129356384277e+01
4.318335962295532227e+01
4.327807545661926270e+01
3.326521944999694824e+01
3.872507524490356445e+01
3.506548762321472168e+01
3.688545370101928711e+01
3.152470541000366211e+01
3.360548949241638184e+01
4.179342293739318848e+01
3.893635535240173340e+01
2.294324302673339844e+01
2.897128915786743164e+01
2.403978466987609863e+01
2.683261537551879883e+01
2.525772356986999512e+01
2.697930359840393066e+01
2.635413408279418945e+01
3.444007086753845215e+01
3.199007797241210938e+01
1.804977822303771973e+02
1.167123425006866455e+02
1.223846895694732666e+02
6.375031304359436035e+01
5.671112966537475586e+01
5.885908198356628418e+01
4.261352753639221191e+01
5.519229316711425781e+01
4.658594083786010742e+01
5.879651117324829102e+01
4.115477442741394043e+01
3.954896712303161621e+01
4.116889619827270508e+01
3.538687157630920410e+01
3.769844484329223633e+01
3.224100303649902344e+01
2.809733414649963379e+01
3.263738775253295898e+01
2.794279980659484863e+01
3.320884346961975098e+01
3.764984297752380371e+01
3.062592506408691406e+01
2.672846722602844238e+01
1.297134780883789062e+01
3.958025455474853516e+01
2.785054135322570801e+01
2.957119441032409668e+01
2.881453251838684082e+01
2.936286377906799316e+01
2.525342631340026855e+01
1.830538430213928223e+02
8.204130101203918457e+01
8.706001186370849609e+01
6.890065646171569824e+01
6.201842522621154785e+01
6.062871098518371582e+01
7.370823073387145996e+01
6.218335843086242676e+01
4.408214807510375977e+01
4.411242198944091797e+01
2.907632923126220703e+01
3.865687966346740723e+01
4.616572427749633789e+01
3.480200791358947754e+01
4.437941479682922363e+01
4.890363049507141113e+01
4.449947404861450195e+01
2.851903223991394043e+01
4.193200898170471191e+01
2.935756444931030273e+01
2.887277388572692871e+01
2.005553627014160156e+01
3.128486585617065430e+01
2.674721598625183105e+01
3.016826462745666504e+01
3.125436305999755859e+01
3.876416540145874023e+01
2.793802714347839355e+01
2.956880068778991699e+01
2.394894933700561523e+01
