-1.323522868581661072e-01 5.882359586676649127e-02 6.617584292757261455e-02 -2.941168747998799612e-02
-1.236767448531574248e-01 5.686275656862452982e-02 6.183849978169907863e-02 -2.843146574272609195e-02
-1.158257003800228363e-01 5.502855708130480888e-02 5.791274536246812654e-02 -2.751424763779202268e-02
-1.087005127277290151e-01 5.330868569876326402e-02 5.435044743470037604e-02 -2.665436980712042672e-02
-1.022126465969008663e-01 5.169329856331750933e-02 5.110670250616692473e-02 -2.584671857999288475e-02
-9.628814997607720860e-02 5.017294496933903669e-02 4.814432212924429216e-02 -2.508640309148902139e-02
-9.086459697979358541e-02 4.873950135369476550e-02 4.543242697930365698e-02 -2.436983030676074385e-02
-8.588620972780544593e-02 4.738568775736878846e-02 4.294302378863012332e-02 -2.369281941420890367e-02
-8.130676551907434213e-02 4.610486627364449030e-02 4.065346324545364431e-02 -2.305238413106000528e-02
-7.708383727761074222e-02 4.489163559215637866e-02 3.854207085187740661e-02 -2.244582055393049697e-02
-7.318146034081227103e-02 4.374053734253754294e-02 3.659076984222796314e-02 -2.187028472182329930e-02
-6.956833778617432795e-02 4.264693125215756470e-02 3.478433744604830097e-02 -2.132344462527993589e-02
-6.621596195659715245e-02 4.160684347315961318e-02 3.310808185153421568e-02 -2.080339493267074555e-02
-6.310042647648214653e-02 4.061614759084244269e-02 3.155025693271479997e-02 -2.030807821198733765e-02
-6.019962350809804352e-02 3.967165286555919546e-02 3.009985936816697225e-02 -1.983587377627351114e-02
-5.749442250004405813e-02 3.876998145675061153e-02 2.874727749759156334e-02 -1.938501674029466035e-02
-5.496755106186079071e-02 3.790845533681821977e-02 2.748393455201021338e-02 -1.895424196407083373e-02
-5.260361570811892401e-02 3.708435454365568290e-02 2.630193094355484998e-02 -1.854219537658077094e-02
-5.038889299342267508e-02 3.629528527111325342e-02 2.519451217373253407e-02 -1.814759391618228981e-02
-4.831112664215621300e-02 3.553916635928978246e-02 2.415556620306805180e-02 -1.776953586918721475e-02
-4.635940301478860132e-02 3.481385818848961589e-02 2.317967916060965222e-02 -1.740691687215644226e-02
-4.452360700619762551e-02 3.411762283647280097e-02 2.226184646314208204e-02 -1.705881705311811450e-02
-4.279470867505319465e-02 3.344865250143528451e-02 2.139741895190822377e-02 -1.672432060536684084e-02
-4.116458996429669254e-02 3.280533131995835849e-02 2.058233424085158247e-02 -1.640260742686219450e-02
-3.962586892638278457e-02 3.218637975646266441e-02 1.981297431441920651e-02 -1.609315254689643385e-02
-3.817181440525074104e-02 3.159035225819790960e-02 1.908595283190413563e-02 -1.579513175598597566e-02
-3.679642056617823953e-02 3.101593222154565635e-02 1.839825553950178230e-02 -1.550792194110873004e-02
-3.549401524798253410e-02 3.046208475700078189e-02 1.774704060283325419e-02 -1.523103612442503613e-02
-3.425955582495079921e-02 2.992769879161929006e-02 1.712986803829418675e-02 -1.496384221540229473e-02
-3.308837745826653104e-02 2.941161981601353448e-02 1.654422638295366052e-02 -1.470576952846642214e-02
-1.318972636413006660e-01 5.708291482570414938e-02 6.594837954938606583e-02 -2.854150492962927860e-02
-1.232516095986292554e-01 5.517996530153462809e-02 6.162608642973033818e-02 -2.759005638085316667e-02
-1.154268973905411833e-01 5.340020653947154944e-02 5.771315572842234537e-02 -2.670005708525640536e-02
-1.083261098694809216e-01 5.173130902958626709e-02 5.416319851762412679e-02 -2.586560389723125200e-02
-1.018603712890878421e-01 5.016362316005034544e-02 5.093021038501429482e-02 -2.508175665494643755e-02
-9.595639453513964134e-02 4.868833799403423507e-02 4.797799018680522914e-02 -2.434418908320103853e-02
-9.055181613856096157e-02 4.729716207870311717e-02 4.527591843904963526e-02 -2.364858219746893489e-02
-8.559120360355752799e-02 4.598330999255750839e-02 4.279571874734874881e-02 -2.299165402066578531e-02
-8.102738293976369244e-02 4.474049806241996163e-02 4.051404580221174695e-02 -2.237020752767357804e-02
-7.681862603688115188e-02 4.356314550471836189e-02 3.840944821668634129e-02 -2.178151684084483897e-02
-7.292973167277871926e-02 4.244618947643335333e-02 3.646495650354313750e-02 -2.122312351787889600e-02
-6.932871976524183910e-02 4.138501744041404862e-02 3.466444963138236302e-02 -2.069244617160799493e-02
-6.598834486219011530e-02 4.037557986084649303e-02 3.299434196486039639e-02 -2.018780992422990889e-02
-6.288316205601598985e-02 3.941432226561660673e-02 3.144162161064448235e-02 -1.970712874725089048e-02
-5.999241386088091654e-02 3.849767266781804059e-02 2.999620888410176392e-02 -1.924882280655228206e-02
-5.729650026592979228e-02 3.762272389457558402e-02 2.864833691312612673e-02 -1.881130421627544985e-02
-5.477826769319522199e-02 3.678666891232843655e-02 2.738913918650076953e-02 -1.839332976309132964e-02
-5.242245803904286433e-02 3.598697179787885281e-02 2.621123657720006439e-02 -1.799346683398013458e-02
-5.021547666939861487e-02 3.522126999707103634e-02 2.510780228275732648e-02 -1.761057403867087243e-02
-4.814509820906665710e-02 3.448746027402864456e-02 2.407263117499918240e-02 -1.724373109970138429e-02
-4.619997559805643500e-02 3.378362557974862179e-02 2.310000792116976079e-02 -1.689179656610989566e-02
-4.437046613075640300e-02 3.310796849011865550e-02 2.218526719335810540e-02 -1.655397940415840458e-02
-4.264753046111113138e-02 3.245877889914045022e-02 2.132381014937518790e-02 -1.622938073286107549e-02
-4.102302165169877113e-02 3.183460783851239234e-02 2.051161755277135235e-02 -1.591728417975465590e-02
-3.948954852760491047e-02 3.123392391440074981e-02 1.974483831088801045e-02 -1.561691162813535344e-02
-3.804047309626495954e-02 3.065557109563842031e-02 1.902029188731596196e-02 -1.532775731618898213e-02
-3.666972847607579550e-02 3.009822824276954176e-02 1.833490582795344395e-02 -1.504910079768000987e-02
-3.537184348447929005e-02 2.956074658658875212e-02 1.768599937155726151e-02 -1.478036324946258376e-02
-3.414166329204174760e-02 2.904209117356713540e-02 1.707092436699741284e-02 -1.452102061572814809e-02
-3.297451300101291588e-02 2.854133990283122535e-02 1.648734887162529861e-02 -1.427061646314444800e-02
-1.314835313071545109e-01 5.543560251432179398e-02 6.574246528100015363e-02 -2.771795407329260413e-02
-1.228635625590948216e-01 5.358778774521893995e-02 6.143206019120769912e-02 -2.679402316766235290e-02
-1.150646997823785295e-01 5.185905618044961418e-02 5.753251174365869164e-02 -2.592959413053009740e-02
-1.079852914814587173e-01 5.023851974071982113e-02 5.399286013308440130e-02 -2.511923068932679637e-02
-1.015400249647187003e-01 4.871612309875172908e-02 5.077030153413179814e-02 -2.435804213062927118e-02
-9.565484460639343822e-02 4.728332639850153785e-02 4.782753915358571584e-02 -2.364171886053271707e-02
-9.026678607374502561e-02 4.593234759355672298e-02 4.513344717090448516e-02 -2.296614656367537352e-02
-8.532188284118735755e-02 4.465642256537538657e-02 4.266118116013407208e-02 -2.232820439453909317e-02
-8.077209181637604041e-02 4.344955231823968700e-02 4.038614822612306837e-02 -2.172483136461575079e-02
-7.657689586944001203e-02 4.230610373564559074e-02 3.828866232539442083e-02 -2.115301301235525747e-02
-7.270025476869053371e-02 4.122129878104809075e-02 3.635021179489986848e-02 -2.061067402546987518e-02
-6.911050498418885857e-02 4.019082067959191956e-02 3.455537412990358770e-02 -2.009534930737479422e-02
-6.578053837696076767e-02 3.921049176372156525e-02 3.289046224061822205e-02 -1.960517922348452291e-02
-6.268544003902669359e-02 3.827692606111786355e-02 3.134280708653602171e-02 -1.913849302509272252e-02
-5.980355817972163313e-02 3.738678354036243517e-02 2.990174086644376006e-02 -1.869339727206031226e-02
-5.711620971972330291e-02 3.653709482993369034e-02 2.855816866788402769e-02 -1.826856690950937750e-02
-5.460596099227235656e-02 3.572513904417927433e-02 2.730313829869999639e-02 -1.786252987779569923e-02
-5.225752025458666600e-02 3.494849875392985056e-02 2.612877351595476946e-02 -1.747425041991925235e-02
-5.005746833845928917e-02 3.420494520613465844e-02 2.502883331568424297e-02 -1.710245162702571722e-02
-4.799337861808816025e-02 3.349236285462355023e-02 2.399673747955142697e-02 -1.674614957468605753e-02
-4.605451315754762603e-02 3.280879863909330618e-02 2.302726302645488957e-02 -1.640439960787944476e-02
-4.423074676483048501e-02 3.215259009037788746e-02 2.211539946453358954e-02 -1.607624052485078989e-02
-4.251337789607094464e-02 3.152216701668503207e-02 2.125684859070052501e-02 -1.576107490108975828e-02
-4.089391405881177832e-02 3.091595966169194756e-02 2.044705780671490086e-02 -1.545795658719780266e-02
-3.936524961337917183e-02 3.033263102450767940e-02 1.968264801315554313e-02 -1.516629923822811025e-02
-3.792081184633319668e-02 2.977089077608319548e-02 1.896047649423845266e-02 -1.488539278260212970e-02
-3.655443522161055947e-02 2.922957799441621568e-02 1.827728403309504535e-02 -1.461473814058192842e-02
-3.526051694866245978e-02 2.870769730948322107e-02 1.763033612336739955e-02 -1.435380911043104488e-02
-3.403408801834708480e-02 2.820406759887471651e-02 1.701703030504729541e-02 -1.410202570400417334e-02
-3.287069416013600059e-02 2.771771835636154674e-02 1.643537170310305912e-02 -1.385881677892708205e-02
-1.311028202989592273e-01 5.387522761194232096e-02 6.555108133608335275e-02 -2.693770585944953166e-02
-1.225090147067584845e-01 5.207926912640233053e-02 6.125478154223194110e-02 -2.603966747403849841e-02
-1.147326221459716161e-01 5.039940319032396726e-02 5.736668430857295303e-02 -2.519975559338892904e-02
-1.076739305766672844e-01 4.882428647977019726e-02 5.383724318667133107e-02 -2.441212324632008671e-02
-1.012471246688777526e-01 4.734473181268511466e-02 5.062373056873052668e-02 -2.367237023667173590e-02
-9.537896078728679006e-02 4.595231137083265194e-02 4.768965110647035294e-02 -2.297620663624695692e-02
-9.000654691067976054e-02 4.463929662483805821e-02 4.500344216061372832e-02 -2.231957587548129285e-02
-8.507560442629744091e-02 4.339934662049382830e-02 4.253788789002767995e-02 -2.169965894951084509e-02
-8.053916723915638398e-02 4.222641738102353437e-02 4.026971667847224767e-02 -2.111324845024270883e-02
-7.635589293566086289e-02 4.111519739670909529e-02 3.817798375432934072e-02 -2.055760512359564376e-02
-7.249046642715036015e-02 4.006097516077463533e-02 3.624530229077156662e-02 -2.003052298526451086e-02
-6.891116412947004277e-02 3.905945954420121657e-02 3.445567538895760729e-02 -1.952970231958148228e-02
-6.559060823236399773e-02 3.810676217937736948e-02 3.279539411916793795e-02 -1.905330681463940010e-02
-6.250452250954434408e-02 3.719946512831906471e-02 3.125233292440830063e-02 -1.859973760378740015e-02
-5.963105939259236848e-02 3.633437784947603916e-02 2.981554281678435933e-02 -1.816719343014451885e-02
-5.695140283748155452e-02 3.550854913729193513e-02 2.847574670312350703e-02 -1.775423997823880745e-02
-5.444843772482582667e-02 3.471950948655372349e-02 2.722435747379731499e-02 -1.735975232174689561e-02
-5.210679570080383599e-02 3.396474310754304254e-02 2.605346161189723425e-02 -1.698238802530126559e-02
-4.991313462918004623e-02 3.324204337289685118e-02 2.495663466106836509e-02 -1.662103235571763329e-02
-4.785499048848698700e-02 3.254955994025553190e-02 2.392758551618364565e-02 -1.627475986446010048e-02
-4.592162220271572837e-02 3.188531355956465002e-02 2.296088296116530897e-02 -1.594265221859532747e-02
-4.410323100553806275e-02 3.124754162455314899e-02 2.205168712019658916e-02 -1.562378070879103312e-02
-4.239072285890577857e-02 3.063477648811347570e-02 2.119545006561949010e-02 -1.531737294704293116e-02
-4.077588788761064148e-02 3.004573572571844764e-02 2.038799611493661429e-02 -1.502288837744790093e-02
-3.925160232615402395e-02 2.947880824396020144e-02 1.962580866138944821e-02 -1.473935914406736269e-02
-3.781143000101236384e-02 2.893289979853347349e-02 1.890579160067004660e-02 -1.446645227791427783e-02
-3.644896266513393546e-02 2.840680261985827765e-02 1.822452414918584312e-02 -1.420338078824140600e-02
-3.515883943811199536e-02 2.789953526840971768e-02 1.757945493885923471e-02 -1.394975212934901863e-02
-3.393604215699722038e-02 2.741008436220198838e-02 1.696807623378186400e-02 -1.370504479126588571e-02
-3.277579802564696554e-02 2.693754104636132338e-02 1.638790112782229080e-02 -1.346875161356687021e-02
-1.307547200398865572e-01 5.239522256759068103e-02 6.537658061468455684e-02 -2.619752300152562025e-02
-1.221848717400973727e-01 5.064873569156538163e-02 6.109310273081256654e-02 -2.532450979563099711e-02
-1.144287993505637147e-01 4.901496049237132752e-02 5.721503039301353843e-02 -2.450751896737007884e-02
-1.073880943351265133e-01 4.748322910744647019e-02 5.369413439935254162e-02 -2.374156680218172596e-02
-1.009787467820381784e-01 4.604438358704754375e-02 5.048971329111123785e-02 -2.302226183348186905e-02
-9.512617603406764433e-02 4.469003652683847805e-02 4.756327344817291164e-02 -2.234505707946690331e-02
-8.976790447182485255e-02 4.341320626627411666e-02 4.488414566537505396e-02 -2.170658257122665136e-02
-8.484990516959568796e-02 4.220733876619287700e-02 4.242504386873368477e-02 -2.110366757513743030e-02
-8.032544720901030333e-02 4.106655324323587458e-02 4.016274425071135468e-02 -2.053328971926774923e-02
-7.615383770386839613e-02 3.998575217358671385e-02 3.807727921822905148e-02 -1.999283132076928177e-02
-7.229831778188042235e-02 3.896056535670999049e-02 3.614927885408789759e-02 -1.948030370029126337e-02
-6.872849020703632184e-02 3.798654460536154270e-02 3.436437968932135045e-02 -1.899321425424421034e-02
-6.541681220446687872e-02 3.706005137690833451e-02 3.270845891830731489e-02 -1.853005213257930342e-02
-6.233879681277166435e-02 3.617764248764997193e-02 3.116942546525749286e-02 -1.808882659073888025e-02
-5.947305234264535501e-02 3.533630795748569225e-02 2.973654416555483390e-02 -1.766818304624122662e-02
-5.680052289738988375e-02 3.453318280145278862e-02 2.840041754786587491e-02 -1.726654765994499810e-02
-5.430408381618877234e-02 3.376582879137991072e-02 2.715216960020826881e-02 -1.688292202587514390e-02
-5.196858036335963438e-02 3.303177965457498866e-02 2.598434720541139067e-02 -1.651584978049654151e-02
-4.978079780668991094e-02 3.232898589936435141e-02 2.489048866097596027e-02 -1.616452465187410287e-02
-4.772825399014007236e-02 3.165540968105655384e-02 2.386428209984821705e-02 -1.582766623619145940e-02
-4.580002144050620422e-02 3.100935294046809274e-02 2.290005643460363283e-02 -1.550467310844481049e-02
-4.398644711922911066e-02 3.038913724481427658e-02 2.199334958695593409e-02 -1.519455517925757428e-02
-4.227827145655613239e-02 2.979333643586820277e-02 2.113924209997211298e-02 -1.489663192228902165e-02
-4.066792494762362653e-02 2.922034082195572660e-02 2.033406009509405518e-02 -1.461017472082026640e-02
-3.914758543558877202e-02 2.866909508273520271e-02 1.957384213214013319e-02 -1.433452560971505522e-02
-3.771116663793420282e-02 2.813818633754977538e-02 1.885565865933612126e-02 -1.406910392374892231e-02
-3.635224264133737893e-02 2.762659915431868105e-02 1.817616838021222231e-02 -1.381328485680209488e-02
-3.506559586034349585e-02 2.713323427693197301e-02 1.753287133164766268e-02 -1.356659341512976395e-02
-3.384606561580984219e-02 2.665714345713111888e-02 1.692306792706891466e-02 -1.332855226267763704e-02
-3.268893121332792917e-02 2.619759243494581766e-02 1.634446163081777065e-02 -1.309878624290506006e-02
-1.304358997271528042e-01 5.099031492172870217e-02 6.521740111513195381e-02 -2.549513423248010377e-02
-1.218868004467291710e-01 4.929060107868486751e-02 6.094410731966193318e-02 -2.464545260596291351e-02
-1.141496266906674717e-01 4.770057509716282840e-02 5.707521723943358161e-02 -2.385038973658934816e-02
-1.071264885314312382e-01 4.620998533675491765e-02 5.356349183893672344e-02 -2.310508404429009385e-02
-1.007324744180879000e-01 4.480960714029123826e-02 5.036652187875946540e-02 -2.240485395285108858e-02
-9.489387060188982093e-02 4.349171733299622006e-02 4.744717067942096078e-02 -2.174581229632233104e-02
-8.954888290745584289e-02 4.224910221312176695e-02 4.477454184488866007e-02 -2.112460230391016713e-02
-8.464335258781555127e-02 4.107539928282619851e-02 4.232190475754901010e-02 -2.053772672854073042e-02
-8.012954896379689829e-02 3.996533172216949065e-02 4.006481123917705889e-02 -1.998269639514754781e-02
-7.596780590693966162e-02 3.891364822241046711e-02 3.798405884486198009e-02 -1.945688356521424120e-02
-7.212194975207990300e-02 3.791588229061202547e-02 3.606119895086599969e-02 -1.895796550043656048e-02
-6.856088290703760135e-02 3.696793089486731521e-02 3.428053309573886320e-02 -1.848397943925247228e-02
-6.525710607935700236e-02 3.606627926673184464e-02 3.262861873767144982e-02 -1.803309353462898348e-02
-6.218662933545392874e-02 3.520759477404435817e-02 3.109339020084618890e-02 -1.760378743673823507e-02
-5.932805405731783610e-02 3.438872207866146280e-02 2.966416139007503963e-02 -1.719434287097519956e-02
-5.666185451510371424e-02 3.360724301428785754e-02 2.833101587352232845e-02 -1.680363817809018764e-02
-5.417165896969045047e-02 3.286036180723063416e-02 2.708595677129903290e-02 -1.643020011560223509e-02
-5.184189366156706502e-02 3.214602715581889314e-02 2.592100876954276170e-02 -1.607304198867125916e-02
-4.965928212972189892e-02 3.146207772261138541e-02 2.482974578398361443e-02 -1.573101486302022275e-02
-4.761161494947408618e-02 3.080662364717225848e-02 2.380584215210842375e-02 -1.540328134910540561e-02
-4.568840794249390269e-02 3.017782852345934214e-02 2.284435113394228667e-02 -1.508892589812310843e-02
-4.387901212207513668e-02 2.957432552430750566e-02 2.193961135858594341e-02 -1.478715506920153487e-02
-4.217506743277159992e-02 2.899440438209592227e-02 2.108754277470153982e-02 -1.449717947739985295e-02
-4.056852046677578150e-02 2.843687705407162841e-02 2.028433606664585553e-02 -1.421840220130885825e-02
-3.905204288879370739e-02 2.790036140578924795e-02 1.952607336584099781e-02 -1.395016547918468373e-02
-3.761924491705635754e-02 2.738358007657996224e-02 1.880970535187669046e-02 -1.369178527313032190e-02
-3.626356304805040953e-02 2.688577860701219652e-02 1.813185600033507053e-02 -1.344285318578972849e-02
-3.498008749491322150e-02 2.640565157911599695e-02 1.749013974257221729e-02 -1.320281910800312486e-02
-3.376340477315451644e-02 2.594242120266457632e-02 1.688175589245710650e-02 -1.297119843644665461e-02
-3.260925461721723290e-02 2.549510440520149496e-02 1.630468321991969741e-02 -1.274756138636926051e-02
-1.301414934056449590e-01 4.965504937019238341e-02 6.506960701047642681e-02 -2.482737919588484318e-02
-1.216122260564917040e-01 4.799987594172214905e-02 6.080675288735866435e-02 -2.400001752098371299e-02
-1.138924389607248316e-01 4.645150729405101570e-02 5.694649190934712030e-02 -2.322581948347388070e-02
-1.068851178270587010e-01 4.499997668413802110e-02 5.344279588251037161e-02 -2.250001770418539118e-02
-1.005055873720563653e-01 4.363625428186886784e-02 5.025310967737386947e-02 -2.181812191353659294e-02
-9.468001513205752395e-02 4.235286421932242529e-02 4.733987841384694473e-02 -2.117645884687469754e-02
-8.934736328149506246e-02 4.114272487080452428e-02 4.467386359152786257e-02 -2.057135144095190854e-02
-8.445274283436345064e-02 3.999986732430573649e-02 4.222661119191881141e-02 -1.999997716315532470e-02
-7.994903564810061647e-02 3.891880295716571708e-02 3.997448243396285739e-02 -1.945939294975610259e-02
-7.579682271581181241e-02 3.789460917923281186e-02 3.789856222129419500e-02 -1.894732510527762093e-02
-7.195969160156538702e-02 3.692294940866958086e-02 3.598006161993895502e-02 -1.846148003426601250e-02
-6.840662219595469717e-02 3.599986592439973626e-02 3.420342544921310679e-02 -1.799994622643899533e-02
-6.511009723370331237e-02 3.512189811807473611e-02 3.255503331180713972e-02 -1.756093051426719023e-02
-6.204686070857849678e-02 3.428553990459767137e-02 3.102352348481397445e-02 -1.714276496155190538e-02
-5.919452283967049921e-02 3.348826179165072942e-02 2.959736944844447784e-02 -1.674417773254332359e-02
-5.653430724292014126e-02 3.272716503378220176e-02 2.826720169656038797e-02 -1.636358058603018875e-02
-5.404961803059878112e-02 3.199990088369039642e-02 2.702487728881490872e-02 -1.599995870905737000e-02
-5.172514274097618492e-02 3.130423829009413433e-02 2.586266758948872757e-02 -1.565207123653879900e-02
-4.954743462879646065e-02 3.063822850241242762e-02 2.477377269847304622e-02 -1.531909374194390452e-02
-4.750462104685115178e-02 2.999987837652712958e-02 2.375240513924665314e-02 -1.499994521273512182e-02
-4.558527973841038777e-02 2.938769707499845271e-02 2.279270021127260959e-02 -1.469382309664329922e-02
-4.378018980607276123e-02 2.879995317951743183e-02 2.189020881234254520e-02 -1.439998398125228417e-02
-4.208020213399629728e-02 2.823516252678635874e-02 2.104015791202173621e-02 -1.411757793489046807e-02
-4.047731798710735990e-02 2.769222146688008271e-02 2.023876354919189324e-02 -1.384613030985105270e-02
-3.896425292125615947e-02 2.716973699958986910e-02 1.948223043254293171e-02 -1.358487353137934756e-02
-3.753456273984915464e-02 2.666653764686807357e-02 1.876737295868647834e-02 -1.333327680801914793e-02
-3.618195669214305937e-02 2.618174646063291602e-02 1.809104855377308141e-02 -1.309085517547808712e-02
-3.490122448132393362e-02 2.571423867246555237e-02 1.745066507793939514e-02 -1.285709124230287499e-02
-3.368741996571353314e-02 2.526306050991045105e-02 1.684375957400475673e-02 -1.263149962375375440e-02
-3.253571990499377203e-02 2.482753588458886870e-02 1.626787965475704964e-02 -1.241374113771971134e-02
-1.298716802637499002e-01 4.838479491057662979e-02 6.493542513114868020e-02 -2.419234184739005658e-02
-1.213588446235939894e-01 4.677202961429197114e-02 6.067979692002494624e-02 -2.338611063154421438e-02
-1.136554295890003924e-01 4.526322857985470155e-02 5.682814366065129519e-02 -2.263160617384035039e-02
-1.066639240749894246e-01 4.384864897816538598e-02 5.333277295545687385e-02 -2.192446125926020284e-02
-1.002962627687115638e-01 4.252004229920020723e-02 5.014837277465448995e-02 -2.126001600818230863e-02
-9.448344885169099316e-02 4.126937714022422404e-02 4.724191252071931885e-02 -2.063472315922551190e-02
-8.916151334367386494e-02 4.009026435833402263e-02 4.458091821140551525e-02 -2.004518064862361587e-02
-8.427667723200944760e-02 3.897668379851020048e-02 4.213846720712483007e-02 -1.948833088240747857e-02
-7.978301533522390299e-02 3.792320216827299584e-02 3.989166707517647487e-02 -1.896165376478401235e-02
-7.563891485701622341e-02 3.692525418205958032e-02 3.781957717672822933e-02 -1.846259623548029277e-02
-7.180981358117884128e-02 3.597841591216623114e-02 3.590496531101110278e-02 -1.798921840080335358e-02
-6.826444768198390578e-02 3.507889828953724559e-02 3.413239697904763698e-02 -1.753947218093266161e-02
-6.497486608111936734e-02 3.422336553099875750e-02 3.248748752829073300e-02 -1.711169405818031841e-02
-6.191756557869552979e-02 3.340855756645609576e-02 3.095887383886246694e-02 -1.670424675625657371e-02
-5.907137176290318259e-02 3.263153838497276360e-02 2.953579529351126401e-02 -1.631577142975555381e-02
-5.641671413552951098e-02 3.188998503712238419e-02 2.820844093042148074e-02 -1.594501423759068018e-02
-5.393736774625858266e-02 3.118120921952502803e-02 2.696884391935755465e-02 -1.559059333316453397e-02
-5.161774293786749318e-02 3.050338637846445461e-02 2.580901046705221663e-02 -1.525171300263296337e-02
-4.944450818213556864e-02 2.985441203108548519e-02 2.472235013327696296e-02 -1.492721686964756933e-02
-4.740566469451505671e-02 2.923246713479371942e-02 2.370291459481101495e-02 -1.461619548164644691e-02
-4.549055111051160394e-02 2.863588348469493089e-02 2.274533825052089259e-02 -1.431795864116000398e-02
-4.368901227168527773e-02 2.806318206201812229e-02 2.184454782328953612e-02 -1.403155822097048797e-02
-4.199260203188905083e-02 2.751288795651486707e-02 2.099638308861945593e-02 -1.375640830021782231e-02
-4.039301767564246193e-02 2.698382885146796695e-02 2.019655175692184126e-02 -1.349193017402065473e-02
-3.888305087421805445e-02 2.647470709729757288e-02 1.944152627111598447e-02 -1.323734564672019755e-02
-3.745631146774851955e-02 2.598441130478030756e-02 1.872818491067418031e-02 -1.299218258484692579e-02
-3.610667552933603114e-02 2.551196189874158082e-02 1.805335805945456826e-02 -1.275598125329220969e-02
-3.482864934457979844e-02 2.505642426014992666e-02 1.741439130384921444e-02 -1.252819675432018109e-02
-3.361734715977598292e-02 2.461680256018626903e-02 1.680869906476615064e-02 -1.230841001029475863e-02
-3.246819037669522456e-02 2.419232201587953948e-02 1.623415212870979105e-02 -1.209614606975427560e-02
-1.296215049435870403e-01 4.717517559751147754e-02 6.481032595119708140e-02 -2.358757437547429059e-02
-1.211246312705211436e-01 4.560280028207055331e-02 6.056268135180779139e-02 -2.280142519723941941e-02
-1.134363633906113333e-01 4.413164265687505999e-02 5.671854016031476625e-02 -2.206581652825232234e-02
-1.064571060967199057e-01 4.275253491465892675e-02 5.322871526885066679e-02 -2.137623080495237859e-02
-1.001038090070066472e-01 4.145691732729128026e-02 5.005260297198067115e-02 -2.072849121471185760e-02
-9.430157115303022808e-02 4.023762859476055775e-02 4.715102654129388338e-02 -2.011889825685414870e-02
-8.898975927558046284e-02 3.908803114503400095e-02 4.449523002829232354e-02 -1.954402582342785327e-02
-8.411444667564005329e-02 3.800221710504529671e-02 4.205742370344559000e-02 -1.900109713571313322e-02
-7.962942299827671655e-02 3.697515696842705590e-02 3.981511550158346735e-02 -1.848761748525326945e-02
-7.549352085032051685e-02 3.600206065445631098e-02 3.774695398454915723e-02 -1.800108693051278089e-02
-7.167157302333537761e-02 3.507898221841580094e-02 3.583603066723756864e-02 -1.753950285218063357e-02
-6.813307305077485887e-02 3.420188103628855197e-02 3.406680502736927213e-02 -1.710095914837503686e-02
-6.484977192142932223e-02 3.336774656075469636e-02 3.242499366331334093e-02 -1.668388271254085328e-02
-6.179833853207843120e-02 3.257330678495359844e-02 3.089922042980340275e-02 -1.628665867090090327e-02
-5.895751800324330882e-02 3.181579796757493667e-02 2.947887137806912139e-02 -1.590793422475824878e-02
-5.630799921218128390e-02 3.109272066050981775e-02 2.815404952418000192e-02 -1.554638745064246610e-02
-5.383327822379743721e-02 3.040173556207548949e-02 2.691668226095939032e-02 -1.520089193961233001e-02
-5.151799428755366589e-02 2.974086395974511951e-02 2.575903299723076786e-02 -1.487040288631423166e-02
-4.934921423672618268e-02 2.910805293852304632e-02 2.467466783862561769e-02 -1.455405183960406870e-02
-4.731432636170282424e-02 2.850167407876365647e-02 2.365723747517645484e-02 -1.425083227896711477e-02
-4.540293506288981679e-02 2.791996807359876931e-02 2.270161253948245819e-02 -1.395995732873801277e-02
-4.360484277970348710e-02 2.736159647432269762e-02 2.180246139364939995e-02 -1.368077496547446398e-02
-4.191177129524583517e-02 2.682504501685729903e-02 2.095597032740269955e-02 -1.341252695475792303e-02
-4.031528571638783726e-02 2.630916104195873961e-02 2.015770015223026373e-02 -1.315458814662793900e-02
-3.880818902694894990e-02 2.581283815742594148e-02 1.940415278690451814e-02 -1.290641666669336239e-02
-3.738418027299876545e-02 2.533480297766298531e-02 1.869218181767259845e-02 -1.266737021568450222e-02
-3.603718980096591584e-02 2.487412880176790783e-02 1.801864368229630711e-02 -1.243707811246427646e-02
-3.476155876413730694e-02 2.443000891798519439e-02 1.738081727950299346e-02 -1.221502530699238205e-02
-3.355258063750390235e-02 2.400139475097313665e-02 1.677632752700719196e-02 -1.200072029185299954e-02
-3.240556115925977143e-02 2.358755079038702546e-02 1.620279846886127015e-02 -1.179377901884603660e-02
-1.293886169005526998e-01 4.602214882322284289e-02 6.469326899479518889e-02 -2.301085526542609450e-02
-1.209083741277966195e-01 4.448805892991428146e-02 6.045448052684106871e-02 -2.224405006082252889e-02
-1.132342814858130486e-01 4.305294895020388840e-02 5.661766506120055609e-02 -2.152663931579215997e-02
-1.062670615121770329e-01 4.170755029547686815e-02 5.313379651145114929e-02 -2.085375918292659697e-02
-9.992490172991011499e-02 4.044373631659268359e-02 4.996321717389769906e-02 -2.022197747067591700e-02
-9.413271454215774159e-02 3.925413736141014631e-02 4.706654270916335592e-02 -1.962702788588794461e-02
-8.883109327136455569e-02 3.813264605697486154e-02 4.441615025135797062e-02 -1.906639383291298950e-02
-8.396416892812529065e-02 3.707336912815623053e-02 4.198231726626173999e-02 -1.853668425480755819e-02
-7.948698647734508960e-02 3.607133377690895787e-02 3.974364916774664885e-02 -1.803568879501600900e-02
-7.535858671967904376e-02 3.512210723565919318e-02 3.767964014001704692e-02 -1.756103428584341805e-02
-7.154368491346776993e-02 3.422149986678713757e-02 3.577209324561841236e-02 -1.711077992956366867e-02
-6.801108375258461958e-02 3.336599685158136291e-02 3.400582185173608302e-02 -1.668297094955144971e-02
-6.473372743049887745e-02 3.255222572001651576e-02 3.236697911748804418e-02 -1.627609269411510115e-02
-6.168802340356775021e-02 3.177712483403898752e-02 3.084421084950586880e-02 -1.588853248517875863e-02
-5.885200595319397404e-02 3.103819134858828988e-02 2.942613822803802695e-02 -1.551907066044094959e-02
-5.620755490756584177e-02 3.033270174831445218e-02 2.810390474197026547e-02 -1.516639110067644937e-02
-5.373714517736492835e-02 2.965864568774752991e-02 2.686868468110208130e-02 -1.482934046057283323e-02
-5.142604842206460747e-02 2.901389815103287001e-02 2.571312920039573943e-02 -1.450691596327576688e-02
-4.926083124108376204e-02 2.839662235951889713e-02 2.463042772627710777e-02 -1.419827885562348693e-02
-4.722977657157635678e-02 2.780500705442100207e-02 2.361498528545819334e-02 -1.390246171476532643e-02
-4.532171489987373014e-02 2.723755435167687575e-02 2.266087332003242916e-02 -1.361879107920634276e-02
-4.352702322470851370e-02 2.669281026387501990e-02 2.176363289742669002e-02 -1.334638772452047435e-02
-4.183672996239970465e-02 2.616943300711910281e-02 2.091842515214229620e-02 -1.308469082326386285e-02
-4.024312259099083883e-02 2.566615112582970940e-02 2.012157185217991820e-02 -1.283307662314850037e-02
-3.873895916881013590e-02 2.518184167941735219e-02 1.936960892568127812e-02 -1.259087895049215526e-02
-3.731739049979073547e-02 2.471552557556127780e-02 1.865872476503261171e-02 -1.235774855614153560e-02
-3.597266844986390238e-02 2.426619760839900108e-02 1.798636911526526119e-02 -1.213308026847889111e-02
-3.469938638297539318e-02 2.383288959545192334e-02 1.734972507412511217e-02 -1.191643394981789159e-02
-3.349279294125312445e-02 2.341464045141487121e-02 1.674650970474586206e-02 -1.170730609920859339e-02
-3.234761721222181863e-02 2.301102258824836919e-02 1.617382738694824601e-02 -1.150549058000808859e-02
-1.291746587105989663e-01 4.492195385616448017e-02 6.458670718756667761e-02 -2.246091982875469614e-02
-1.207079772153758640e-01 4.342456861283568864e-02 6.035442099830135021e-02 -2.171240434758096513e-02
-1.130459526320090613e-01 4.202377377681146969e-02 5.652335434513856144e-02 -2.101200359051202948e-02
-1.060908384004119326e-01 4.071055752071267575e-02 5.304593775646667536e-02 -2.035529442225923746e-02
-9.975886166458380888e-02 3.947686568365872672e-02 4.987986059061219613e-02 -1.973858226516213982e-02
-9.397725737741284557e-02 3.831574211803688568e-02 4.698944856099099288e-02 -1.915791248170402306e-02
-8.868339049302129129e-02 3.722103651029507604e-02 4.434196633144854571e-02 -1.861061017749470262e-02
-8.382468630407650945e-02 3.618711890453122498e-02 4.191243752071362877e-02 -1.809359543239509593e-02
-7.935484343254943507e-02 3.520909490129472963e-02 3.967759344975883146e-02 -1.760454517800601193e-02
-7.523356922248981837e-02 3.428244693476068666e-02 3.761703680460681126e-02 -1.714125130297122421e-02
-7.142476994476253116e-02 3.340346439988329391e-02 3.571264114239439819e-02 -1.670174014071707652e-02
-6.789827317064138501e-02 3.256829585233559504e-02 3.394938336329987594e-02 -1.628412397986862825e-02
-6.462637264275361559e-02 3.177404638367020695e-02 3.231337932782032962e-02 -1.588702578833746729e-02
-6.158548569016731450e-02 3.101754721593838818e-02 3.079291371657193535e-02 -1.550876750893498413e-02
-5.875441077863172157e-02 3.029617430515165258e-02 2.937728064941526676e-02 -1.514812740100902194e-02
-5.611412780832871622e-02 2.960760438664807731e-02 2.805716016539939670e-02 -1.480382064616480794e-02
-5.364792298096264511e-02 2.894964307417906627e-02 2.682404211030822716e-02 -1.447485799625431585e-02
-5.134089534237648578e-02 2.832029318246711072e-02 2.567068729785443315e-02 -1.416015758151643530e-02
-4.917916260813644247e-02 2.771775998039174502e-02 2.458967949213514137e-02 -1.385884218115323273e-02
-4.715140690005912433e-02 2.714032774854791691e-02 2.357583520353085868e-02 -1.357014384976344690e-02
-4.524647021725816676e-02 2.658641781010246188e-02 2.262332728260535789e-02 -1.329316770989985921e-02
-4.345467319756189661e-02 2.605471151239133892e-02 2.172740898869913312e-02 -1.302732419656374256e-02
-4.176743263395793493e-02 2.554379082579525534e-02 2.088381057697440146e-02 -1.277190723182422376e-02
-4.017634196596073931e-02 2.505258164860126036e-02 2.008825770747588862e-02 -1.252625762401677646e-02
-3.867462885851424143e-02 2.457984577606435808e-02 1.933739853527658564e-02 -1.228989353341385440e-02
-3.725552175983210673e-02 2.412470365395594576e-02 1.862784105464023246e-02 -1.206238018705326973e-02
-3.591304287553098024e-02 2.368608470418145234e-02 1.795658449915856977e-02 -1.184305804409669857e-02
-3.464183214346199663e-02 2.326313446724175352e-02 1.732095322755715372e-02 -1.163157649052058533e-02
-3.343700385161144789e-02 2.285497165757917337e-02 1.671851949476209007e-02 -1.142747962589784824e-02
-3.229397784086603801e-02 2.246094454791382200e-02 1.614703466901047310e-02 -1.123049453152120437e-02
-1.289745725487269901e-01 4.387123099564091411e-02 6.448654107243505240e-02 -2.193539917807398390e-02
-1.205218261373642158e-01 4.240898346577934991e-02 6.026177637717892305e-02 -2.120466959282762270e-02
-1.128712198631830338e-01 4.104084365810634072e-02 5.643594479138835246e-02 -2.052050761952002589e-02
-1.059272828463553029e-01 3.975827614295179141e-02 5.296408688855439723e-02 -1.987924291681910857e-02
-9.960464185700361461e-02 3.855353754650164139e-02 4.980293063247274998e-02 -1.927681806772693629e-02
-9.383169021607039306e-02 3.741954446880296076e-02 4.691614297575296549e-02 -1.870986433360725953e-02
-8.854634494693180979e-02 3.635042128987544391e-02 4.427349529720803895e-02 -1.817523089942292558e-02
-8.369530625902693588e-02 3.534073262159559414e-02 4.184796418319374628e-02 -1.767037455257715328e-02
-7.923225569534135537e-02 3.438557604563766135e-02 3.961633301097179649e-02 -1.719278203411971767e-02
-7.511721919846291173e-02 3.348060388879202376e-02 3.755879999000264619e-02 -1.674031030631528347e-02
-7.131454729218404676e-02 3.262212290984522339e-02 3.565747027510693390e-02 -1.631110980024229329e-02
-6.779340845971092155e-02 3.180660848491564940e-02 3.389707443321544195e-02 -1.590330685554893278e-02
-6.452650949032502636e-02 3.103084707791908814e-02 3.226334180046364075e-02 -1.551545235873083226e-02
-6.149032850915584630e-02 3.029200764798456111e-02 3.074529355485581747e-02 -1.514596129473300828e-02
-5.866356053292413192e-02 2.958755453071310743e-02 2.933193308436535252e-02 -1.479372739638173430e-02
-5.602732592769352205e-02 2.891513155976785376e-02 2.801377170115761442e-02 -1.445755315799860871e-02
-5.356484417957808192e-02 2.827256294714348625e-02 2.678248212267529335e-02 -1.413625772545160260e-02
-5.126152506043304968e-02 2.765792973067560112e-02 2.563097406547140342e-02 -1.382899769907782773e-02
-4.910326449918456931e-02 2.706947056480780989e-02 2.455173835159408374e-02 -1.353475821406723185e-02
-4.707856740966993858e-02 2.650552271806129109e-02 2.353940547484890261e-02 -1.325274729421889626e-02
-4.517658064709887539e-02 2.596457027277185997e-02 2.258839652433044728e-02 -1.298224192589485064e-02
-4.338752938705680434e-02 2.544531522135775464e-02 2.169382748736117805e-02 -1.272263945280164080e-02
-4.170283603812140194e-02 2.494634975240375349e-02 2.085153164624616376e-02 -1.247314742047926119e-02
-4.011433999791624155e-02 2.446660800937051211e-02 2.005725361482280783e-02 -1.223331327777389677e-02
-3.861478465813449057e-02 2.400502041344571014e-02 1.930743858283540115e-02 -1.200253066211785791e-02
-3.719781999195117400e-02 2.356047681564375079e-02 1.859895808526996347e-02 -1.178022977627748470e-02
-3.585750376491603220e-02 2.313207841943178480e-02 1.792883113851422017e-02 -1.156600606989789323e-02
-3.458833368778895662e-02 2.271901741761188712e-02 1.729421381145860789e-02 -1.135952325914663975e-02
-3.338537511576392114e-02 2.232041380222589758e-02 1.669277869690518473e-02 -1.116017939641570332e-02
-3.224399642804969685e-02 2.193562619700244534e-02 1.612200688849785984e-02 -1.096783041684677544e-02
-1.287885311471314576e-01 4.286677199578260711e-02 6.439285558296554968e-02 -2.143318595701800694e-02
-1.203485377350895225e-01 4.143813789987182972e-02 6.017520588462658276e-02 -2.071933719379429051e-02
-1.127087938373255993e-01 4.010129577769971920e-02 5.635482196187796555e-02 -2.005074083851657307e-02
-1.057747899456697310e-01 3.884819853633561526e-02 5.288799221357473601e-02 -1.942426934789067555e-02
-9.946091725962380448e-02 3.767097651548678011e-02 4.973095342284869491e-02 -1.883551136085517483e-02
-9.369622154086974797e-02 3.656296013086378360e-02 4.684842377828387500e-02 -1.828148118057544569e-02
-8.841892555284583399e-02 3.551829139004741842e-02 4.420995988020279266e-02 -1.775917048232053194e-02
-8.357528083757453929e-02 3.453163742254049262e-02 4.178814636859030235e-02 -1.726592098968875166e-02
-7.911811378012414964e-02 3.359836157055150901e-02 3.955917998824212689e-02 -1.679916702411385701e-02
-7.500901804319942690e-02 3.271415779031634774e-02 3.750469352394538575e-02 -1.635710177950300964e-02
-7.121154307438458397e-02 3.187538518845249580e-02 3.560594640282570972e-02 -1.593768411335745941e-02
-6.769557068053974613e-02 3.107850934830681464e-02 3.384808577470536928e-02 -1.553923731324279717e-02
-6.443358911921054366e-02 3.032049921525764580e-02 3.221690270356486474e-02 -1.516030906066067989e-02
-6.140183414466895279e-02 2.959857773180856258e-02 3.070103517802630355e-02 -1.479932626459892764e-02
-5.857909367427536346e-02 2.891020690193400050e-02 2.928958805680677291e-02 -1.445511976542709562e-02
-5.594695713883540006e-02 2.825315870173690513e-02 2.797372914742221606e-02 -1.412664046440375090e-02
-5.348780081595323060e-02 2.762534141312999666e-02 2.674407882258432803e-02 -1.381265584943069426e-02
-5.118740787695169603e-02 2.702480613906672186e-02 2.559377353726626295e-02 -1.351239685350710124e-02
-4.903240216776746235e-02 2.644982024689906952e-02 2.451627954274303994e-02 -1.322491279717218776e-02
-4.701090843295979010e-02 2.589869930369831721e-02 2.350558314887323669e-02 -1.294937923230182232e-02
-4.511167521189573398e-02 2.537012830857590662e-02 2.255596117139490459e-02 -1.268506690366110780e-02
-4.332516313631770699e-02 2.486275042108752886e-02 2.166265162043021567e-02 -1.243137751214734230e-02
-4.164271501739099518e-02 2.437528052439826703e-02 2.082143897159776866e-02 -1.218761946551303287e-02
-4.005651807391025221e-02 2.390648708287912774e-02 2.002831923795491895e-02 -1.195322548556398100e-02
-3.855910666842144591e-02 2.345545003142470233e-02 1.927957934409671101e-02 -1.172768898405056152e-02
-3.714435662823879075e-02 2.302107786488559113e-02 1.857223733443002719e-02 -1.151056255720158024e-02
-3.580582520260358614e-02 2.260254263229506330e-02 1.790296506770591364e-02 -1.130125575043891550e-02
-3.453856011323579167e-02 2.219890128382575115e-02 1.726934586831758295e-02 -1.109946650100370434e-02
-3.333719804377269919e-02 2.180947382383127686e-02 1.666862948954671297e-02 -1.090472367001925520e-02
-3.219755586527898311e-02 2.143344097530789152e-02 1.609878411437092385e-02 -1.071672099522717053e-02
-1.286149833301303835e-01 4.190593673277157732e-02 6.430613147139226105e-02 -2.095264274427994025e-02
-1.201861214942576556e-01 4.050922708142928874e-02 6.009356655232155758e-02 -2.025473511427032525e-02
-1.125572171763355722e-01 3.920254067792468960e-02 5.627933976282670919e-02 -1.960134674945664471e-02
-1.056322057591491392e-01 3.797741910277462746e-02 5.281662407061125941e-02 -1.898876444201430536e-02
-9.932739223956284225e-02 3.682655088085543676e-02 4.966409218593426794e-02 -1.841338289878803602e-02
-9.357043951206163446e-02 3.574340413343407574e-02 4.678566768638723478e-02 -1.787172744260601132e-02
-8.829962123414290820e-02 3.472223225484447756e-02 4.415008169540514393e-02 -1.736113883834367738e-02
-8.346213058234668025e-02 3.375766744139729186e-02 4.173120992572101895e-02 -1.687880730903624713e-02
-7.901230236577712340e-02 3.284520707547804175e-02 3.950655761898880236e-02 -1.642266438661721742e-02
-7.490807495608402256e-02 3.198097943843424690e-02 3.745423460902623514e-02 -1.599057178279048724e-02
-7.111583335419294216e-02 3.116088528376215888e-02 3.555815074183842767e-02 -1.558040805972595727e-02
-6.760471217566782487e-02 3.038190760237819907e-02 3.380266381872538972e-02 -1.519103018679413865e-02
-6.434734831317674708e-02 2.964081472912820717e-02 3.217404564121468385e-02 -1.482047530182044673e-02
-6.131922702604282460e-02 2.893510807241357966e-02 3.065976312227892964e-02 -1.446752961519896276e-02
-5.850055694185261890e-02 2.826219190540347342e-02 2.925049589285017015e-02 -1.413114161567672125e-02
-5.587150861825218584e-02 2.761986921098651127e-02 2.793583867423750366e-02 -1.380996543825478880e-02
-5.341593373916712906e-02 2.700607800860131344e-02 2.670803851773875456e-02 -1.350306429710809893e-02
-5.111856934065203001e-02 2.641901788009982932e-02 2.555933466900804293e-02 -1.320947581797802563e-02
-4.896662078981296740e-02 2.585690937370395057e-02 2.448340663148421831e-02 -1.292848785440005657e-02
-4.694747399772055546e-02 2.531822668019648517e-02 2.347380322143567677e-02 -1.265909287593323419e-02
-4.505091109783728592e-02 2.480147955040144445e-02 2.252553285447960602e-02 -1.240072562668464648e-02
-4.326698932019957394e-02 2.430544005133518370e-02 2.163360583537007539e-02 -1.215273040136542748e-02
-4.158679274839769541e-02 2.382888052777726653e-02 2.079351889784173540e-02 -1.191440605184034170e-02
-4.000258442071614323e-02 2.337066877114976973e-02 2.000134534336673806e-02 -1.168531739710035669e-02
-3.850729679064326949e-02 2.292968978085626816e-02 1.925364856452549053e-02 -1.146483930057984497e-02
-3.709439671796508492e-02 2.250507122299443691e-02 1.854727304785982328e-02 -1.125254577558954319e-02
-3.575778875206905155e-02 2.209588866944916380e-02 1.787900007129259589e-02 -1.104794366366578656e-02
-3.449207424035865416e-02 2.170135511376346249e-02 1.724610463546157046e-02 -1.085070041933559187e-02
-3.329240918656127535e-02 2.132062090605659974e-02 1.664626917949424759e-02 -1.066030220422473258e-02
-3.215431387657980561e-02 2.095301558311627593e-02 1.607724621668433010e-02 -1.047648797818336898e-02
-1.284532994650336712e-01 4.098591212373946246e-02 6.422536206967013883e-02 -2.049262431012700836e-02
-1.200356504101268151e-01 3.961994653268999939e-02 6.001881593481530469e-02 -1.981022743947589287e-02
-1.124154394207435292e-01 3.834182972010957008e-02 5.620815432593385258e-02 -1.917096649230966288e-02
-1.055003910882043178e-01 3.714366739950798746e-02 5.275129099711362013e-02 -1.857207040538024628e-02
-9.920226851968863557e-02 3.601808286454877966e-02 4.960158518133531147e-02 -1.800907615180457819e-02
-9.345283407549770383e-02 3.495870708471394278e-02 4.672675606553606392e-02 -1.747947111788942728e-02
-8.818889304997838685e-02 3.395985518049085550e-02 4.409471964239087410e-02 -1.698000184628661174e-02
-8.335797105668057982e-02 3.301655551687350532e-02 4.167973300354617383e-02 -1.650834805618598897e-02
-7.891281488041852754e-02 3.212413267264927624e-02 3.945689818544121513e-02 -1.606205436443289628e-02
-7.481374792519462913e-02 3.127884687143052400e-02 3.740706979621952893e-02 -1.563943591921142934e-02
-7.102650615516012400e-02 3.047675565920987886e-02 3.551340689092384595e-02 -1.523841372492175210e-02
-6.751967645183265532e-02 2.971487198631293444e-02 3.376010214972989532e-02 -1.485749985296667269e-02
-6.426591407737525241e-02 2.899015542378351878e-02 3.213305909680957279e-02 -1.449511118569366333e-02
-6.124233953351273380e-02 2.829980759339689386e-02 3.062134760148386287e-02 -1.414992546447441102e-02
-5.842678813394747844e-02 2.764174148568016368e-02 2.921355109210989343e-02 -1.382087099547323582e-02
-5.580128713215458391e-02 2.701346807987911255e-02 2.790078169885790507e-02 -1.350673078334614814e-02
-5.334884618269525314e-02 2.641315834833218509e-02 2.667465300886397855e-02 -1.320654577494976591e-02
-5.105456374935937736e-02 2.583892648902364614e-02 2.552747904260344730e-02 -1.291942099903540565e-02
-4.890492022060439342e-02 2.528925150898388152e-02 2.445254427423867311e-02 -1.264461027910654227e-02
-4.688830948266534127e-02 2.476241593080566461e-02 2.344408015312852284e-02 -1.238122973421316650e-02
-4.499417310847427659e-02 2.425702065653870948e-02 2.249716001593031825e-02 -1.212849094017623940e-02
-4.321240341679175034e-02 2.377189698598678944e-02 2.160624034044046626e-02 -1.188596453987968669e-02
-4.153445948684413719e-02 2.330578214432832071e-02 2.076730874677491095e-02 -1.165291025196006636e-02
-3.995245208074364729e-02 2.285751953600347400e-02 1.997637634433376691e-02 -1.142872653218449802e-02
-3.845899346453549028e-02 2.242626019351635219e-02 1.922956160983552501e-02 -1.121313544183053651e-02
-3.704775521597897248e-02 2.201100297479325826e-02 1.852397683701151321e-02 -1.100551498285449667e-02
-3.571267237419516877e-02 2.161082123093533564e-02 1.785636412764715977e-02 -1.080539662690573055e-02
-3.444875720601141278e-02 2.122488044020370487e-02 1.722444585456229388e-02 -1.061246428513327837e-02
-3.325065162091778159e-02 2.085248050077962573e-02 1.662537773242003455e-02 -1.042625204898871456e-02
-3.211394516781230363e-02 2.049298881040302958e-02 1.605704530557753446e-02 -1.024651346997864851e-02
-1.283029105418870275e-01 4.010411322663561678e-02 6.415026020112986338e-02 -2.005184100744568376e-02
-1.198942505146505660e-01 3.876758223817896448e-02 5.994796371299723065e-02 -1.938397595313235897e-02
-1.122831404042940739e-01 3.751699216598457925e-02 5.614196405000397572e-02 -1.875852323458392090e-02
-1.053754077560795921e-01 3.634464652603266316e-02 5.268847073238632633e-02 -1.817237898058826975e-02
-9.908617565315833153e-02 3.524327324653864224e-02 4.954381114540327286e-02 -1.762181675413647050e-02
-9.334284775912267407e-02 3.420663001682102550e-02 4.667173202585300079e-02 -1.710338613232802868e-02
-8.808577612703649695e-02 3.322927870202563999e-02 4.404355192172217104e-02 -1.661478251060986844e-02
-8.325976347509292386e-02 3.230630597143022142e-02 4.163034388090257332e-02 -1.615328929992654317e-02
-7.882010022002018668e-02 3.143312470459626307e-02 3.941048935115949031e-02 -1.571667596355105778e-02
-7.472583911215772978e-02 3.060592711605095162e-02 3.736315681736485095e-02 -1.530296037283802695e-02
-7.094297985474790069e-02 2.982116090173685466e-02 3.547172488912878757e-02 -1.491062100943584511e-02
-6.744016367973484916e-02 2.907559567590555644e-02 3.372023998523274863e-02 -1.453782784766265504e-02
-6.419044687805014471e-02 2.836646465062749728e-02 3.209532567758191512e-02 -1.418328049561648138e-02
-6.116998896320097884e-02 2.769107733215395162e-02 3.058509792648677825e-02 -1.384551157569498432e-02
-5.835793481957770451e-02 2.704710261179699496e-02 2.917905995206015665e-02 -1.352352135182327726e-02
-5.573562512389305945e-02 2.643240010700753304e-02 2.786801955350211302e-02 -1.321620592089488809e-02
-5.328610049831359469e-02 2.584493534692877681e-02 2.664326496269417421e-02 -1.292243299871938429e-02
-5.099442182252219430e-02 2.528314800347765401e-02 2.549729805300998339e-02 -1.264162224842702888e-02
-4.884760493609826421e-02 2.474521407293347325e-02 2.442402786707162377e-02 -1.237262318807534969e-02
-4.683347627074768010e-02 2.422965021617704343e-02 2.341685941691923345e-02 -1.211484698504257558e-02
-4.494124552448350296e-02 2.373519474250378181e-02 2.247065431317224818e-02 -1.186760072936346097e-02
-4.316168218907323606e-02 2.326047889433832672e-02 2.158096145783182027e-02 -1.163024210615409317e-02
-4.148559261367866513e-02 2.280441193595889038e-02 2.074292076137509641e-02 -1.140218445517065214e-02
-3.990545098781932837e-02 2.236580982645085952e-02 1.995281537656105886e-02 -1.118291413398880309e-02
-3.841374277717093250e-02 2.194382784387486837e-02 1.920694539500572909e-02 -1.097191577461130267e-02
-3.700406562823734674e-02 2.153751154835720563e-02 1.850209276440782299e-02 -1.076874218720267305e-02
-3.567066355109988623e-02 2.114592677329967668e-02 1.783537879780073415e-02 -1.057294284585208639e-02
-3.440826763517113029e-02 2.076827393281355585e-02 1.720423082627276293e-02 -1.038415259659320258e-02
-3.321144107213896274e-02 2.040391968338536866e-02 1.660578105462292425e-02 -1.020192725605877440e-02
-3.207610907760269359e-02 2.005215138196923125e-02 1.603810269652731352e-02 -1.002608540650895552e-02
-1.281605390915936393e-01 3.925858532311178595e-02 6.407884335132421616e-02 -1.962895568795568202e-02
-1.197622386130703376e-01 3.795025718013998739e-02 5.988247855511894674e-02 -1.897530852133511720e-02
-1.121595174809528195e-01 3.672603402674545076e-02 5.608042697486925743e-02 -1.836312061930963496e-02
-1.052598398186377349e-01 3.557837554345170267e-02 5.263120065756711485e-02 -1.778935654020492169e-02
-9.897699475147751780e-02 3.450018903716632612e-02 4.948953143997099346e-02 -1.725022334982697150e-02
-9.323962532180850304e-02 3.348548026751747148e-02 4.662021229491346980e-02 -1.674277755653634514e-02
-8.798855629573314185e-02 3.252870001010815804e-02 4.399495168389055272e-02 -1.626452823123960417e-02
-8.316762663099332153e-02 3.162513700560745655e-02 4.158427348188452333e-02 -1.581259678561139706e-02
-7.873297178850915956e-02 3.077030359310660781e-02 3.936677379384043163e-02 -1.538519840585692369e-02
-7.464361160974442022e-02 2.996055348900124662e-02 3.732202882470331967e-02 -1.498031945099742406e-02
-7.086456018705034055e-02 2.919234712587675390e-02 3.543242419286138367e-02 -1.459614942653969169e-02
-6.736587745048254472e-02 2.846253993030318022e-02 3.368327009805924949e-02 -1.423127481886124479e-02
-6.411994366920192867e-02 2.776834324079746272e-02 3.206032100266344859e-02 -1.388423257296188956e-02
-6.110293300484531676e-02 2.710718700775022541e-02 3.055173483355971484e-02 -1.355366423766274017e-02
-5.829364750020699093e-02 2.647679158879228875e-02 2.914690699365684451e-02 -1.323839159780151181e-02
-5.567428407865203377e-02 2.587503238963624261e-02 2.783732737113707098e-02 -1.293756251725337522e-02
-5.322734560014110577e-02 2.530001493243475355e-02 2.661384032609268382e-02 -1.265003118879804052e-02
-5.093808620617840122e-02 2.475005938906855649e-02 2.546913275720079015e-02 -1.237504094451427269e-02
-4.879343996088503221e-02 2.422348713087323427e-02 2.439680840087356251e-02 -1.211171144166749841e-02
-4.678165669338184285e-02 2.371882847160429464e-02 2.339096594885944902e-02 -1.185940474123872712e-02
-4.489176355131498791e-02 2.323474224441743341e-02 2.244597416154261657e-02 -1.161739737302006081e-02
-4.311398748496641370e-02 2.277003244080403471e-02 2.155709165258705776e-02 -1.138498731390746865e-02
-4.143989402850835335e-02 2.232354579342540543e-02 2.072010128597881473e-02 -1.116173766778394763e-02
-3.986120503278353655e-02 2.189430946039850820e-02 1.993065304938550567e-02 -1.094713978192930585e-02
-3.837121411253081871e-02 2.148118215208857928e-02 1.918566343500232793e-02 -1.074055353719513897e-02
-3.696332090312946794e-02 2.108338291463737052e-02 1.848171612734385294e-02 -1.054171663593827558e-02
-3.563145410848189004e-02 2.070003881158748865e-02 1.781585329991456496e-02 -1.035001110323880563e-02
-3.437017697815668987e-02 2.033038604836626129e-02 1.718512361876010919e-02 -1.016517527033062966e-02
-3.317477666134416303e-02 1.997373297830091002e-02 1.658743901973333892e-02 -9.986853791807527927e-03
-3.204072074955893745e-02 1.962934486798328243e-02 1.602039751371495124e-02 -9.814680073265611565e-03
-1.280283349063728870e-01 3.844691710554350855e-02 6.401279384595855160e-02 -1.922321855934160800e-02
-1.196389833653731666e-01 3.716581879233479130e-02 5.982136285018307964e-02 -1.858329376027357052e-02
-1.120437630964668946e-01 3.596674743096382743e-02 5.602271885268838431e-02 -1.798351935336139212e-02
-1.051512070249054215e-01 3.484290105518192404e-02 5.257717873359565863e-02 -1.742169634060331679e-02
-9.887412758026692394e-02 3.378687008996174995e-02 4.943756382665205618e-02 -1.689353978419886465e-02
-9.314398988754202247e-02 3.279316222817275223e-02 4.657278298896173896e-02 -1.639675783386977323e-02
-8.789781755555726994e-02 3.185624022979711284e-02 4.394988574155411776e-02 -1.592834473132073714e-02
-8.308187671479361214e-02 3.097129620679569401e-02 4.154140412950891453e-02 -1.548578144235394916e-02
-7.865148616502326551e-02 3.013425033565439448e-02 3.932628403882564017e-02 -1.506716398489257869e-02
-7.456670876922955049e-02 2.934117573270605267e-02 3.728387151427247498e-02 -1.467068257146804215e-02
-7.079144709353726861e-02 2.858891563368725491e-02 3.539619402106687629e-02 -1.429448700623394373e-02
-6.729610587995485393e-02 2.787418368055172291e-02 3.364845858083601038e-02 -1.393712345086944859e-02
-6.405342858135915085e-02 2.719427603135231644e-02 3.202692618367444094e-02 -1.359720865284512296e-02
-6.103940699517061003e-02 2.654683200905607471e-02 3.051997068606601346e-02 -1.327341639324275922e-02
-5.823330748396091799e-02 2.592943248560120387e-02 2.911673392913889311e-02 -1.296473448972329870e-02
-5.561651442115571331e-02 2.534014159030080482e-02 2.780850087088840988e-02 -1.267006915249572693e-02
-5.317201333110462003e-02 2.477701541351579398e-02 2.658616176736539743e-02 -1.238847309957692537e-02
-5.088545892858598735e-02 2.423834845026525547e-02 2.544293027327080084e-02 -1.211914984484279909e-02
-4.874309589945142324e-02 2.372266994809661689e-02 2.437166700067482789e-02 -1.186134901519338494e-02
-4.673320260835155115e-02 2.322844268843253165e-02 2.336668835788268186e-02 -1.161419895970976744e-02
-4.484526453851046118e-02 2.275436919263299287e-02 2.242269357447360806e-02 -1.137719109221797809e-02
-4.306942782860139624e-02 2.229929080716681888e-02 2.153488405938960501e-02 -1.114961973439830036e-02
-4.139693636460037990e-02 2.186206831269602371e-02 2.069853692038575027e-02 -1.093105061409199198e-02
-3.982023542731822491e-02 2.144159905385654291e-02 1.991026514356725868e-02 -1.072082624487278972e-02
-3.833160988575113476e-02 2.103705174597705896e-02 1.916591617242797280e-02 -1.051849388747710425e-02
-3.692508625597734628e-02 2.064749984729477225e-02 1.846260542503892071e-02 -1.032377993685026397e-02
-3.559453482679298536e-02 2.027208958557083496e-02 1.779738235987132766e-02 -1.013602373368478922e-02
-3.433455967346173143e-02 1.991011933291868610e-02 1.716731589550874251e-02 -9.955059833160747468e-03
-3.314042650383795113e-02 1.956080229575636251e-02 1.657027298738157628e-02 -9.780381862866333390e-03
-3.200751546413123372e-02 1.922355618182895742e-02 1.600379479151724932e-02 -9.611788049606663845e-03
-1.279016649548454232e-01 3.766723684764225477e-02 6.394814708560866978e-02 -1.883304846351792003e-02
-1.195223837610784740e-01 3.641210826542982254e-02 5.976269001432273770e-02 -1.820638830756510576e-02
-1.119354870515019001e-01 3.523748969665692343e-02 5.596897214262052528e-02 -1.761904249134147588e-02
-1.050481365309294673e-01 3.413632098608380266e-02 5.252505151954724172e-02 -1.706827302017998801e-02
-9.877855793247289351e-02 3.310187926765872923e-02 4.939051580499205507e-02 -1.655111118745139498e-02
-9.305267909025789763e-02 3.212820533893092495e-02 4.652665427664534614e-02 -1.606418948483730180e-02
-8.781151023640632047e-02 3.121025126151010312e-02 4.390620072063448898e-02 -1.560521098850202633e-02
-8.300077730509701490e-02 3.034332296533764906e-02 4.150074449251697772e-02 -1.517176524552615001e-02
-7.857484845928472406e-02 2.952325035297948333e-02 3.928794468708087656e-02 -1.476165961070198193e-02
-7.449377570812433513e-02 2.874632848508563293e-02 3.724721513041923809e-02 -1.437328319108641984e-02
-7.072219189859929589e-02 2.800919651495403090e-02 3.536129077539475196e-02 -1.400456333415469809e-02
-6.723051251522399463e-02 2.730896640317437285e-02 3.361544321021444487e-02 -1.365454558885582752e-02
-6.399021031661562831e-02 2.664295173843787487e-02 3.199487576240826053e-02 -1.332144088133039618e-02
-6.098028862070607736e-02 2.600851357145574430e-02 3.049043380489420765e-02 -1.300434038214687282e-02
-5.817677803909727940e-02 2.540367499218031816e-02 2.908853787768670915e-02 -1.270189728678448697e-02
-5.556255949547476286e-02 2.482630293647193620e-02 2.778151429154585364e-02 -1.241321192560391508e-02
-5.312028252396425870e-02 2.427463849746891791e-02 2.656027121831842225e-02 -1.213732629217185825e-02
-5.083595300596702171e-02 2.374685583171400050e-02 2.541808004002052077e-02 -1.187344227584481021e-02
-4.869562642453636320e-02 2.324163024304351857e-02 2.434792004279108177e-02 -1.162079819009170269e-02
-4.668775463615842947e-02 2.275745379268758264e-02 2.334392642143010010e-02 -1.137875018096144719e-02
-4.480160323911921982e-02 2.229301604003111961e-02 2.240087460628862812e-02 -1.114653103703081710e-02
-4.302736451664978395e-02 2.184719145901523399e-02 2.151374821320899827e-02 -1.092360557244075568e-02
-4.135656871732962259e-02 2.141880445351828158e-02 2.067836542400879399e-02 -1.070939658073937623e-02
-3.978137509387928705e-02 2.100685700780282467e-02 1.989077175000973641e-02 -1.050345461333026913e-02
-3.829429806339387787e-02 2.061052322539405623e-02 1.914721717717294755e-02 -1.030528540802911133e-02
-3.688898959938830685e-02 2.022886267107356154e-02 1.844453632638664783e-02 -1.011440759604710291e-02
-3.555988277565488853e-02 1.986105887778034929e-02 1.778000311069497311e-02 -9.930555180245326241e-03
-3.430128855826689721e-02 1.950634066176015063e-02 1.715070132448373239e-02 -9.753177790608778125e-03
-3.310814812611898028e-02 1.916417474168379681e-02 1.655410077634910868e-02 -9.582075190219356553e-03
-3.197631505829209853e-02 1.883375787666325546e-02 1.598817265287380898e-02 -9.416864434194146399e-03
-1.277842189284226770e-01 3.691770645196412737e-02 6.388890254940655933e-02 -1.845817790142114528e-02
-1.194126266002958486e-01 3.568766752440117457e-02 5.970757462870422694e-02 -1.784408071179814301e-02
-1.118324698580797083e-01 3.453646896543858397e-02 5.591738046897917758e-02 -1.726838042051437663e-02
-1.049523204383055464e-01 3.345727201868553546e-02 5.247736029682491948e-02 -1.672885960657276988e-02
-9.868818128370898668e-02 3.244341755134391714e-02 4.934545039462804455e-02 -1.622192829898202668e-02
-9.296840288247555650e-02 3.148915859820458629e-02 4.648524168092427883e-02 -1.574485040192212873e-02
-8.773095708877318155e-02 3.058939980725409666e-02 4.386597133854522323e-02 -1.529476005638792831e-02
-8.292467871913601629e-02 2.973968196368853914e-02 4.146264909696956158e-02 -1.486993446183137828e-02
-7.850291733822729878e-02 2.893587296688003227e-02 3.925189927588813160e-02 -1.446796785272968199e-02
-7.442537136494320471e-02 2.817437930058572931e-02 3.721285362839932970e-02 -1.408722512880029344e-02
-7.065745274540038978e-02 2.745199684570520313e-02 3.532889622675535607e-02 -1.372599934914972390e-02
-6.716893552576369553e-02 2.676568498668940865e-02 3.358478314758326505e-02 -1.338284837214340044e-02
-6.393215138790750429e-02 2.611285996521784530e-02 3.196619613790788184e-02 -1.305642003339221174e-02
-6.092400692713564186e-02 2.549114050912078613e-02 3.046211993608713767e-02 -1.274557553598851777e-02
-5.812358144615543953e-02 2.489828908821546324e-02 2.906201786261958936e-02 -1.244919771006749130e-02
-5.551143996240705258e-02 2.433244765477076896e-02 2.775593790502517769e-02 -1.216622021953809793e-02
-5.307171812505969560e-02 2.379167696608231256e-02 2.653595809378268139e-02 -1.189585541786394515e-02
-5.078921205989112009e-02 2.327446180414053864e-02 2.539461191714550634e-02 -1.163722718569778526e-02
-4.865110960823539749e-02 2.277925513057450432e-02 2.432566344193521149e-02 -1.138964092805436201e-02
-4.664494316165899296e-02 2.230469676993335898e-02 2.332247258932368048e-02 -1.115234609259356004e-02
-4.476070707690923273e-02 2.184948330039988493e-02 2.238048454023938011e-02 -1.092476558758406768e-02
-4.298806755271925711e-02 2.141254307583380020e-02 2.149415903704924441e-02 -1.070628455751613042e-02
-4.131878621863337153e-02 2.099265950409794079e-02 2.065944137214843768e-02 -1.049634984091814792e-02
-3.974489351777708152e-02 2.058895420755504913e-02 1.987254389476228109e-02 -1.029447486435072258e-02
-3.825923067687889145e-02 2.020047744897719710e-02 1.912972435755603065e-02 -1.010021946290256753e-02
-3.685538826816141950e-02 1.982641475927329755e-02 1.842778984396446773e-02 -9.913239635039908584e-03
-3.552733528232054211e-02 1.946593866093706757e-02 1.776373058744382463e-02 -9.732998676351039061e-03
-3.426986682570961479e-02 1.911829308720951193e-02 1.713504757847339466e-02 -9.559125706343551271e-03
-3.307788915404624719e-02 1.878290048798610459e-02 1.653897328130557454e-02 -9.391450257067345680e-03
-3.194711728979189591e-02 1.845906390157476054e-02 1.597362565001641740e-02 -9.229522066017797552e-03
-1.276622275948537111e-01 3.619543392633216283e-02 6.381762014527235516e-02 -1.809515003402108885e-02
-1.193085431141368419e-01 3.499084742232755341e-02 5.965491507522273362e-02 -1.749549209824791118e-02
-1.117373505544163037e-01 3.386235014365492763e-02 5.587093950253461949e-02 -1.693158247758092677e-02
-1.048608342565241491e-01 3.280395516702794972e-02 5.243086722499717967e-02 -1.640205308843223006e-02
-9.860279744818961634e-02 3.180992311668238287e-02 4.930229810679304797e-02 -1.590519605205514136e-02
-9.288711642480636244e-02 3.087423626252628131e-02 4.644390142312828512e-02 -1.543713765773838641e-02
-8.765531746803691127e-02 2.999211212766904680e-02 4.382798270093950233e-02 -1.499614692003620187e-02
-8.285342699001907452e-02 2.915909725436563807e-02 4.142729964127223052e-02 -1.457971213254286545e-02
-7.843504187761800306e-02 2.837092176832561527e-02 3.921785109106150358e-02 -1.418548368724446319e-02
-7.436142502682664690e-02 2.762435339170245946e-02 3.718113666712083432e-02 -1.381227800935390382e-02
-7.059644187786473513e-02 2.691603164450494939e-02 3.529839701698297277e-02 -1.345801405009527593e-02
-6.711119893448692919e-02 2.624310617492867440e-02 3.355604769800587389e-02 -1.312159832513772224e-02
-6.387686314171968360e-02 2.560303116620021163e-02 3.193846965323642734e-02 -1.280149620792543630e-02
-6.087168057190622816e-02 2.499340174521727173e-02 3.043610866783787519e-02 -1.249670395485163489e-02
-5.807366339476872918e-02 2.441209163596648121e-02 2.903716358253843541e-02 -1.220608001713850699e-02
-5.546333434896186937e-02 2.385736995543861344e-02 2.773169015498895204e-02 -1.192867339543218427e-02
-5.302595400043515900e-02 2.332717974896675664e-02 2.651307612493010099e-02 -1.166363949268785921e-02
-5.074541810173732043e-02 2.282008128313196132e-02 2.537284335623652548e-02 -1.141002887081989971e-02
-4.860901857476148530e-02 2.233453165895666129e-02 2.430461471932868558e-02 -1.116725322713996854e-02
-4.660472147247628899e-02 2.186925797573030864e-02 2.330248941825473902e-02 -1.093462288817437060e-02
-4.472192860022782684e-02 2.142294086299116954e-02 2.236101797964807486e-02 -1.071150868819470935e-02
-4.295120719478964788e-02 2.099442186235073171e-02 2.147579101901885001e-02 -1.049725512677385925e-02
-4.128316535593990616e-02 2.058275654947832115e-02 2.064169788860484647e-02 -1.029134439363291707e-02
-3.971055255418492330e-02 2.018695981166784489e-02 1.985528568630221327e-02 -1.009349086821072911e-02
-3.822611762456202406e-02 1.980609387734948157e-02 1.911309397847442762e-02 -9.903031001922836529e-03
-3.682356555984064167e-02 1.943929170835922288e-02 1.841183972527702870e-02 -9.719661508085916321e-03
-3.549676045564157528e-02 1.908583610380000517e-02 1.774846693217782198e-02 -9.542935620938559904e-03
-3.424031411289829574e-02 1.874501425138161426e-02 1.712026860830595867e-02 -9.372491353644239048e-03
-3.304937052842767814e-02 1.841618808488961270e-02 1.652471708199958894e-02 -9.208116977115234775e-03
-3.191952214563567591e-02 1.809866605842408785e-02 1.595981141787511035e-02 -9.049319132876406171e-03
-1.275689549586793703e-01 3.550299413848277685e-02 6.378047209400457274e-02 -1.775064970748837373e-02
-1.192118363065091530e-01 3.432029334611701871e-02 5.960684489800213010e-02 -1.716037955437067081e-02
-1.116449438172649328e-01 3.321317507612821240e-02 5.582356290561271694e-02 -1.660677634331927249e-02
-1.047760525681911276e-01 3.217519565033696155e-02 5.238888172599048820e-02 -1.608773155592024134e-02
-9.852222348687501852e-02 3.120018884559113553e-02 4.926199976285074167e-02 -1.560020276052789118e-02
-9.281257258573473445e-02 3.028252796536784128e-02 4.640723830094151819e-02 -1.514150765033872581e-02
-8.758414639496900356e-02 2.941722955083481486e-02 4.379258702790781582e-02 -1.470868715241463974e-02
-8.278611342229273695e-02 2.860015562643507259e-02 4.139385516918148850e-02 -1.430016904900755642e-02
-7.837161578124914041e-02 2.782709356538120085e-02 3.918624941469316808e-02 -1.391365049890428730e-02
-7.430083678129159597e-02 2.709485576151795388e-02 3.715072903319299041e-02 -1.354753620657875475e-02
-7.053949305996357055e-02 2.640003961818313677e-02 3.527003576454251083e-02 -1.320009250892540537e-02
-6.705656002231968893e-02 2.574009552985823818e-02 3.352870123344739439e-02 -1.287009881480020816e-02
-6.382502718098180539e-02 2.511226904013724032e-02 3.191263081115786743e-02 -1.255612883905689835e-02
-6.082194977480837039e-02 2.451434710552736693e-02 3.041109634137696693e-02 -1.225716474351818373e-02
-5.802594726856208363e-02 2.394427651145073985e-02 2.901311789450880529e-02 -1.197216122355056200e-02
-5.541864141254407294e-02 2.340002369737968074e-02 2.770959263268566938e-02 -1.170002721087600936e-02
-5.298273520172695067e-02 2.288004935636495096e-02 2.649152142711636362e-02 -1.144001343128853328e-02
-5.070439126583304451e-02 2.238264286982583409e-02 2.535239139987851414e-02 -1.119137249508901123e-02
-4.856951466203059120e-02 2.190643796589879580e-02 2.428489393294518128e-02 -1.095322208390402466e-02
-4.656720681892680819e-02 2.145001094122833685e-02 2.328388877619015640e-02 -1.072505537556520290e-02
-4.468564256009261576e-02 2.101227469438714940e-02 2.234301550371143447e-02 -1.050611846112407821e-02
-4.291621182375768978e-02 2.059202195848485253e-02 2.145828859084441056e-02 -1.029604751012332987e-02
-4.124952336507072687e-02 2.018827523510998215e-02 2.062486063340617307e-02 -1.009412910782849469e-02
-3.967824967666404301e-02 1.980003453836227251e-02 1.983920297441587113e-02 -9.900008700952802818e-03
-3.819506984154994594e-02 1.942644465395336126e-02 1.909760653468664873e-02 -9.713204720823591376e-03
-3.679353610194976282e-02 1.906671656115431837e-02 1.839683110223352958e-02 -9.533365103919493044e-03
-3.546779764725482148e-02 1.872006036671108875e-02 1.773398060072966034e-02 -9.360061551377831662e-03
-3.421226001867184313e-02 1.838577303828642720e-02 1.710614587755564242e-02 -9.192873424539968127e-03
-3.302249596212367827e-02 1.806316178683724932e-02 1.651129675011507938e-02 -9.031572668025310280e-03
-3.189362352797405625e-02 1.775174771356797729e-02 1.594692344100450201e-02 -8.875858443906783218e-03
-1.274741150652246580e-01 3.483504525747681962e-02 6.373557583014800854e-02 -1.741719833977385321e-02
-1.191212779225961499e-01 3.367428973303037559e-02 5.956249544478861568e-02 -1.683740822542630078e-02
-1.115594109111933130e-01 3.258794504498693095e-02 5.578063658894447802e-02 -1.629421961254982551e-02
-1.046963586308539557e-01 3.156958834179960510e-02 5.234934075019607308e-02 -1.578510614284367453e-02
-9.844688730064697635e-02 3.061288816826597189e-02 4.922429778641391335e-02 -1.530665551924450390e-02
-9.274104716970058004e-02 2.971251206775953058e-02 4.637145991448315269e-02 -1.485641750507595178e-02
-8.751701407539948241e-02 2.886357774889184921e-02 4.375932591213423095e-02 -1.443187618109186172e-02
-8.272256217371570797e-02 2.806183549198881799e-02 4.136206541395996694e-02 -1.403104955857451507e-02
-7.831096465638180681e-02 2.730331686523142579e-02 3.915558445872220628e-02 -1.365173491572986217e-02
-7.424379944160001965e-02 2.658482685005271809e-02 3.712237090805604184e-02 -1.329245338118657631e-02
-7.048511632020411366e-02 2.590312237503806028e-02 3.524283351900836525e-02 -1.295157725339014972e-02
-6.700523342672973226e-02 2.525554420071700681e-02 3.350300536347992214e-02 -1.262786327229695020e-02
-6.377660629782024027e-02 2.463955247600623302e-02 3.188868829743586597e-02 -1.231988054374728338e-02
-6.077538814575985521e-02 2.405291124347882017e-02 3.038788251078440236e-02 -1.202648457872357995e-02
-5.798148144661720294e-02 2.349353751777100152e-02 2.899087544148557308e-02 -1.174680652765649341e-02
-5.537599449265881435e-02 2.295957349670383132e-02 2.768814087029929094e-02 -1.147983423832263025e-02
-5.294205749020977625e-02 2.244937896414207074e-02 2.647109156389999829e-02 -1.122473058338406202e-02
-5.066530063381088217e-02 2.196133520615738133e-02 2.533275314138795642e-02 -1.098069815547195877e-02
-4.853218877635364498e-02 2.149409275909973729e-02 2.426622736569675892e-02 -1.074704469968917192e-02
-4.653134071448528086e-02 2.104622149513591528e-02 2.326586773060605740e-02 -1.052312191957168429e-02
-4.465114204500575390e-02 2.061678012181174247e-02 2.232561688948628623e-02 -1.030837985127136883e-02
-4.288304085421972695e-02 2.020440433623902840e-02 2.144156828730594058e-02 -1.010219130535051045e-02
-4.121789796376372494e-02 1.980825302775580249e-02 2.060902416362033265e-02 -9.904143681589034146e-03
-3.964787293337911772e-02 1.942730258049655406e-02 1.982401612055221737e-02 -9.713659946878413706e-03
-3.816580643676124179e-02 1.906078261403724994e-02 1.908302847242444866e-02 -9.530389319178912688e-03
-3.676533737603433077e-02 1.870779121904660863e-02 1.838279417890304607e-02 -9.353872350917927583e-03
-3.544049792446218872e-02 1.836766754873002394e-02 1.772026294589488030e-02 -9.183847833062091723e-03
-3.418604166739033084e-02 1.803965993927610437e-02 1.709301591568675519e-02 -9.019826409581245541e-03
-3.299706237226426170e-02 1.772317565271782497e-02 1.649855793338932813e-02 -8.861572688854506274e-03
-3.186907849104177182e-02 1.741757923510245040e-02 1.593454268997527082e-02 -8.708784075222970877e-03
-1.273576394019952929e-01 3.418802379320010770e-02 6.365656276993926499e-02 -1.708989139805551158e-02
-1.190359387624372600e-01 3.305186730474203582e-02 5.952086994546640364e-02 -1.652643377069335298e-02
-1.114783338340410573e-01 3.198541422508965892e-02 5.574029512397640079e-02 -1.599288393305283926e-02
-1.046205308970680342e-01 3.098585521828400163e-02 5.231157867630822911e-02 -1.549322961028562831e-02
-9.837526442686705952e-02 3.004689361241928355e-02 4.918845083368960508e-02 -1.502365378791776715e-02
-9.267414533211781880e-02 2.916321463440708570e-02 4.633848133792232288e-02 -1.458183653850377189e-02
-8.745382350658090220e-02 2.832988832603306611e-02 4.372767288250271195e-02 -1.416516254736735134e-02
-8.266231843727320228e-02 2.754295080429665366e-02 4.133183387919117657e-02 -1.377155503513818359e-02
-7.825439602374659187e-02 2.679851232913372377e-02 3.912770476478086290e-02 -1.339932109551417519e-02
-7.418985308579434390e-02 2.609329082205939787e-02 3.709536671553001486e-02 -1.304669540480093114e-02
-7.043416950783390473e-02 2.542423078352050100e-02 3.521757611382136249e-02 -1.271219047089236671e-02
-6.695635938273573895e-02 2.478854110220204965e-02 3.347844673152838846e-02 -1.239428947737047058e-02
-6.373014837660981313e-02 2.418399738046391606e-02 3.186553675228583765e-02 -1.209203778059952765e-02
-6.073175113542279846e-02 2.360816137668688558e-02 3.036632321475610588e-02 -1.180418788771781316e-02
-5.793946786944599581e-02 2.305917409120126702e-02 2.897002958621336041e-02 -1.152962192190922462e-02
-5.533572887578790123e-02 2.253505658483142410e-02 2.766805693636247704e-02 -1.126753208583328170e-02
-5.290363497712878560e-02 2.203425664416877594e-02 2.645198120031471561e-02 -1.101709635778978791e-02
-5.062853603310555478e-02 2.155527904917392198e-02 2.531446309077867857e-02 -1.077764463333222809e-02
-4.849706252772377491e-02 2.109664472435059460e-02 2.424870342474841345e-02 -1.054832854731629563e-02
-4.649756873496861675e-02 2.065708335549765184e-02 2.324894910694797270e-02 -1.032857751835133606e-02
-4.461883365951149066e-02 2.023555513703241895e-02 2.230945964014717162e-02 -1.011779833128200606e-02
-4.285191861810388331e-02 1.983083519758436358e-02 2.142605443587524555e-02 -9.915398705646052621e-03
-4.118782422657519399e-02 1.944202730710873489e-02 2.059392685662974481e-02 -9.721014653326974161e-03
-3.961897224741275231e-02 1.906814421119798833e-02 1.980955064041906022e-02 -9.534081424750576531e-03
-3.813807133300276681e-02 1.870833471102217871e-02 1.906907385282788012e-02 -9.354181150171440862e-03
-3.673873273333586043e-02 1.836187615647101243e-02 1.836952130890144932e-02 -9.180936178946979415e-03
-3.541483174783306709e-02 1.802803006854809820e-02 1.770745217772786914e-02 -9.014030455648320422e-03
-3.416124411240670233e-02 1.770611550718455274e-02 1.708068115242549617e-02 -8.853039368392684461e-03
-3.297316399639152462e-02 1.739547471821462424e-02 1.648661416213599920e-02 -8.697750762145524395e-03
-3.184591176522718475e-02 1.709554707005963431e-02 1.592299340285827092e-02 -8.547750472483539932e-03
-1.272072063805374520e-01 3.355864346471375964e-02 6.352720542160279760e-02 -1.676461161524891649e-02
-1.189552662714866982e-01 3.245146356568290313e-02 5.948099205389111022e-02 -1.622647730387184392e-02
-1.114016514756582393e-01 3.140427671460924164e-02 5.570180135192887710e-02 -1.570229136617974294e-02
-1.045485365108974468e-01 3.042295375529466619e-02 5.227578063715224155e-02 -1.521171621911374464e-02
-9.830911658022122024e-02 2.950112632516536243e-02 4.915643187895801097e-02 -1.475099984155196602e-02
-9.261014693045156732e-02 2.863325056488804504e-02 4.630584756419482695e-02 -1.431681119505510795e-02
-8.739303789320376770e-02 2.781517030175553393e-02 4.369697865849844071e-02 -1.390763638850968549e-02
-8.260666918264546188e-02 2.704257788306302715e-02 4.130459049570334856e-02 -1.352157531742242957e-02
-7.820148703979619420e-02 2.631166017349530553e-02 3.910183713119568666e-02 -1.315600086799782395e-02
-7.413967541440961984e-02 2.561925658752453247e-02 3.707071276791867181e-02 -1.280982522655409357e-02
-7.038549319348191835e-02 2.496231775937677450e-02 3.519302624691669074e-02 -1.248119066890760777e-02
-6.691057895760307850e-02 2.433821546355292853e-02 3.345565985221288230e-02 -1.216919435917533827e-02
-6.368642218430484170e-02 2.374458708607979709e-02 3.184354036042840591e-02 -1.187236203543458324e-02
-6.068971915932944855e-02 2.317925359949173092e-02 3.034510104654221038e-02 -1.158968872122439694e-02
-5.790001871927628191e-02 2.264024128977963624e-02 2.895058049458676050e-02 -1.132018610830303439e-02
-5.529801664205506034e-02 2.212566380540384806e-02 2.764942905344127538e-02 -1.106288371862583150e-02
-5.286745885907388059e-02 2.163394987110205114e-02 2.643387262824255929e-02 -1.081702841509034688e-02
-5.059369323663868989e-02 2.116364178815360181e-02 2.529688618836572686e-02 -1.058183904779835989e-02
-4.846368443960719086e-02 2.071336832352010243e-02 2.423201244160801821e-02 -1.035666487129506715e-02
-4.646539086068971619e-02 2.028182727189418305e-02 2.323280625661278131e-02 -1.014090230707630040e-02
-4.458816175429541201e-02 1.986790734192137725e-02 2.229417676293492245e-02 -9.933926116903669945e-03
-4.282254545100904614e-02 1.947053749998801236e-02 2.141137121745505245e-02 -9.735262362745456671e-03
-4.115971184129899041e-02 1.908875040606203277e-02 2.057995666207851349e-02 -9.544362840088572303e-03
-3.959201189701117701e-02 1.872167413332223931e-02 1.979616787630311334e-02 -9.360878819133167106e-03
-3.811191088695723567e-02 1.836842261791574865e-02 1.905599233227859082e-02 -9.184220623353455543e-03
-3.671356390871331060e-02 1.802825618190597237e-02 1.835690805538543052e-02 -9.014149585089592173e-03
-3.539048237873845815e-02 1.770053220460065385e-02 1.769531977184579663e-02 -8.850278835836174196e-03
-3.413787333612417624e-02 1.738442856685849802e-02 1.706905818192267985e-02 -8.692207155311090783e-03
-3.295054392566094947e-02 1.707942776556658701e-02 1.647536110998112577e-02 -8.539702319548158477e-03
-3.182402012425016719e-02 1.678495862000254843e-02 1.591201429975883097e-02 -8.392465490605249129e-03
-1.270849794153732504e-01 3.295517395653656950e-02 6.343699961411157495e-02 -1.645612774739282913e-02
-1.188771264543392464e-01 3.187192759540976444e-02 5.944133686376017883e-02 -1.593656964495842113e-02
-1.113307186851669878e-01 3.084372271840770535e-02 5.566769335446444811e-02 -1.542226796979430554e-02
-1.044827229680094227e-01 2.988000294071497739e-02 5.224449878838048622e-02 -1.494069182992686755e-02
-9.824387144746406231e-02 2.897419407942802144e-02 4.912290940315183069e-02 -1.448724950000628182e-02
-9.255048365588953996e-02 2.812211532027331443e-02 4.627681933584833207e-02 -1.406131445837070955e-02
-8.733666980571284932e-02 2.731851975418555720e-02 4.366891136487852793e-02 -1.365945009318870682e-02
-8.255231367219521832e-02 2.655973090040958731e-02 4.127718471232237618e-02 -1.328004552540287472e-02
-7.814996653493651302e-02 2.584174173572200556e-02 3.907536507111953467e-02 -1.292096633159339931e-02
-7.409049961787810001e-02 2.516171431805484457e-02 3.704549822737793902e-02 -1.258085674316174879e-02
-7.034006544994057808e-02 2.451658639077938101e-02 3.517059362279997131e-02 -1.225835214641613630e-02
-6.686717767499229803e-02 2.390365419742233183e-02 3.343422276540879146e-02 -1.195188638764448953e-02
-6.364448995999957837e-02 2.332061831664326498e-02 3.182233597305424849e-02 -1.166029393012180636e-02
-6.065017353820079116e-02 2.276537071504143930e-02 3.032537171989566072e-02 -1.138271292180893443e-02
-5.786238901834718507e-02 2.223592618546901822e-02 2.893173824785527995e-02 -1.111800467917284374e-02
-5.526173819378952384e-02 2.173057960245296238e-02 2.763105898286513998e-02 -1.086530490955860996e-02
-5.283299356444727535e-02 2.124765450486115759e-02 2.641659821986370310e-02 -1.062386993770008357e-02
-5.056098431207108057e-02 2.078573063074726224e-02 2.528076069564495418e-02 -1.039286216482639309e-02
-4.843243028263390093e-02 2.034349614426709738e-02 2.421644479084126764e-02 -1.017181064637288739e-02
-4.643536071558714701e-02 1.991967833796845153e-02 2.321784206837909648e-02 -9.959899163496618510e-03
-4.455926354258648442e-02 1.951312450113810992e-02 2.227977851242630980e-02 -9.756542277083146350e-03
-4.279460940373202432e-02 1.912290866291776678e-02 2.139737832405195703e-02 -9.561462893240557648e-03
-4.113291397146157796e-02 1.874791126502823105e-02 2.056658199028484069e-02 -9.373933728139018789e-03
-3.956612114833726185e-02 1.838738430959504372e-02 1.978320855721852484e-02 -9.193681777593602777e-03
-3.808707214527950330e-02 1.804046615366582812e-02 1.904361251365032162e-02 -9.020232936524501602e-03
-3.668958643089330340e-02 1.770637879159573866e-02 1.834490073989753639e-02 -8.853210246924829788e-03
-3.536746201670634693e-02 1.738444790547709687e-02 1.768379853439755456e-02 -8.692222082837260805e-03
-3.411567881701155214e-02 1.707400419881072856e-02 1.705791071869995276e-02 -8.537022359952082043e-03
-3.292914151559174496e-02 1.677445328113398929e-02 1.646462877303457584e-02 -8.387247220701473174e-03
-3.180338822297164303e-02 1.648523745439694349e-02 1.590171724307721038e-02 -8.242626323262587998e-03
-1.269678053260311912e-01 3.236982389050548775e-02 6.333865358658272160e-02 -1.615726836004422254e-02
-1.188058541230718745e-01 3.131268313458754338e-02 5.940738612916041106e-02 -1.565728395942758699e-02
-1.112581557900190338e-01 3.030169545404317114e-02 5.562786581101093059e-02 -1.515056444995944995e-02
-1.044175762412817010e-01 2.935532366980852029e-02 5.221118404816976755e-02 -1.467819705053176847e-02
-9.818354532427799042e-02 2.846560872113923849e-02 4.909280636372832796e-02 -1.423305637567798612e-02
-9.249305201363028361e-02 2.762831683355135987e-02 4.624746460764550537e-02 -1.381436912872187513e-02
-8.728300236036354298e-02 2.683898601981188695e-02 4.364228847789978355e-02 -1.341970330289725226e-02
-8.250166744265513552e-02 2.609342080410638823e-02 4.125173329659737737e-02 -1.304694816477861875e-02
-7.810195985128781659e-02 2.538813780316310706e-02 3.905155156467838423e-02 -1.269419699038958765e-02
-7.404510250546450512e-02 2.472003147192433983e-02 3.702286850516279398e-02 -1.236011177855181678e-02
-7.029676296789652556e-02 2.408619049516912483e-02 3.514881271477807156e-02 -1.204320662202605294e-02
-6.682589700336813432e-02 2.348401944956085910e-02 3.341353189271852042e-02 -1.174205230609899966e-02
-6.360595045082700905e-02 2.291122404951524000e-02 3.180340401002418327e-02 -1.145572341815524753e-02
-6.061294155566551017e-02 2.236570156758511604e-02 3.030684837342472251e-02 -1.118287330929319985e-02
-5.782622851191826507e-02 2.184557199317413781e-02 2.891327126840486858e-02 -1.092277790572837061e-02
-5.522778690892703873e-02 2.134906086171298872e-02 2.761402923427759559e-02 -1.067456909958657170e-02
-5.280060040146508649e-02 2.087462813266283829e-02 2.640046761925141788e-02 -1.043737185363388144e-02
-5.053002132118575990e-02 2.042083751462176952e-02 2.526527772310330905e-02 -1.021049738089649210e-02
-4.840259418626523952e-02 1.998633144095417549e-02 2.420154198324945063e-02 -9.993189539611495656e-03
-4.640641739304574714e-02 1.956997436067195797e-02 2.320320636997870792e-02 -9.784959842889594250e-03
-4.453164746604313523e-02 1.917058457791144879e-02 2.226585691975226100e-02 -9.585265713737156981e-03
-4.276842144688696584e-02 1.878719013873030030e-02 2.138436034497844321e-02 -9.393636037800894706e-03
-4.110754660861640208e-02 1.841879759630118615e-02 2.055382016864952532e-02 -9.209409733998929343e-03
-3.954183723704133430e-02 1.806457804716829832e-02 1.977105928658777489e-02 -9.032312441819984050e-03
-3.806364729343963277e-02 1.772373589452521520e-02 1.903186467386432101e-02 -8.861876569407550058e-03
-3.666700788299648295e-02 1.739550519560895819e-02 1.833357665043190698e-02 -8.697766710512287031e-03
-3.534576339714373683e-02 1.707924606423414163e-02 1.767295052427011667e-02 -8.539650266371483223e-03
-3.409465398294346528e-02 1.677424805611623174e-02 1.704742571883437544e-02 -8.387106707794722213e-03
-3.290882720756557051e-02 1.647998246624758981e-02 1.645445173279231482e-02 -8.240014483458877464e-03
-3.178393796012973782e-02 1.619580345031589041e-02 1.589206256329753555e-02 -8.097914028746839438e-03
-1.094003358138690152e-01 2.987093723091110986e-02 3.997114173473602372e-02 -1.221490136061628186e-02
-1.187261514721113381e-01 3.077076061745128918e-02 5.935860734614020057e-02 -1.538458077017221086e-02
-1.111933110361763843e-01 2.977862489089060788e-02 5.559532052999840990e-02 -1.488915128487268945e-02
-1.043567649283954624e-01 2.884862880293690562e-02 5.218098894964822571e-02 -1.442491258096106899e-02
-9.812584714909305950e-02 2.797414784608439481e-02 4.906365011688752775e-02 -1.398726515136495055e-02
-9.243905511507449768e-02 2.715144378636104999e-02 4.622078825062068269e-02 -1.357592890218381823e-02
-8.723194171415508957e-02 2.637568030482432060e-02 4.361694300777323868e-02 -1.318799436418488513e-02
-8.245262058007846173e-02 2.564297120506175975e-02 4.122689300101647913e-02 -1.282156024964500179e-02
-7.805603416696260677e-02 2.494987909868457213e-02 3.902853202287299289e-02 -1.247501310327412023e-02
-7.400183572753273042e-02 2.429329892801081192e-02 3.700136936012797528e-02 -1.214671503435904576e-02
-7.025577085986865755e-02 2.367038202416294618e-02 3.512842552815426123e-02 -1.183529052444673435e-02
-6.678719245703541862e-02 2.307866599351874465e-02 3.339435811061856191e-02 -1.153949205275474864e-02
-6.356865530520723617e-02 2.251571756415598688e-02 3.178470310233491580e-02 -1.125795753897244900e-02
-6.057758495644132574e-02 2.197955847840632124e-02 3.028913673368871864e-02 -1.098979957911390935e-02
-5.779265687032079241e-02 2.146848813390181063e-02 2.889671508908246353e-02 -1.073427448285464020e-02
-5.519569102742730854e-02 2.098058925412485398e-02 2.759830030599696657e-02 -1.049035980473409305e-02
-5.276975813345719662e-02 2.051433358979718943e-02 2.638518088437833212e-02 -1.025724424174145194e-02
-5.050026820947788736e-02 2.006831010788469663e-02 2.525024881967477888e-02 -1.003420522286178895e-02
-4.837418388472518316e-02 1.964133586130081127e-02 2.418725528643967185e-02 -9.820706560623636283e-03
-4.637953240106006819e-02 1.923213628121430221e-02 2.318996131412150163e-02 -9.616060283117519938e-03
-4.450577064357816304e-02 1.883963492195589104e-02 2.225293708215499502e-02 -9.419844336030153489e-03
-4.274348181321858953e-02 1.846286858851067803e-02 2.137199124110646109e-02 -9.231459792909509771e-03
-4.108364509558835170e-02 1.810083572322320963e-02 2.054202022009853426e-02 -9.050421432867314375e-03
-3.951858992586399638e-02 1.775270452193562429e-02 1.975936499338544830e-02 -8.876322888190200933e-03
-3.804148777059924297e-02 1.741777692578740447e-02 1.902084313759241224e-02 -8.708919490420121909e-03
-3.664552344754629098e-02 1.709521569405816552e-02 1.832287284504584626e-02 -8.547589140196664576e-03
-3.532508654358260808e-02 1.678439977330062685e-02 1.766267393605313457e-02 -8.392182701338178272e-03
-3.407466903663898539e-02 1.648466718792232499e-02 1.703739389493746231e-02 -8.242303060873590326e-03
-3.288952373612628183e-02 1.619547849080483354e-02 1.644476371035204221e-02 -8.097737885498850277e-03
-3.176518969931847736e-02 1.591625431365060669e-02 1.588265344509954755e-02 -7.958110077841388727e-03
-1.132317292531833802e-01 2.967176916469992098e-02 4.499517285549311379e-02 -1.267186611287598845e-02
-1.186618096813377154e-01 3.024857097066870060e-02 5.932835540438452515e-02 -1.512371119455856519e-02
-1.111307436644908969e-01 2.927294728767696266e-02 5.556380283661310759e-02 -1.463611942228465988e-02
-1.042964651806803644e-01 2.835852671520003657e-02 5.214915206400716485e-02 -1.417941255196170265e-02
-9.807285510677432594e-02 2.749939959033630490e-02 4.903872965728631184e-02 -1.375011805114269639e-02
-9.238863861581941839e-02 2.669045705263603865e-02 4.619608547343001526e-02 -1.334559903420323539e-02
-8.718054393503765764e-02 2.592735561902942409e-02 4.358840818294098390e-02 -1.296332652541856874e-02
-8.240705715020092692e-02 2.520750257182099996e-02 4.120417476562518444e-02 -1.260382418028031977e-02
-7.801369191788247448e-02 2.452628259620842979e-02 3.900799071932495310e-02 -1.226338716093565255e-02
-7.396067293641316043e-02 2.388082885217400128e-02 3.698084655478871968e-02 -1.194046653660725890e-02
-7.021691750222153194e-02 2.326848916959338084e-02 3.510907827910436652e-02 -1.163440024534839919e-02
-6.674972586080363257e-02 2.268673560265831168e-02 3.337520919830330723e-02 -1.134348220851453572e-02
-6.353329202356722272e-02 2.213341507992355739e-02 3.176709886695653490e-02 -1.106676845687095539e-02
-6.054376526510240469e-02 2.160641943523549519e-02 3.027219099092151242e-02 -1.080325028557575610e-02
-5.776071421603463235e-02 2.110391563870005205e-02 2.888072553702844894e-02 -1.055201367841043271e-02
-5.516512365840273158e-02 2.062431654406509177e-02 2.758304312243793979e-02 -1.031222194906446926e-02
-5.274042058550792306e-02 2.016596592716170949e-02 2.637042198924012884e-02 -1.008304694147727464e-02
-5.047212976675845980e-02 1.972758648883293081e-02 2.523627892097359687e-02 -9.863800344025759961e-03
-4.834735499378020607e-02 1.930783326919811166e-02 2.417394398158785596e-02 -9.653933277549141614e-03
-4.635395326503071595e-02 1.890558538495177091e-02 2.317721590636088319e-02 -9.452851219914997632e-03
-4.448097459455826325e-02 1.851975548224664425e-02 2.224057050270574279e-02 -9.259873149131724393e-03
-4.271987024886213929e-02 1.814933109282945364e-02 2.136020104673495151e-02 -9.074700291243411113e-03
-4.106075903134964733e-02 1.779348479033725575e-02 2.053054434323226332e-02 -8.896729683624824206e-03
-3.949634044619424605e-02 1.745132801097353317e-02 1.974807357210798045e-02 -8.725636738252459321e-03
-3.802030066207304909e-02 1.712201898842089648e-02 1.901020880504938892e-02 -8.561025885190266457e-03
-3.662514458983708032e-02 1.680495592996692975e-02 1.831265892557499414e-02 -8.402474344750705468e-03
-3.530556598515312977e-02 1.649937696115834698e-02 1.765289958097005646e-02 -8.249700916250747584e-03
-3.405592252552434168e-02 1.620473918596659901e-02 1.702808328033568463e-02 -8.102376697642538900e-03
-3.287133963501908535e-02 1.592046334970111804e-02 1.643573886981536045e-02 -7.960220743732248153e-03
-3.174760850169364157e-02 1.564598534844461805e-02 1.587388204501116382e-02 -7.822984873866045338e-03
-1.268245356358918552e-01 3.075643484311785941e-02 6.332582257512701929e-02 -1.536239748435447479e-02
-1.186064157970319055e-01 2.974400811561233801e-02 5.930622596888641268e-02 -1.487263802226775934e-02
-1.110769931320870207e-01 2.878438567253641459e-02 5.554061186687758028e-02 -1.439264013167282016e-02
-1.042425826447194309e-01 2.788494880706934159e-02 5.212327972956441735e-02 -1.394282420715981137e-02
-9.802257947546350048e-02 2.704013452652368962e-02 4.901476898372129215e-02 -1.352070339634172530e-02
-9.234104252038424776e-02 2.624469853643192699e-02 4.617318909666193183e-02 -1.312292030328002929e-02
-8.713793044679897515e-02 2.549462102623929749e-02 4.356990023151773028e-02 -1.274755208428108612e-02
-8.236365458773214909e-02 2.478636694128569240e-02 4.118241602239998411e-02 -1.239327966325059691e-02
-7.797372926634008050e-02 2.411668256791465667e-02 3.898894642441622094e-02 -1.205880423244131555e-02
-7.392253849216151584e-02 2.348194221570008497e-02 3.696241882185926503e-02 -1.174117230614021845e-02
-7.018025415729439720e-02 2.287977783305425797e-02 3.509110226668774729e-02 -1.144006535971291844e-02
-6.671482353857566272e-02 2.230779353077746302e-02 3.335816522901390718e-02 -1.115404204749363345e-02
-6.349966151859447183e-02 2.176360437013129603e-02 3.175005858596485764e-02 -1.088185483865552507e-02
-6.051209985121366181e-02 2.124546102525414967e-02 3.025657544038539565e-02 -1.062279275493201863e-02
-5.773004923376560960e-02 2.075138156742825646e-02 2.886531154797648824e-02 -1.037573524160759209e-02
-5.513611190431319531e-02 2.027974617330822321e-02 2.756860496485899481e-02 -1.013992681446046658e-02
-5.271248790842802262e-02 1.982905956125036520e-02 2.635645628185006792e-02 -9.914539160094649334e-03
-5.044544733866175579e-02 1.939798280632102842e-02 2.522277079699692531e-02 -9.699010724936360170e-03
-4.832171060817124636e-02 1.898526692679602598e-02 2.416093820302081530e-02 -9.492661140322876043e-03
-4.632940555524889953e-02 1.858972523423634005e-02 2.316488343842900213e-02 -9.294884934113099156e-03
-4.445786313421132979e-02 1.821030874335375846e-02 2.222920624255300334e-02 -9.105165769761868963e-03
-4.269712515908409556e-02 1.784614172831656617e-02 2.134866658895123726e-02 -8.923101019058864852e-03
-4.103909195278839656e-02 1.749621778054645527e-02 2.051962008717390581e-02 -8.748127449566229369e-03
-3.947592344808003445e-02 1.715976027086911146e-02 1.973816688112259299e-02 -8.579882823222959032e-03
-3.800031633077270710e-02 1.683600105776901501e-02 1.900030130914237905e-02 -8.418036473174312501e-03
-3.660600470583952326e-02 1.652417243736392649e-02 1.830314932734708466e-02 -8.262101750681581994e-03
-3.528699899681790597e-02 1.622375390101443715e-02 1.764368049084044307e-02 -8.111904278366307078e-03
-3.403785660878618641e-02 1.593405240589385388e-02 1.701905134415952411e-02 -7.967016489451297576e-03
-3.285411670755423313e-02 1.565450439793523649e-02 1.642718246105589336e-02 -7.827283208865182945e-03
-3.173091974204671206e-02 1.538459199912525430e-02 1.586553641901747649e-02 -7.692309595714168571e-03
