2.461523056030273438e+00
2.441181421279907227e+00
2.649123907089233398e+00
2.573731899261474609e+00
2.525654792785644531e+00
2.597142457962036133e+00
2.414459943771362305e+00
2.453496932983398438e+00
2.445185661315917969e+00
2.455478429794311523e+00
2.431464195251464844e+00
2.492874860763549805e+00
2.520933628082275391e+00
2.483352184295654297e+00
2.419268608093261719e+00
2.532206058502197266e+00
2.502369642257690430e+00
2.532992124557495117e+00
2.526301622390747070e+00
2.446821212768554688e+00
2.361490249633789062e+00
2.532045841217041016e+00
2.539973974227905273e+00
2.391011238098144531e+00
2.496883392333984375e+00
2.584963560104370117e+00
2.552334785461425781e+00
2.558331012725830078e+00
2.444247722625732422e+00
2.418040513992309570e+00
2.485254526138305664e+00
2.532277345657348633e+00
2.483361244201660156e+00
2.463044166564941406e+00
2.491678953170776367e+00
2.517872810363769531e+00
2.514314889907836914e+00
2.589825391769409180e+00
2.486078023910522461e+00
2.444480657577514648e+00
2.454785585403442383e+00
2.487271070480346680e+00
2.591829299926757812e+00
2.416212558746337891e+00
2.377155780792236328e+00
2.484827041625976562e+00
2.501086950302124023e+00
2.463569402694702148e+00
2.528353214263916016e+00
2.552243232727050781e+00
2.493798017501831055e+00
2.578253030776977539e+00
2.458914518356323242e+00
2.487284183502197266e+00
2.602995157241821289e+00
2.417660474777221680e+00
2.527118206024169922e+00
2.498009204864501953e+00
2.552829980850219727e+00
2.518417358398437500e+00
2.476431369781494141e+00
2.456270217895507812e+00
2.384863853454589844e+00
2.465855121612548828e+00
2.596141338348388672e+00
2.526071071624755859e+00
2.447381258010864258e+00
2.497830390930175781e+00
2.482537031173706055e+00
2.480932235717773438e+00
2.493547916412353516e+00
2.384083986282348633e+00
2.487164258956909180e+00
2.516373157501220703e+00
2.503373146057128906e+00
2.433645725250244141e+00
2.545570850372314453e+00
2.501841545104980469e+00
2.554419755935668945e+00
2.467383146286010742e+00
2.560665369033813477e+00
2.529750347137451172e+00
2.359407901763916016e+00
2.403567314147949219e+00
2.457598924636840820e+00
2.497962236404418945e+00
2.539381027221679688e+00
2.556325674057006836e+00
2.622669696807861328e+00
2.616217136383056641e+00
2.322206020355224609e+00
2.521085262298583984e+00
2.662033081054687500e+00
2.534616947174072266e+00
3.087138414382934570e+00
2.756233692169189453e+00
2.637629508972167969e+00
2.531388521194458008e+00
2.565735578536987305e+00
2.595611333847045898e+00
2.645861148834228516e+00
2.442763805389404297e+00
2.574822902679443359e+00
2.552187919616699219e+00
2.615958213806152344e+00
2.581115484237670898e+00
2.587940692901611328e+00
2.404141426086425781e+00
2.555461883544921875e+00
2.567563295364379883e+00
2.473590373992919922e+00
2.673197984695434570e+00
2.423336029052734375e+00
2.512465715408325195e+00
2.543420314788818359e+00
2.649028778076171875e+00
2.499640464782714844e+00
2.560154199600219727e+00
2.520728826522827148e+00
2.504648685455322266e+00
2.508887052536010742e+00
2.569848060607910156e+00
2.499098062515258789e+00
2.519554376602172852e+00
2.660863161087036133e+00
2.384409427642822266e+00
2.371108770370483398e+00
2.593652009963989258e+00
2.457469224929809570e+00
2.504415988922119141e+00
2.511623859405517578e+00
2.536118507385253906e+00
2.723511934280395508e+00
2.502130508422851562e+00
2.506212234497070312e+00
2.478579044342041016e+00
2.674344539642333984e+00
2.542901039123535156e+00
2.574779748916625977e+00
2.488709926605224609e+00
2.502532720565795898e+00
2.462482929229736328e+00
2.499361038208007812e+00
2.504042863845825195e+00
2.585089683532714844e+00
2.458780288696289062e+00
2.528171062469482422e+00
2.527881622314453125e+00
2.526744842529296875e+00
2.522927761077880859e+00
2.590989112854003906e+00
2.485996007919311523e+00
2.515803098678588867e+00
2.413274765014648438e+00
2.508831977844238281e+00
2.558815002441406250e+00
2.557383537292480469e+00
2.528353929519653320e+00
2.487043142318725586e+00
2.492601156234741211e+00
2.526803493499755859e+00
2.467391490936279297e+00
2.619170427322387695e+00
2.565578222274780273e+00
2.531553506851196289e+00
2.537179708480834961e+00
2.373876571655273438e+00
2.504826068878173828e+00
2.525170803070068359e+00
2.565411567687988281e+00
2.501165151596069336e+00
2.623080015182495117e+00
2.546214818954467773e+00
2.520601511001586914e+00
2.435230731964111328e+00
2.537447929382324219e+00
2.572596073150634766e+00
2.569776296615600586e+00
2.530776977539062500e+00
2.524427890777587891e+00
2.583406448364257812e+00
2.559010744094848633e+00
2.521172523498535156e+00
2.492946147918701172e+00
2.381205081939697266e+00
2.496245622634887695e+00
2.568262577056884766e+00
2.470555067062377930e+00
2.473076105117797852e+00
2.393337249755859375e+00
2.527586221694946289e+00
2.591645956039428711e+00
2.660986900329589844e+00
2.432659149169921875e+00
2.395149946212768555e+00
2.399487257003784180e+00
2.560750007629394531e+00
2.474915027618408203e+00
2.382842779159545898e+00
2.552359580993652344e+00
2.412214279174804688e+00
2.535698413848876953e+00
2.478011846542358398e+00
2.556951999664306641e+00
2.388923406600952148e+00
2.535845041275024414e+00
2.540360450744628906e+00
2.357622861862182617e+00
2.536683559417724609e+00
2.502963781356811523e+00
2.438511610031127930e+00
2.489360570907592773e+00
2.519485950469970703e+00
2.576209068298339844e+00
2.462723493576049805e+00
2.387475013732910156e+00
2.543675661087036133e+00
2.491240739822387695e+00
2.629870414733886719e+00
2.583997011184692383e+00
2.492032527923583984e+00
2.357360601425170898e+00
2.559434175491333008e+00
2.516363859176635742e+00
2.531345844268798828e+00
2.618417739868164062e+00
2.527460336685180664e+00
2.610857009887695312e+00
2.471467018127441406e+00
2.476521015167236328e+00
2.485394001007080078e+00
2.439971446990966797e+00
2.337921142578125000e+00
2.550774097442626953e+00
2.509175300598144531e+00
2.600270748138427734e+00
2.543788433074951172e+00
2.619022846221923828e+00
2.634780645370483398e+00
2.494728326797485352e+00
2.637048959732055664e+00
2.465450286865234375e+00
2.521135568618774414e+00
2.505322456359863281e+00
2.521488904953002930e+00
2.524934768676757812e+00
2.546857833862304688e+00
2.365241765975952148e+00
2.484514236450195312e+00
2.518073558807373047e+00
2.305783510208129883e+00
2.547349691390991211e+00
2.499063968658447266e+00
2.464655876159667969e+00
2.539461374282836914e+00
2.340590476989746094e+00
2.574392557144165039e+00
2.517912149429321289e+00
2.585121631622314453e+00
2.608077049255371094e+00
2.494889736175537109e+00
2.579165458679199219e+00
2.488686323165893555e+00
2.543759822845458984e+00
2.557223558425903320e+00
2.604773998260498047e+00
2.502838850021362305e+00
2.554109334945678711e+00
2.325700759887695312e+00
2.597706317901611328e+00
2.530234098434448242e+00
2.561832427978515625e+00
2.644548416137695312e+00
2.587563514709472656e+00
2.509542226791381836e+00
2.441429853439331055e+00
2.425001382827758789e+00
2.429081439971923828e+00
2.532726049423217773e+00
2.435103654861450195e+00
2.422964811325073242e+00
2.358726024627685547e+00
2.494201421737670898e+00
2.362178802490234375e+00
2.532035112380981445e+00
2.474711894989013672e+00
2.507325887680053711e+00
2.560350894927978516e+00
2.696069002151489258e+00
2.460518836975097656e+00
2.459205627441406250e+00
2.424231052398681641e+00
2.436928033828735352e+00
2.542036533355712891e+00
2.477583646774291992e+00
2.541499614715576172e+00
2.566513538360595703e+00
2.484618425369262695e+00
2.366104841232299805e+00
2.426399946212768555e+00
2.615533590316772461e+00
2.545037746429443359e+00
2.536423444747924805e+00
2.400876045227050781e+00
2.507163047790527344e+00
2.519690752029418945e+00
2.544408082962036133e+00
2.530063629150390625e+00
2.569501161575317383e+00
2.425670623779296875e+00
2.488971948623657227e+00
2.419296026229858398e+00
2.502942085266113281e+00
2.577369689941406250e+00
2.466757535934448242e+00
2.450769186019897461e+00
2.498791933059692383e+00
2.525054931640625000e+00
2.348076105117797852e+00
2.491187334060668945e+00
2.491819620132446289e+00
2.575374364852905273e+00
2.385906219482421875e+00
2.512635231018066406e+00
2.552150011062622070e+00
2.442870855331420898e+00
2.450326919555664062e+00
2.524311542510986328e+00
2.412000179290771484e+00
2.505319118499755859e+00
2.493773937225341797e+00
2.443687677383422852e+00
2.396344900131225586e+00
2.571682214736938477e+00
2.362590789794921875e+00
2.457354784011840820e+00
2.540644407272338867e+00
2.481153011322021484e+00
2.488354206085205078e+00
2.497243881225585938e+00
2.336312532424926758e+00
2.443186998367309570e+00
2.462596416473388672e+00
2.407071113586425781e+00
2.481957674026489258e+00
2.537453651428222656e+00
2.419327497482299805e+00
2.416482925415039062e+00
2.512076377868652344e+00
2.513898134231567383e+00
2.520998477935791016e+00
2.513540267944335938e+00
2.488227367401123047e+00
2.477456569671630859e+00
2.540587902069091797e+00
2.340662479400634766e+00
2.525739908218383789e+00
2.619025707244873047e+00
2.481624126434326172e+00
2.456692695617675781e+00
2.553987026214599609e+00
2.536460638046264648e+00
2.433823108673095703e+00
2.439491748809814453e+00
2.446682453155517578e+00
2.573575735092163086e+00
2.503799676895141602e+00
2.522901535034179688e+00
2.463524818420410156e+00
2.461463451385498047e+00
2.506716966629028320e+00
2.342594861984252930e+00
2.548815250396728516e+00
2.515623807907104492e+00
2.511697769165039062e+00
2.477382898330688477e+00
2.460969686508178711e+00
2.542876482009887695e+00
2.333368539810180664e+00
2.535495996475219727e+00
2.375777721405029297e+00
2.550180912017822266e+00
2.550105333328247070e+00
2.543836832046508789e+00
2.546633243560791016e+00
2.545628786087036133e+00
2.421385288238525391e+00
2.583325862884521484e+00
2.422488212585449219e+00
2.531786680221557617e+00
2.546381711959838867e+00
2.511955738067626953e+00
2.459908723831176758e+00
2.572939634323120117e+00
2.484596729278564453e+00
2.489058971405029297e+00
2.535476446151733398e+00
2.369457006454467773e+00
2.593979358673095703e+00
2.510131120681762695e+00
2.590419530868530273e+00
2.410276889801025391e+00
2.479345321655273438e+00
2.387676715850830078e+00
2.436623334884643555e+00
2.509060621261596680e+00
2.567584276199340820e+00
2.469565153121948242e+00
2.516273021697998047e+00
2.502008199691772461e+00
2.568473339080810547e+00
2.329678058624267578e+00
2.498972415924072266e+00
2.466997623443603516e+00
2.461373090744018555e+00
2.501205205917358398e+00
2.469654083251953125e+00
2.501584053039550781e+00
2.525561571121215820e+00
2.390043497085571289e+00
2.569978237152099609e+00
2.459035634994506836e+00
2.511368274688720703e+00
2.486212491989135742e+00
2.397105455398559570e+00
2.490267038345336914e+00
2.436994791030883789e+00
2.629121780395507812e+00
2.533873796463012695e+00
2.440318822860717773e+00
2.371207714080810547e+00
2.404554843902587891e+00
2.515805482864379883e+00
2.558154106140136719e+00
2.495848894119262695e+00
2.392212867736816406e+00
2.532595634460449219e+00
2.546945095062255859e+00
2.360282659530639648e+00
2.531894922256469727e+00
2.549844503402709961e+00
2.524998664855957031e+00
2.541814327239990234e+00
2.495459556579589844e+00
2.542564153671264648e+00
2.438804864883422852e+00
2.477807521820068359e+00
2.417794704437255859e+00
2.562612771987915039e+00
2.588161706924438477e+00
2.574856758117675781e+00
2.486235141754150391e+00
2.544306039810180664e+00
2.519803285598754883e+00
2.468989133834838867e+00
2.563071250915527344e+00
2.549567461013793945e+00
2.425966978073120117e+00
2.496700763702392578e+00
2.476864814758300781e+00
2.514876365661621094e+00
2.368779420852661133e+00
2.481088876724243164e+00
2.531337738037109375e+00
2.469905376434326172e+00
2.498286485671997070e+00
2.586329221725463867e+00
2.511307716369628906e+00
2.484925746917724609e+00
2.532129764556884766e+00
2.393031120300292969e+00
2.502807617187500000e+00
2.282714605331420898e+00
2.527236700057983398e+00
2.433312654495239258e+00
2.433389425277709961e+00
2.499258518218994141e+00
2.435836791992187500e+00
2.626182317733764648e+00
2.461261510848999023e+00
2.625022172927856445e+00
2.590411186218261719e+00
2.368924617767333984e+00
2.518040895462036133e+00
2.472507715225219727e+00
2.556221961975097656e+00
2.333589792251586914e+00
2.577090740203857422e+00
2.647643804550170898e+00
2.545781373977661133e+00
2.503912448883056641e+00
2.678250074386596680e+00
2.540043354034423828e+00
2.443650960922241211e+00
2.486053466796875000e+00
2.454797029495239258e+00
2.427611351013183594e+00
2.567848205566406250e+00
2.546805620193481445e+00
2.601324081420898438e+00
2.402682542800903320e+00
2.529504060745239258e+00
2.582953214645385742e+00
2.485300302505493164e+00
2.528329610824584961e+00
2.544362068176269531e+00
2.521442413330078125e+00
2.536455154418945312e+00
2.518447637557983398e+00
2.371723413467407227e+00
2.456022977828979492e+00
2.589284181594848633e+00
2.565046787261962891e+00
2.389770746231079102e+00
2.685888290405273438e+00
2.600883722305297852e+00
2.338678598403930664e+00
2.424099683761596680e+00
2.518206119537353516e+00
2.524562358856201172e+00
2.520976543426513672e+00
2.468272447586059570e+00
2.632762432098388672e+00
2.565562248229980469e+00
2.576049327850341797e+00
2.485685586929321289e+00
2.715646743774414062e+00
2.471743583679199219e+00
2.394616603851318359e+00
2.478068113327026367e+00
2.575834512710571289e+00
2.540467262268066406e+00
2.593188047409057617e+00
2.493783712387084961e+00
2.524983406066894531e+00
2.576158761978149414e+00
2.601238727569580078e+00
2.538393497467041016e+00
2.574598550796508789e+00
2.571440219879150391e+00
2.549830436706542969e+00
2.526222944259643555e+00
2.481989145278930664e+00
2.484291791915893555e+00
2.640232324600219727e+00
2.448434352874755859e+00
2.450422763824462891e+00
2.497153282165527344e+00
2.435966968536376953e+00
2.513663053512573242e+00
2.553167104721069336e+00
2.529043197631835938e+00
2.497769355773925781e+00
2.466470956802368164e+00
2.496244192123413086e+00
2.425796270370483398e+00
2.642965793609619141e+00
2.472874402999877930e+00
2.538577318191528320e+00
2.518631458282470703e+00
2.364737987518310547e+00
2.661407947540283203e+00
2.487370014190673828e+00
2.498755455017089844e+00
2.399268388748168945e+00
2.337790250778198242e+00
2.533109903335571289e+00
2.511555433273315430e+00
2.510406494140625000e+00
2.521297693252563477e+00
2.478837251663208008e+00
2.505914449691772461e+00
2.502620697021484375e+00
2.374656200408935547e+00
2.465864419937133789e+00
2.539549112319946289e+00
2.503798007965087891e+00
2.324152231216430664e+00
2.527405977249145508e+00
2.486994743347167969e+00
2.508894681930541992e+00
2.652311086654663086e+00
2.522535085678100586e+00
2.475377321243286133e+00
2.551727056503295898e+00
2.578551292419433594e+00
2.429182052612304688e+00
2.570363521575927734e+00
2.670373916625976562e+00
2.550386190414428711e+00
2.615271568298339844e+00
2.523841381072998047e+00
2.503998041152954102e+00
2.529143333435058594e+00
2.633622407913208008e+00
2.552737951278686523e+00
2.534250974655151367e+00
2.397960186004638672e+00
2.471668481826782227e+00
2.338106393814086914e+00
2.534652233123779297e+00
2.664530277252197266e+00
2.645941257476806641e+00
2.476258993148803711e+00
2.457915306091308594e+00
2.506600856781005859e+00
2.567824602127075195e+00
2.462072610855102539e+00
2.458989381790161133e+00
2.469727754592895508e+00
2.402069807052612305e+00
2.566066026687622070e+00
2.366178750991821289e+00
2.543862581253051758e+00
2.483954668045043945e+00
2.485822200775146484e+00
2.468733787536621094e+00
2.503249645233154297e+00
2.590346336364746094e+00
2.538501024246215820e+00
2.505849123001098633e+00
2.542817831039428711e+00
2.429588079452514648e+00
2.525127410888671875e+00
2.572581768035888672e+00
2.592196702957153320e+00
2.495964288711547852e+00
2.380055427551269531e+00
2.623734712600708008e+00
2.412486791610717773e+00
2.548565864562988281e+00
2.554600238800048828e+00
2.390500545501708984e+00
2.678243875503540039e+00
2.591105699539184570e+00
2.427886962890625000e+00
2.588237762451171875e+00
2.640677690505981445e+00
2.494306802749633789e+00
2.589301586151123047e+00
2.533002138137817383e+00
2.631809949874877930e+00
2.524846315383911133e+00
2.556759595870971680e+00
2.590899705886840820e+00
2.456003665924072266e+00
2.376386404037475586e+00
2.356276750564575195e+00
2.534433364868164062e+00
2.563866615295410156e+00
2.577291965484619141e+00
2.343688488006591797e+00
2.530186414718627930e+00
2.381628274917602539e+00
2.473871231079101562e+00
2.667789459228515625e+00
2.362977981567382812e+00
2.461247920989990234e+00
2.483322858810424805e+00
2.372146368026733398e+00
2.472179651260375977e+00
2.655123949050903320e+00
2.401469469070434570e+00
2.470113992691040039e+00
2.526145696640014648e+00
2.384224414825439453e+00
2.495752573013305664e+00
2.514374494552612305e+00
2.541868925094604492e+00
2.563680410385131836e+00
2.484541416168212891e+00
2.394160747528076172e+00
2.414226055145263672e+00
2.495042324066162109e+00
2.526080369949340820e+00
2.499549150466918945e+00
2.576917171478271484e+00
2.492757320404052734e+00
2.510878801345825195e+00
2.477407217025756836e+00
2.409499645233154297e+00
2.541129589080810547e+00
2.583492994308471680e+00
2.489995241165161133e+00
2.523624420166015625e+00
2.480095624923706055e+00
2.569458723068237305e+00
2.543788909912109375e+00
2.577853918075561523e+00
2.493106842041015625e+00
2.461895227432250977e+00
2.427038908004760742e+00
2.515466213226318359e+00
2.547616720199584961e+00
2.466329574584960938e+00
2.442951917648315430e+00
2.472814559936523438e+00
2.538788795471191406e+00
2.331891536712646484e+00
2.604917049407958984e+00
2.338212966918945312e+00
2.486478567123413086e+00
2.564280986785888672e+00
2.508425235748291016e+00
2.439591407775878906e+00
2.358286142349243164e+00
2.474638700485229492e+00
2.478536844253540039e+00
2.360379695892333984e+00
2.579731702804565430e+00
2.509091615676879883e+00
2.528522729873657227e+00
2.513776063919067383e+00
2.576518058776855469e+00
2.486055374145507812e+00
2.574515819549560547e+00
2.494754314422607422e+00
2.480252504348754883e+00
2.597521305084228516e+00
2.466670036315917969e+00
2.410263299942016602e+00
2.535755395889282227e+00
2.509221553802490234e+00
2.573961496353149414e+00
2.548478841781616211e+00
2.578763246536254883e+00
2.338421106338500977e+00
2.495856523513793945e+00
2.513079881668090820e+00
2.582323551177978516e+00
2.616914987564086914e+00
2.499099016189575195e+00
2.499177455902099609e+00
2.498154878616333008e+00
2.496096372604370117e+00
2.644922018051147461e+00
2.439643621444702148e+00
2.560981035232543945e+00
2.651155471801757812e+00
2.599540472030639648e+00
2.685450077056884766e+00
2.687775373458862305e+00
2.525016546249389648e+00
2.553836822509765625e+00
2.604998350143432617e+00
2.579316139221191406e+00
2.639359474182128906e+00
2.674353122711181641e+00
2.571844339370727539e+00
2.560648202896118164e+00
2.573874711990356445e+00
2.590342044830322266e+00
2.452110052108764648e+00
2.637133598327636719e+00
2.567394971847534180e+00
2.558174133300781250e+00
2.569241762161254883e+00
2.476611375808715820e+00
2.440601348876953125e+00
2.559115409851074219e+00
2.625078678131103516e+00
2.502482652664184570e+00
2.572477579116821289e+00
2.422421455383300781e+00
2.590643644332885742e+00
2.500905990600585938e+00
2.651308774948120117e+00
2.597421884536743164e+00
2.645590782165527344e+00
2.550540924072265625e+00
2.604800939559936523e+00
2.655969619750976562e+00
2.456110715866088867e+00
2.488966464996337891e+00
2.617781639099121094e+00
2.797148704528808594e+00
2.703539609909057617e+00
2.610256671905517578e+00
2.642491817474365234e+00
2.504876613616943359e+00
2.609004735946655273e+00
2.363397598266601562e+00
2.556865453720092773e+00
2.552891731262207031e+00
2.602813243865966797e+00
2.531074285507202148e+00
2.491956233978271484e+00
2.470854759216308594e+00
2.511450529098510742e+00
2.521607637405395508e+00
2.573643684387207031e+00
2.490663528442382812e+00
2.404837608337402344e+00
2.535589694976806641e+00
2.549935579299926758e+00
2.544535160064697266e+00
2.498907327651977539e+00
2.429442167282104492e+00
2.538989305496215820e+00
2.527726173400878906e+00
2.524658441543579102e+00
2.340641260147094727e+00
2.469453811645507812e+00
2.560381650924682617e+00
2.414785146713256836e+00
2.435702323913574219e+00
2.457810163497924805e+00
2.410741567611694336e+00
2.499935150146484375e+00
2.479578971862792969e+00
2.614086151123046875e+00
2.483870267868041992e+00
2.436022520065307617e+00
2.491102695465087891e+00
2.483950614929199219e+00
2.553398609161376953e+00
2.486301183700561523e+00
2.486548423767089844e+00
2.494048833847045898e+00
2.403338909149169922e+00
2.475309133529663086e+00
2.526780605316162109e+00
2.544375419616699219e+00
2.523429632186889648e+00
2.547670125961303711e+00
2.451128482818603516e+00
2.366204023361206055e+00
2.502555131912231445e+00
2.501388549804687500e+00
2.575749874114990234e+00
2.518810272216796875e+00
2.441858291625976562e+00
2.515007019042968750e+00
2.430615425109863281e+00
2.349611520767211914e+00
2.488358259201049805e+00
2.553197860717773438e+00
2.505356311798095703e+00
2.568686485290527344e+00
2.601073741912841797e+00
2.562962770462036133e+00
2.465754508972167969e+00
2.458670139312744141e+00
2.546735286712646484e+00
2.451076745986938477e+00
2.574474573135375977e+00
2.476820945739746094e+00
2.558436393737792969e+00
2.535909652709960938e+00
2.549863815307617188e+00
2.490172147750854492e+00
2.533173084259033203e+00
2.531733989715576172e+00
2.619546890258789062e+00
2.471183776855468750e+00
2.501899003982543945e+00
2.602814435958862305e+00
2.512854814529418945e+00
2.563491821289062500e+00
2.505807638168334961e+00
2.556076049804687500e+00
2.568058490753173828e+00
2.539670228958129883e+00
2.538996219635009766e+00
2.595630884170532227e+00
2.539540529251098633e+00
2.600008010864257812e+00
2.339280843734741211e+00
2.505011081695556641e+00
2.540434360504150391e+00
2.539194583892822266e+00
2.468193054199218750e+00
2.615529060363769531e+00
2.545569896697998047e+00
2.398148536682128906e+00
2.699743509292602539e+00
2.402310371398925781e+00
2.547589302062988281e+00
2.597516775131225586e+00
2.608944892883300781e+00
2.537861108779907227e+00
2.555886268615722656e+00
2.493729591369628906e+00
2.478994131088256836e+00
2.528813838958740234e+00
2.353967905044555664e+00
2.581713438034057617e+00
2.552628040313720703e+00
2.523467779159545898e+00
2.482873916625976562e+00
2.545869827270507812e+00
2.561473369598388672e+00
2.551488876342773438e+00
2.474652051925659180e+00
2.329700708389282227e+00
2.495464086532592773e+00
2.586927175521850586e+00
2.548613071441650391e+00
2.515329360961914062e+00
2.531247615814208984e+00
