2.758315797990462670e-11
7.725320383400458013e-12
1.160477269834814251e-11
2.355254880015422714e-11
4.135086717482749918e-11
2.700606405170447033e-11
8.604783552357275767e-12
6.761480264572128362e-12
6.655953566081507233e-12
7.473910379474091314e-12
2.180811087271194992e-12
2.040684288218130860e-11
6.204259328512762295e-12
8.286926700407093449e-12
5.667577518408961623e-12
7.751133068722992903e-12
1.382755021595016842e-11
9.798550859585475337e-12
7.993050665788814513e-12
3.455458141843337216e-12
3.621936084385879440e-12
1.782574088338151341e-12
3.288647132393407446e-12
8.763434422576210636e-12
5.418498982834307753e-12
5.325684337975644667e-12
9.264422562438312525e-12
7.410017044406913556e-12
9.844403070502494302e-12
1.391137205430936774e-11
1.890704259821518463e-11
4.145717102943535792e-11
2.779232399774400619e-11
1.094740964546758732e-11
8.880340907069239620e-12
1.370009661272320045e-11
4.962197319713368415e-12
1.381145198209310365e-11
5.422901017126946499e-11
1.574962382733247068e-11
6.166789301431663262e-12
1.068706234619298812e-11
2.157368728106234812e-11
2.903455253999709385e-12
4.334088643531686103e-12
1.108413361095017535e-11
3.888112054539760720e-12
2.192190873273602847e-12
9.753642338239387755e-12
1.270644700568368535e-11
9.592437955063815025e-12
7.677858349097732571e-12
9.833744929466092799e-12
1.177097308513452845e-11
1.092509416267262168e-11
4.483746707251157204e-12
2.048416991584645075e-12
6.427913756823500080e-12
1.145133987634494588e-11
1.574373964530195735e-11
8.147749142040083825e-11
2.612876581764567163e-11
2.699146461893064952e-11
1.538258409539139393e-11
2.559374934207880870e-11
8.048839372776228629e-12
3.688382932409695059e-12
2.252298347826808822e-11
7.060907414313533081e-12
2.288730316379883334e-11
1.185629372457697173e-11
1.543953853655466446e-11
2.993100212123067649e-11
1.115540992913111040e-11
4.386935259503843554e-12
4.644729045821804903e-12
1.932165538676144934e-11
4.386158103386605944e-12
7.844114247035349763e-12
3.962163930282258661e-12
3.365030476487618216e-12
8.702982778885370863e-12
2.274469501628573198e-11
1.261424298348856610e-11
6.224520898712171402e-12
1.444822039786686219e-11
1.730965371038450940e-11
9.650724663856635743e-12
1.589950393565686682e-12
1.034733410065769021e-11
5.075445619340257508e-11
2.118077935264750522e-11
2.330641235559482993e-11
2.896072270885952094e-11
2.411582045169780031e-11
1.399746984986904863e-11
3.132655246318449827e-11
1.291949880410925289e-11
1.613736921868280660e-11
7.008726932156150724e-12
9.303224857148961746e-12
6.949663067246092396e-12
1.672972871347155888e-11
7.026268455945228197e-12
3.001709991679035738e-12
9.030609593452254558e-12
1.317185249760655097e-11
5.430156324592871897e-12
1.223920964577018822e-11
7.250866573826897366e-12
4.236055950457284780e-12
8.388401084857832757e-12
2.109767915925431225e-11
5.290934357304877267e-12
5.625833132683055737e-12
9.769851594398915040e-12
1.256406090277550902e-11
1.257427495460206046e-11
1.235905822127847387e-11
2.449374036928020359e-12
8.750011826208492494e-11
8.765305148372704025e-11
7.883094177429939009e-11
9.902467734690389989e-12
2.307792845712697272e-11
1.748790001698807828e-11
1.557193263224121438e-11
3.687494753989994933e-12
2.053079928288070732e-12
7.264788770555696829e-11
7.849554339856013030e-12
1.919514547310541275e-11
4.701572464682612917e-12
5.045019957350405093e-12
7.565448267854435471e-12
2.327477099939301297e-11
1.004490934874979757e-11
6.524558671117119957e-12
7.894296327748406839e-12
2.534655818564601759e-11
1.406585958818595827e-11
2.948458144302890105e-11
1.516647918364810721e-11
2.176353541827324989e-11
3.771483125802888026e-12
6.588674050789222747e-12
3.094580147688930083e-12
8.040290655486614924e-12
1.342770339363141829e-11
3.186506614127893044e-12
5.497985400282345836e-11
1.049131892472132677e-10
4.834205258319457243e-11
1.911870661785997072e-11
3.282768501478017242e-11
2.915889751875511138e-11
9.786171872860904841e-12
4.929517904983526932e-11
1.099298430062845000e-11
1.457445275576674248e-11
1.909478131167929860e-11
9.096445818812526340e-12
8.880285395918008362e-12
3.942346449292699617e-12
2.264427534370838657e-11
5.234701561107613088e-12
1.782657355064998228e-11
9.121703392622748652e-12
1.096861490523792781e-11
3.804678794239180206e-12
3.572886431157940024e-11
1.360767054592315617e-11
1.063349408525482431e-11
9.824474567210472742e-12
3.677669280222062298e-12
2.236649754294717241e-11
1.014710537816654323e-11
1.322109088874867666e-11
4.336586645337092705e-12
9.016010160678433749e-12
1.919021053176095393e-10
8.687117691863477376e-11
2.445477154111586060e-11
1.225353152278785274e-11
3.382427671283494419e-11
1.276934114002870047e-11
2.008726518454295729e-11
3.280409277550688785e-11
5.898059818321144121e-12
1.953887052152936121e-11
2.859185110892781267e-11
1.809635774563389532e-11
1.044275776962422242e-12
2.789607433939522707e-11
2.067679361061891541e-11
7.094769216564600356e-12
8.016642905062099089e-12
1.642685987235381617e-11
4.346911719466106661e-12
1.634764545954681125e-11
5.674016811951787531e-12
1.109723424264075220e-11
1.484445899535558056e-11
1.465300103475897231e-11
1.241667879625651949e-11
2.131883558575964344e-11
7.528644374588111532e-12
6.334877067359911962e-12
8.507694548853805827e-12
2.690569989027835618e-12
2.656286302027410784e-11
2.859468217764060682e-11
5.320655027674092707e-11
2.068859528137068082e-10
2.095068563079394153e-11
1.944838734502241095e-11
1.679134609133825506e-11
8.363698622559923024e-12
2.470357252093435818e-11
1.218292133842169278e-11
1.025740603566305253e-11
4.244821161236700391e-11
1.093297674614746029e-11
1.000188820654557276e-11
2.601729942597330592e-11
7.508271782086239909e-12
4.650413387707885704e-11
3.538613846387761441e-11
1.610689359665684606e-11
1.229000234914678913e-11
9.144796031534951908e-12
5.669409386399593132e-12
1.463601462248220741e-11
4.811373521818040899e-12
9.445777493510831846e-13
4.470812609014274130e-12
4.903577544013160150e-12
6.810108033050710219e-12
6.511791106333930657e-12
1.938560423297985835e-11
4.032757461303049240e-11
4.238848161364217049e-11
3.821570837558851963e-11
1.974115315661606473e-11
1.551960782109063075e-10
3.603339848723408068e-11
4.293582156478237266e-11
1.961802942318513487e-11
5.813277637045644042e-11
3.447991892002733039e-11
2.709182878035676367e-11
7.450939865094596826e-11
1.909811198075317407e-11
6.334155422393905610e-12
1.329675258787688108e-11
5.933920022016536677e-12
1.329197862887099291e-11
4.530931185797726357e-12
1.153888096183663947e-11
5.022871008009133220e-12
2.512040575552987320e-11
4.053812840965065334e-12
1.567396212820426626e-11
1.816874428683945553e-11
3.953504190690182440e-12
1.485300771264519426e-11
1.355765499866379287e-11
3.364530876126536896e-12
5.591416218919675885e-12
5.614397835529416625e-12
2.121682829425708405e-10
1.955952066978738912e-11
9.136086331906767555e-11
2.820177424922576392e-11
1.371932567550970816e-10
2.549543909324825108e-11
1.074756950103505915e-10
2.349664907086435051e-11
2.239197716136231975e-11
6.750561221124939948e-11
4.799594055526767988e-11
5.465045083141717441e-11
1.158551032887089605e-11
3.631844824880658962e-11
1.948963213038723552e-11
2.796446407771213671e-11
1.853206477164803800e-11
1.729794085747471399e-11
4.007183473930808759e-12
1.774530522524742082e-11
4.851175017250852761e-12
1.748684530511468438e-11
7.445488670043687307e-12
3.475053578227971229e-12
3.353051170051912777e-11
8.275269358648529305e-12
3.354594380056141745e-12
2.304489932214437431e-12
4.556705013314399366e-11
4.294398170401336756e-12
7.453698769310790340e-11
4.333688963242821046e-11
4.034683698250773887e-11
8.232819981301986445e-11
7.544276314774833736e-11
2.274742061381118674e-10
3.552963478981041590e-11
6.380063144462155833e-12
1.436312180302934394e-11
5.422334803384387669e-11
3.574507356773892752e-11
6.556993836781543905e-11
2.242922514383849375e-11
2.078592853393956830e-11
1.151728712400768018e-11
1.302058461050137339e-11
2.142069854826900155e-11
5.344169551335653523e-11
1.767574975275465476e-11
2.012945365947871323e-11
1.847572095314831131e-11
1.135719296385673260e-11
1.918526448818624885e-11
1.610639399629576474e-11
2.400885046327516648e-11
1.759026257985851771e-11
9.240774812013796691e-12
3.225364419989773523e-12
7.085332320855286525e-12
8.471334744797331950e-12
1.310211938942984489e-10
1.191533538502653755e-10
3.512001800487496439e-11
8.348643998346005901e-11
1.066474131228289934e-10
6.476474911920604427e-11
4.732286784658867873e-11
4.095651595648064358e-11
2.240474472614550905e-11
4.191275104759029091e-11
5.784317469448296833e-11
8.514777771750914326e-11
1.452393760814629786e-11
2.588634862021876870e-11
3.557643069029836624e-11
1.148192652067336894e-11
7.214284725165498457e-12
3.896449829454695646e-11
1.322991716179444666e-11
1.748812206159300331e-11
2.476918670168970493e-11
6.793954288042414191e-12
2.292238621137698829e-11
1.613714717407788157e-11
4.182931778728971040e-12
3.966493800078296772e-12
1.612487920965577359e-11
6.385669770736512874e-12
1.977074060022232516e-11
1.877831223850989772e-12
3.125605330112080082e-10
1.748323152916952949e-10
5.740247166485801245e-11
9.329370609378884183e-11
8.203843160359269859e-11
4.090366934050848613e-11
9.638190245908617726e-11
1.224351731110573382e-10
1.388172909955187606e-11
3.785088908969669319e-11
2.081562699984829123e-11
6.407008257269808382e-11
1.803712734727014322e-11
1.244332414884752325e-11
1.113931169527404563e-11
5.680717007905400351e-11
3.083733268738342304e-11
5.562106331069571752e-12
5.993094909229057521e-12
3.453770602845906978e-11
3.890393562855365417e-11
1.778799330054425809e-11
1.210403999252207541e-11
1.538846827742190726e-11
8.134770634882215745e-12
1.640565461258347568e-11
6.062150781360742258e-12
1.325978216115686337e-11
2.836453294463581187e-12
1.705247054673009188e-12
3.017259220250423368e-10
5.624783971924784964e-11
1.239123803564723403e-10
6.789280249108742282e-11
5.513395295864143009e-11
7.310324567910697624e-11
3.186573227509370554e-11
2.045824620822145334e-11
1.151303496982336583e-10
2.251032693578736144e-11
5.098566013828076393e-11
4.857930724355696839e-11
1.037923635927029409e-10
2.540939680883980145e-11
4.266803577124278490e-11
1.743694078015778359e-11
2.111538721649708350e-11
9.873268869142748372e-12
1.562477924821337183e-11
8.590295141885917474e-12
2.064443060945109210e-11
3.462313769020397558e-11
3.277550453262279007e-11
6.558031895309568426e-12
6.376066341573505269e-12
1.317651543430997663e-11
1.961625306634573462e-11
7.883138586350924015e-12
7.676748126073107414e-12
1.737288091163691206e-11
3.083712729612386738e-10
1.828777684842464168e-10
4.326300429013940629e-11
2.776598950759989748e-10
6.695760612629442221e-11
4.510175566352359056e-11
3.112127222593130682e-11
2.123510811635753726e-10
1.480889855187683679e-10
2.150712941073606999e-11
2.257266595862006398e-11
3.806888138058184268e-11
6.751099679291883149e-12
4.200628733741496035e-11
1.923966541639288153e-11
2.454697556331097985e-11
6.874306679449659896e-11
7.058159612327585819e-11
1.094108137422722393e-11
1.101596591723819074e-11
1.030331375773130276e-11
2.476241434123949148e-12
7.038980509577186240e-12
4.945155396285372262e-11
1.742639366142384461e-11
1.349786948878772819e-11
3.691713601483570528e-12
1.309191643983353970e-11
1.947692007675527748e-11
1.297040252978831631e-11
2.266580256815586836e-10
1.476663236132935708e-10
4.366723649340542579e-11
1.813408312401065814e-10
1.423172135694983353e-10
4.357436633739553145e-11
1.998803345060196079e-10
9.022521618717860292e-11
9.962758396042659115e-11
3.674821558163898771e-11
3.242700552519295343e-11
3.333533449279002525e-11
2.100924989534291853e-11
1.754779654916660547e-11
1.716365938264630131e-11
3.488376254523473108e-11
7.510081445616378915e-11
2.309830104962884434e-11
4.775851936145159016e-11
3.182965002679338795e-11
4.906797190784573104e-12
2.229522122476623736e-11
2.678768318276070204e-11
3.259670311450690861e-11
2.006605992477261680e-11
7.896738818402582183e-12
8.241463067548693289e-12
2.439459745318117712e-11
1.705696694997982377e-11
6.249778472522393713e-12
3.388334612886012565e-10
3.581756558013182712e-10
9.393641420274434495e-11
3.974496842751307213e-10
2.947031507716246779e-10
6.529304874547392501e-11
1.793256099169582285e-10
9.524825372864142992e-11
7.034095528268835551e-11
5.962447202634280075e-11
2.927841302735600948e-11
8.476930268841442739e-11
8.803824336212073831e-11
7.341194319110400102e-11
1.162497875739632036e-11
4.900047034794852152e-11
4.666927955199184908e-11
9.448997140282244800e-12
2.394690001850108274e-11
2.518857344924185782e-11
1.556565987215208224e-11
2.367250839796497530e-11
5.154671134377508679e-11
8.234357640191092287e-12
1.727273879481572294e-11
9.741318862666048517e-12
2.857741820960768564e-11
7.303657678647823559e-12
6.840694677379133282e-12
6.531997165382108506e-12
2.865635506665853427e-10
5.818578951988229164e-10
1.419535600177823653e-10
5.656267676457105154e-10
8.779565963124014161e-11
2.144061039821565373e-10
3.375161816698835082e-10
1.172685837325104785e-10
1.393434811980398536e-10
1.709153374385152802e-10
1.256254544834689568e-10
9.586703653141626091e-11
5.671457747880026545e-11
5.883682430152248344e-11
1.060368459704363886e-11
5.559613880379288275e-11
4.304406830968332542e-11
6.215761239047878917e-11
1.755351419774342503e-11
1.689087758549590035e-11
1.813421635077361316e-11
5.250094803344040884e-11
1.031602581136326080e-11
5.506711753255899566e-11
3.642219859045781050e-11
1.842420660480570405e-11
3.032474271691398826e-11
2.302769086526268438e-12
1.131267302056926383e-11
3.265832049237360479e-12
1.156647166933311155e-09
4.330775738026204635e-10
3.572240836469120495e-10
2.606142524008703276e-10
4.188113744696408958e-10
4.428712951920488194e-11
7.787348543786265509e-11
5.724909435400604707e-11
1.360487833501622390e-10
6.069761360194547706e-11
5.485495391255312825e-11
2.915223618060736044e-11
5.999356567087943404e-11
8.392619932351408352e-11
3.404021509112453714e-11
6.197126145579545664e-11
1.496519574928356633e-11
4.102929107574482259e-11
2.372324559019034496e-11
9.344969242874867632e-12
1.086364331825961926e-11
5.453026918900150122e-12
1.126665427619855109e-11
2.465450066324592626e-11
1.172317798392441546e-11
1.025324269932070820e-11
9.639622433610384178e-12
2.742295279745121661e-11
3.358202604886173503e-12
2.571165502729400032e-12
1.525710446870220949e-09
3.252129121555924485e-10
3.034617002128925378e-10
3.118595937046109157e-10
4.739671433107162102e-10
3.321123931421254838e-10
8.675288265536096333e-11
4.077005399949484854e-11
9.947409562727216326e-11
2.400191156937125925e-11
2.290950762429133647e-11
7.367861876161896362e-11
1.692607165537651781e-11
1.189287557323837063e-11
4.753941684754181551e-11
5.068312436407040877e-11
2.062866544250141487e-11
9.188205751797795529e-12
2.707511992383615507e-11
7.197187290586271047e-12
4.011330156927783719e-11
1.806904625922811647e-11
1.387306935995979984e-11
1.845634756136860233e-11
2.887157179998212087e-11
2.000566379223300828e-11
1.245981096076320682e-11
3.794375924570658754e-11
7.168043936189860688e-12
1.274669259032634727e-11
2.721205866196285683e-08
9.690331870260138203e-11
1.007776528894055446e-09
5.292388749467136222e-11
2.250487018962132879e-10
5.184358498055985365e-11
5.446060269420627264e-11
1.203507848934748381e-10
5.659828161697078031e-11
7.625483577911040811e-11
3.611438925688048585e-11
1.187462905782865619e-10
1.176986286210990329e-11
6.526390539107751465e-11
1.452822862013647409e-10
5.928590951498335926e-12
2.478134364380935040e-11
2.754141359417872081e-11
1.878175392988623571e-11
2.676731059025883042e-11
9.473977158336310822e-12
7.145611879977309400e-11
4.572003886593734023e-11
1.020633577653029533e-11
5.837108574269223027e-12
1.565059193353590672e-11
2.984384961379760171e-11
3.714628604711833759e-11
9.312328685950888030e-12
9.080791674165311633e-12
2.501798268550459170e-09
1.572623697931874176e-10
2.474289106935145810e-10
1.741818356215674157e-10
2.406093102536033257e-10
2.999244741452855578e-10
1.021092654873712036e-10
2.633634976767496028e-10
1.127184456883867369e-10
5.408518077842927596e-11
7.838024673745280779e-11
1.004419325489891435e-10
1.665484417046059207e-11
1.846345298872620333e-11
1.558492224162932871e-11
7.771849830362498324e-11
3.309291729536312232e-11
5.121947310726682190e-11
2.195993387132944008e-11
1.106086888746915520e-10
6.629125026691440326e-11
5.258055102430603256e-11
1.812910932486033744e-11
1.309807817762020932e-11
1.544264716102361490e-11
6.043610056849502143e-12
1.200256560807133610e-11
5.725586671445626052e-12
1.397959525917258361e-11
3.357186750818641485e-11
3.589988861740778248e-10
6.856206158367683656e-10
2.092566120381889050e-10
3.844365936700455677e-10
2.130766119101679124e-10
2.562000056549607052e-10
2.666102894011146418e-10
2.196691717415433232e-10
3.656414060415613676e-11
1.225615164912596811e-10
5.278610881731538029e-11
1.123432458172146653e-10
1.320262232873403718e-10
2.448180547176548316e-11
1.695221740760644025e-11
3.517142133091510914e-11
1.517974634879237783e-11
1.776728764113499892e-11
2.430100565220527642e-11
8.515976812617509495e-11
6.249667450219931197e-12
1.200300969728118616e-11
1.472816313352609541e-11
2.542427379736977855e-11
2.829009249083469513e-11
4.336708769869801472e-11
3.287370375915088516e-12
2.468192317195416763e-12
5.411837644686556814e-12
1.083899636711294079e-11
7.578836025423640876e-08
1.507941771450305168e-09
2.738149706971171327e-10
4.531039987654139622e-10
1.739217658780489728e-10
5.843052708343066115e-10
2.385069919341731293e-10
1.980116071109705445e-10
1.128082627310789121e-10
1.011747352563929780e-10
1.190653686755638319e-10
6.371059235732445813e-11
1.510237490620625067e-10
1.647760816680943208e-10
6.606987179580414704e-11
4.028405387046518626e-11
6.013090025902556590e-11
4.438038825327339509e-11
3.688960248382500140e-11
7.727263273693552037e-11
9.631129227472001730e-12
2.442895885579332571e-11
1.353916978530378401e-12
5.993761043043832615e-12
9.279410573270752138e-12
4.944389342398380904e-11
1.040123542850324156e-11
1.496608392770326645e-11
6.257439011392307293e-12
1.137440142073842253e-11
8.860661492304799935e-07
2.019566569533282063e-09
2.050156711064232695e-10
5.500191413432276022e-10
9.214184415462511879e-10
2.246057229093878505e-10
9.261796884985074030e-11
6.116924744503648981e-10
5.097009481147551924e-10
3.456961383818679678e-10
4.945821530100147356e-11
9.716899507239418199e-11
8.737188750274071936e-11
4.791456120756265591e-11
2.468018012180550613e-10
1.440799146656956964e-10
4.251748952910361368e-11
1.110778136137469119e-11
5.753630905047657507e-11
2.427069656363300965e-11
3.175498752838734617e-11
2.341588034582287037e-11
3.133932002796768757e-11
5.576106243410094976e-11
1.752065159621452040e-11
5.200917474468269575e-11
1.035072028088279694e-11
3.471006815303212534e-11
2.335726057012266210e-11
2.654487740727518030e-12
1.731823469575122232e-06
1.362081225586564415e-09
1.108074354494448244e-09
2.204938176486592738e-09
2.603128268496845976e-10
7.434857729471389121e-10
1.556855755424635390e-10
3.801560177763008141e-10
1.078022671130440813e-10
5.608469244577918289e-11
1.858032061541337043e-10
2.650633046386019487e-10
2.453742764529920350e-11
6.139938557581103851e-11
2.596696746515192444e-10
3.454359021048958311e-11
2.171829383001977476e-11
1.017911310796648650e-10
6.881328840080414011e-11
4.612432658035459099e-11
5.208133924128333092e-11
8.216760605250783556e-12
4.375905193754192624e-11
4.680450471639119314e-11
1.124716986211637959e-11
1.882760614080325468e-11
1.026367879575218467e-11
1.185013198679030211e-11
1.257954851396902995e-11
4.276523579704871736e-12
3.224013483793530810e-06
3.498346889951875482e-09
3.002008641672659905e-10
1.355793088908541222e-09
2.847909130743175865e-10
2.910463536842655685e-10
2.097955698054931872e-10
3.567828810169260123e-10
1.529419368928586209e-10
5.624051224728532361e-11
9.905243292251952880e-11
2.474814797537305822e-10
1.429770746241842971e-10
1.281748596149157038e-10
3.661754233164060679e-11
3.380540292141631653e-11
6.850464639995834659e-11
1.161804541460753626e-10
9.269091050256861308e-11
8.318012945096597832e-12
1.363698043377326030e-11
3.256112046656767234e-11
7.471412377668684712e-12
4.186995194999099112e-11
1.248379177809511020e-11
2.995270698136209830e-11
2.035471791117515750e-11
3.450684182837449043e-11
1.046446262975564423e-11
4.526123920101099429e-11
3.227672826649424787e-02
3.546445304092316064e-09
4.958894406215108575e-10
1.607134592074288548e-09
1.656627057755599708e-10
4.786868679218514444e-10
3.349230892624177613e-10
1.628120416263811876e-10
1.181555409068835161e-10
9.807610279466416614e-11
1.514365854937693712e-10
3.101381929049296104e-10
1.013367723068370196e-10
1.396182058854833485e-10
1.373461899767391969e-10
1.665007021145470389e-10
7.485806419182949867e-11
5.081590703781557750e-11
3.802308468081605497e-11
6.842376665261440394e-11
2.314726188501481374e-11
8.359152259274083008e-11
6.820932707540805495e-11
3.741001952661804353e-11
3.123251657299874751e-11
4.237082906755063050e-11
5.260780699956058015e-11
2.977690316541270477e-11
2.847999613919682815e-12
1.741218280670864260e-11
2.039590783581324285e-02
1.311839803452841124e-09
5.610991116178354332e-10
2.129175724618903587e-10
1.368935131917936587e-09
9.363942399254199245e-10
1.108712621711305246e-09
1.933501692086281309e-10
5.602354136158282927e-10
1.755515732781987026e-10
2.010577815347858177e-10
1.062503418580718062e-10
1.337293054071153620e-10
6.839312449713474962e-11
1.111301606293579880e-10
1.920579806302669112e-10
5.349987119984689343e-11
6.251221762454406417e-11
8.875233881155963900e-11
7.408035296307957651e-11
1.444849795362301847e-11
1.173318109337628812e-10
6.382955275441304366e-11
2.794087183843885214e-11
1.504640856353489653e-11
1.804612015376960699e-11
4.892086735708289780e-11
5.633571387164693078e-11
2.120281727968631458e-11
2.018696321215429634e-11
1.159858758648102395e-06
1.749534572770272689e-09
1.016705553080754498e-09
9.387737254229477912e-10
3.111484903062233798e-09
2.128273779433698110e-09
3.624032740567884048e-10
1.462361343129714442e-10
1.796475801452146470e-09
5.915498091368931455e-10
4.850033152870025788e-10
2.988175262785830455e-10
4.641131923222019395e-11
2.081543271081898183e-10
6.066869229215399173e-11
2.823727918155327643e-10
5.470945918517600148e-11
1.007821603948855227e-11
1.382916003933587490e-11
5.002509517737507849e-11
1.522035275591804293e-10
2.567479562287644512e-11
1.375149993876334520e-11
8.084249936146647997e-11
3.268313397697397704e-11
6.822592490962620104e-11
7.184858263897808683e-11
4.471401027217325463e-11
4.295008793064880592e-11
2.284372691008229594e-11
