1.786903958134189452e-13
-4.352074256530613638e-14
-1.898481372109017684e-14
-5.206945985491984175e-14
-6.783462680459706462e-14
-6.517009154549668892e-13
-3.231892531374569444e-11
4.583000645652646199e-13
-3.097522238704186748e-13
-9.747758156208874425e-14
-1.798561299892753595e-14
-3.763656053479280672e-14
-6.172840016915870365e-14
1.344480082821064570e-13
-5.865308239094702003e-13
-3.675282300719118211e-12
9.491574193276619553e-12
-1.491029522071585234e-13
-1.155742168634787959e-13
6.494804694057165761e-15
-4.418687638008123031e-14
-4.218847493575594854e-15
-7.116529587847253424e-14
6.661338147750939243e-16
3.177569318779660534e-12
9.543545953505372381e-10
-1.245892278234350670e-12
5.098144129078718834e-13
-1.163513729807164054e-13
-3.452793606584236841e-14
-5.695444116327053052e-14
1.043609643147647148e-13
-2.797762022055394482e-14
6.440958877362845669e-13
-7.359668430240162706e-13
-9.634737452302033489e-12
-3.669287096386142366e-13
-2.510214258677478938e-13
-7.427392034742297255e-14
-7.083222897108498728e-14
3.641531520770513453e-14
1.443289932012703503e-15
-4.751754545395669993e-14
-2.997602166487922659e-14
1.240790803436198075e-11
7.661982159845592832e-12
6.755707104844077548e-14
8.326672684688674053e-15
4.218847493575594854e-14
-1.147970607462411863e-13
-3.708144902248022845e-14
-1.153521722585537646e-13
-1.521005543736464460e-13
-5.699885008425553679e-13
1.785612768756550395e-10
-2.023270440076885279e-12
2.915445662665661075e-13
-3.268496584496460855e-13
1.959543638463401294e-13
-6.505906924303417327e-14
1.981748098955904425e-14
-9.114931032172535197e-14
4.857225732735059864e-14
-1.679767436257861846e-13
1.574762542588814540e-11
5.481998188727743582e-11
1.493805079633148125e-13
7.827072323607353610e-15
-7.782663402622347348e-14
0.000000000000000000e+00
-3.441691376337985275e-14
-8.182343691487403703e-14
1.293409823688307370e-14
7.771561172376095783e-16
1.733335697196025649e-12
3.112904045643460904e-09
5.292988269900433806e-13
-2.509104035652853781e-13
-5.440092820663267048e-15
-1.045830089196897461e-13
-1.343369859796439414e-14
-6.972200594645983074e-14
-1.036948304999896209e-13
1.229016888260048290e-13
8.110179194886768528e-14
-1.080469047565202345e-12
2.933042697605969806e-12
-7.154277170684508746e-13
-1.200151089619794220e-13
1.376676550535194110e-13
-7.660538869913580129e-15
-2.242650509742816212e-14
-5.695444116327053052e-14
2.980948821118545311e-14
5.567213356982847472e-13
1.014910377961086851e-12
9.745338480637855127e-09
-1.469491195393857197e-12
1.886824030350453540e-13
5.537792446830280824e-13
7.388534228880416777e-14
-1.587618925213973853e-14
2.031708135064036469e-14
-9.137135492665038328e-14
-1.302291607885308622e-13
-1.079136779935652157e-13
1.002187222098882557e-11
-3.153033389935444575e-14
1.284528039491306117e-13
-7.993605777301127091e-14
-5.329070518200751394e-14
4.768407890765047341e-14
-1.301181384860683465e-13
5.750955267558310879e-14
2.698452572502674229e-12
1.575389965147167004e-07
-2.997602166487922659e-15
5.040412531798210694e-14
-9.914291609902647906e-14
5.684341886080801487e-14
1.526001547347277665e-13
-6.272760089132134453e-14
1.153521722585537646e-13
6.955547249276605726e-14
3.028793882364766432e-11
5.823563853368796117e-12
3.082534227871747134e-13
-3.104183576851937687e-13
1.471045507628332416e-14
-6.228351168147128192e-14
-7.338574192772284732e-14
2.050026814970351552e-13
2.208788707491748937e-13
1.448841047135829285e-13
2.858546732653621802e-11
-2.081002037357393419e-12
7.998046669399627717e-13
-1.205702204742920003e-13
-8.093525849517391180e-14
-6.461498003318411065e-14
-3.275157922644211794e-14
-6.539213615042172023e-14
2.514655150775979564e-14
-6.633582572135310329e-13
1.330074939076553164e-11
8.109624083374455950e-13
-2.822186928597147926e-13
-9.181544413650044589e-14
5.084821452783216955e-14
-1.507682867440962582e-13
6.550315845288423588e-15
-6.283862319378386019e-14
-4.884981308350688778e-14
2.337019466835954518e-14
9.037215420448774239e-13
9.158229730132916302e-13
1.322830733840874018e-13
8.060219158778636483e-14
-4.096722960866827634e-14
-7.460698725481051952e-14
8.298917109073045140e-14
-2.409183963436589693e-14
-1.236788449432424386e-13
-5.081490783709341486e-13
4.279354648417665885e-13
-9.926059973963674565e-12
1.907363156306018936e-13
-3.241851231905457098e-14
-2.399191956214963284e-13
7.283063041541026905e-14
-5.107025913275720086e-14
-5.939693181744587491e-14
-5.972999872483342187e-14
-2.517985819849855034e-13
3.779199175824032864e-13
2.487669792383684353e-09
2.014610700484809058e-12
-3.352873534367972752e-14
5.956346527113964839e-14
-5.329070518200751394e-14
-1.743050148661495768e-14
-2.020605904817784904e-14
0.000000000000000000e+00
-1.184607967275042029e-13
1.781907954523376247e-14
1.550481965040262367e-12
4.644362672223678601e-11
-4.329869796038110508e-14
-3.749223154159153637e-13
1.050270981295398087e-13
-3.586020369539255626e-14
-1.310063169057684718e-14
1.659783421814609028e-14
-1.745270594710746082e-13
5.931366509059898817e-13
4.174438572590588592e-14
1.062705479171199840e-10
-2.383537811567748577e-12
7.887579478449424641e-13
1.030286966852145270e-13
-3.619327060278010322e-14
-3.985700658404311980e-14
-8.471001677889944403e-14
1.466604615529831790e-13
1.572908470137690529e-12
-1.736544241737192351e-11
-1.089128787157278566e-12
2.141065102989614388e-13
-1.110223024625156540e-15
-4.984901380566952867e-14
-2.142730437526552123e-14
1.615374500829602766e-14
7.138734048339756555e-14
-8.748557434046233539e-14
-1.652677994457008026e-12
8.546108265505836243e-12
-4.045652701734070433e-13
-6.128431095930864103e-14
-4.374278717023116769e-14
-7.793765632868598914e-14
-5.007105841059455997e-14
-1.292299600663682213e-13
-1.076916333886401844e-13
-4.735101200026292645e-13
7.913880661902794600e-11
4.424793864643561392e-13
-4.978240042419201927e-13
-4.662936703425657470e-15
-6.017408793468348449e-14
-4.440892098500626162e-14
-7.882583474838611437e-15
-1.502131752317836799e-13
-1.474376176702207886e-13
1.548816630503324632e-12
1.077080369338290211e-09
8.222089675768984307e-12
-1.404432126150823024e-13
9.714451465470119729e-15
1.071365218763276062e-14
-6.938893903907228378e-14
-1.084687895058777940e-13
-1.145750161413161550e-13
-6.339373470609643846e-14
-3.907985046680551022e-13
7.479399322107838088e-10
-3.019806626980425790e-14
-2.994271497414047190e-13
-1.076916333886401844e-13
9.714451465470119729e-15
-1.055822096418523870e-13
3.246292124003957724e-13
-1.399991234052322397e-13
-2.479128013987974555e-13
2.125466469493630939e-12
8.668621376273222268e-13
-1.388333892293758254e-12
-3.729239139715900819e-13
-1.321165399303936283e-14
-5.406786129924512352e-14
1.509903313490212895e-14
5.340172748447002959e-14
-1.089128787157278566e-13
-6.661338147750939243e-16
4.929945340848007618e-13
-1.880939848319940211e-12
1.329190646437439227e-10
1.695033002846457748e-12
-3.081979116359434556e-13
-1.354472090042690979e-14
1.870725796493388771e-14
-5.340172748447002959e-14
-6.539213615042172023e-14
3.286260152890463360e-14
1.953992523340275511e-14
-1.065814103640150279e-12
6.883974501548095759e-10
1.794231430096715485e-12
2.322031456003514904e-13
1.920130721089208237e-13
-1.075806110861776688e-13
-3.319566843629218056e-14
5.512257317263902223e-14
1.354472090042690979e-14
-1.955102746364900668e-13
1.643685187957544258e-13
-5.770939282001563697e-13
-1.124267345886664771e-10
-1.571853758264296630e-12
-1.897371149084392528e-13
2.342570581959080300e-14
-3.530509218307997799e-14
-4.019007349143066676e-14
4.581335311115708464e-13
-6.150635556423367234e-14
-9.703349235223868163e-14
-4.836131495267181890e-13
3.779748736221222316e-11
-5.920819390325959830e-13
2.997602166487922659e-14
-2.706723734036131646e-13
-2.775557561562891351e-15
-6.250555628639631323e-14
-7.482903185973555082e-14
2.889355421586969896e-13
3.181510610517079840e-12
-7.822964498416240531e-12
1.955102746364900668e-13
2.464695114667847520e-14
-4.185540802836840157e-14
-9.992007221626408864e-15
-2.953193245502916398e-14
-9.769962616701377556e-15
3.372302437298912992e-13
-2.325917236589702952e-13
4.500344541469303294e-11
8.073652857376600878e-12
-1.162403506782538898e-13
-2.120525977034048992e-14
6.900036098045347899e-14
1.659783421814609028e-14
-3.008704396734174225e-14
-5.651035195342046791e-14
-9.403589018575075897e-14
2.748135052854649985e-12
3.773834578169044107e-10
-6.828981824469337880e-13
2.232658502521189803e-13
-8.726352973553730408e-14
-7.016609515630989335e-14
4.157785227221211244e-14
3.280709037767337577e-14
1.423305917569450685e-13
2.558508960248673247e-13
-1.488031919905097311e-12
1.765212602644616879e-05
3.803790615819480081e-12
-9.137135492665038328e-14
-1.559863349598344939e-13
-6.350475700855895411e-14
2.086109063270669139e-13
-2.564615186884111608e-14
6.511458039426543110e-14
-4.596323321948148077e-14
6.993294832113861048e-13
5.998707086618537687e-11
-6.756817327868702705e-13
-4.113376306236204982e-13
4.135580766728708113e-14
-7.327471962526033167e-15
-1.149080830487037019e-13
4.596323321948148077e-14
-1.176836406102665933e-13
-2.273736754432320595e-13
-7.216449660063517513e-14
9.677814105657489563e-13
1.435018770479246086e-12
8.432143872028063925e-14
-7.116529587847253424e-14
-8.193445921733655268e-14
-4.873879078104437212e-14
1.820765760385256726e-14
-6.783462680459706462e-14
8.337774914934925619e-14
-1.486588629973084608e-13
3.484101895878666255e-12
2.399980214562447145e-11
-3.425038030968607927e-13
-1.864064458345637831e-13
7.999156892424252874e-14
3.225197886536079750e-14
-3.452793606584236841e-14
-1.665334536937734811e-15
-1.467714838554456946e-13
-2.070565940925916948e-13
2.408073740411964536e-13
4.232725281383409310e-13
-2.318256697719789372e-12
6.510902927914230531e-13
1.379452108096757001e-13
8.992806499463767977e-15
-5.884182030513329664e-15
-3.685940441755519714e-14
1.004751837285766669e-14
-7.005507285384737770e-14
1.305067165446871513e-13
1.927902282261584332e-13
2.321718162168195931e-08
1.519784298409376788e-12
-2.039479696236412565e-13
-2.997602166487922659e-15
4.091171845743701851e-14
-7.827072323607353610e-14
-1.665334536937734811e-15
9.048317650695025804e-15
3.841371665203041630e-14
1.227462576025573071e-12
1.306676988832577990e-12
3.606503984343589764e-11
4.791167462769863050e-13
1.759703494030873117e-13
6.217248937900876626e-14
-6.161737786669618799e-14
-1.743050148661495768e-14
2.351452366156081553e-13
3.290808181510840313e-09
-3.910205492729801335e-13
-2.370326157574709214e-13
-9.825473767932635383e-14
-1.143529715363911237e-13
-4.940492459581946605e-14
-6.661338147750939243e-15
-3.608224830031758756e-14
8.881784197001252323e-14
6.511458039426543110e-14
1.234368718350253857e-10
-5.225819776910611836e-13
8.382183835919931880e-14
-1.727507026316743577e-13
1.488809076022334921e-13
-3.208544541166702402e-14
5.972999872483342187e-14
2.331468351712828735e-14
2.629563233824683266e-13
5.057065877167588042e-14
6.449096257021835754e-10
-5.395683899678260786e-14
-7.960299086562372395e-14
-5.295763827461996698e-14
-1.887379141862766119e-15
-1.587618925213973853e-14
6.561418075534675154e-14
-6.883382752675970551e-15
-2.988720382290921407e-13
-2.442490654175344389e-14
-1.618905010047910764e-11
4.357625371653739421e-14
-4.766187444715797028e-13
-1.487698852997709764e-14
-7.749356711883592652e-14
-1.332267629550187849e-15
8.493206138382447534e-15
-8.348877145181177184e-14
-1.794120407794252969e-13
5.772604616538501432e-13
3.957886351990680396e-09
2.701727730425318441e-13
-2.507993812628228625e-13
-2.398081733190338127e-14
-7.316369732279781601e-14
-2.553512956637860043e-15
4.884981308350688778e-14
-3.219646771412953967e-14
-1.399991234052322397e-13
3.713696017371148628e-14
7.521205880323122983e-13
1.241617919589543817e-12
-3.361755318564974004e-13
7.271960811294775340e-14
-3.830269434956790064e-14
-5.961897642237090622e-14
-3.330669073875469621e-14
2.975397705995419528e-14
-1.101341240428155288e-13
-2.007283228522283025e-13
4.440114942383388552e-12
-3.665978631772759400e-11
-1.568745133795346192e-13
-1.781907954523376247e-13
-7.660538869913580129e-14
5.767608612927688228e-14
-3.141931159689193009e-14
-1.598721155460225418e-14
-2.930988785010413267e-14
1.976196983832778642e-14
-8.149037000748649007e-14
4.066974534921996565e-11
6.320832746098403732e-12
-2.907674101493284979e-13
2.173816682216056506e-13
-9.359180097590069636e-14
-1.121325254871408106e-14
-1.965094753586527077e-14
1.670885652060860593e-14
1.260103132949552673e-14
-1.115774139748282323e-13
1.360078716317048020e-12
6.917778738735336219e-09
-5.461187058131145022e-13
-2.909894547542535292e-13
-2.561284517810236139e-13
-2.142730437526552123e-14
1.065814103640150279e-14
8.715250743307478842e-15
8.770761894538736669e-14
-3.240741008880831941e-13
-3.100852907778062217e-13
1.265032523178888368e-11
1.289068851662023008e-11
-3.735900477863651759e-13
8.087974734394265397e-14
-2.220446049250313081e-14
1.348920974919565197e-13
-1.885158695813515806e-13
2.177308333628502623e-11
-3.774647261423069722e-12
2.473021787352536194e-13
1.278976924368180335e-13
-9.880984919163893210e-15
-1.076916333886401844e-14
-3.597122599785507191e-14
-9.015010959956271108e-14
5.584421813864537398e-14
-1.327826737451687222e-13
3.852695940054218227e-12
7.085887432367599104e-12
2.664535259100375697e-14
7.061018436615995597e-14
-3.330669073875469621e-15
-2.198241588757809950e-14
-2.531308496145356912e-14
4.085620730620576069e-14
-1.376676550535194110e-13
-2.243760732767441368e-13
-2.292499523548485740e-12
5.562383886825728041e-12
-4.020117572167691833e-13
6.522560269672794675e-14
-7.871481244592359872e-14
7.721601136267963739e-14
-4.829470157119430951e-14
-1.398881011027697241e-14
-1.376676550535194110e-14
-2.241540286718191055e-13
9.997003225237222068e-13
1.360100920777540523e-11
4.051758928369508794e-13
-2.853273173286652309e-14
2.264854970235319342e-14
1.615374500829602766e-14
7.882583474838611437e-14
-7.338574192772284732e-14
-5.395683899678260786e-14
-1.109112801600531384e-13
-4.901634653720066126e-13
1.764183243935235623e-10
-4.003464226798314485e-13
2.848832281188151683e-13
-2.355893258254582179e-13
-4.007905118896815111e-14
-9.026113190202522674e-14
-6.239453398393379757e-14
-3.808064974464286934e-14
-1.132427485117659671e-13
4.489186800071820471e-13
5.084488385875829408e-12
-4.849454171562683769e-13
-4.586331314726521668e-13
1.392774784392258880e-13
-1.408873018249323650e-13
-7.549516567451064475e-15
-2.720046410331633524e-14
3.769207168602406455e-14
4.646283358056280122e-14
-1.604272270583351201e-13
-1.224687018464010180e-12
2.779265706465139374e-11
-2.094990847467670392e-13
-3.370637102761975257e-13
-6.183942247162121930e-14
2.287059430727822473e-14
-1.298960938811433152e-14
-1.287858708565181587e-14
-3.486100297322991537e-14
2.225997164373438864e-13
2.483568906086475181e-13
5.683697956726518896e-11
2.528699472037487794e-12
-1.966204976611152233e-13
-2.653433028854124132e-14
-1.084687895058777940e-13
-2.686739719592878828e-14
3.452793606584236841e-14
-1.498801083243961330e-14
-4.229949723821846419e-14
-3.208544541166702402e-13
2.441935542663031811e-13
5.302306371746112745e-10
9.786060850558442326e-13
-1.189048859373542655e-13
-2.495781359357351903e-13
-4.141131881851833896e-14
1.948441408217149728e-14
-1.942890293094023946e-14
2.703393064962256176e-14
7.771561172376095783e-16
-4.456435220845378353e-13
-2.267186438587032171e-12
4.564310041033081689e-11
2.101652185615421331e-13
-2.647881913730998349e-13
-1.976196983832778642e-14
-8.282263763703667792e-14
2.514655150775979564e-14
3.780353197146979483e-09
-2.090549955369169766e-13
-1.061373211541649653e-13
-1.086908341108028253e-13
-6.583622536027178285e-14
-5.262457136723242002e-14
5.889733145636455447e-14
3.164135620181696140e-14
2.792210906932268699e-14
-2.577937863179613487e-13
1.738326438349702130e-08
2.147726441137365327e-13
-2.043920588334913191e-13
5.256906021600116219e-14
-5.329070518200751394e-14
-1.709743457922741072e-14
6.195044477408373496e-14
-3.808064974464286934e-14
1.293409823688307370e-13
-2.742250870824136655e-14
8.783148097712967228e-10
3.432254480628671445e-13
-1.645350522494481993e-13
-3.774758283725532237e-14
-4.418687638008123031e-14
-2.642330798607872566e-14
2.386979502944086562e-15
-4.274358644806852681e-14
-3.941291737419305719e-14
-2.452482661396970798e-13
-5.602185382258539903e-12
-1.274980121479529771e-12
6.835088051104776241e-13
-1.725286580267493264e-13
8.681944052568724146e-14
-7.394085344003542559e-14
-1.195710197521293594e-13
-6.239453398393379757e-14
-8.526512829121202230e-14
-6.628031457012184546e-14
-3.880229471064922109e-13
-5.503264510764438455e-12
-6.282752096353760862e-13
-1.164623952831789211e-13
-8.348877145181177184e-14
1.609823385706476984e-14
8.326672684688674053e-16
-5.506706202140776441e-14
-2.964295475749167963e-14
4.676814491233471927e-13
-5.835332217429822776e-13
-1.659863357872382039e-10
6.650791029017000255e-13
1.538769112130466965e-13
-3.141931159689193009e-14
2.348121697082206083e-14
-4.596323321948148077e-14
3.302913498259840708e-14
1.266764471097303613e-13
-3.885780586188047891e-15
-2.624567230213870062e-13
6.128542118233326619e-12
-3.894773392687511659e-12
-4.357625371653739421e-13
-2.295941214924823726e-13
1.009192729384267295e-13
-6.528111384795920458e-14
3.186340080674199271e-14
-2.375877272697834997e-14
-9.670042544485113467e-14
-5.884182030513329664e-14
1.250305414757235667e-11
2.696441958605078071e-10
2.240485574844797156e-12
1.624811396538916597e-13
-1.683098105331737315e-13
-1.376676550535194110e-13
4.940492459581946605e-15
1.362798762727379653e-13
-6.084022174945857842e-14
-1.217914658013796725e-13
1.278976924368180335e-13
7.194800311083326960e-13
-1.003697125412372770e-11
5.455080831495706661e-13
7.965295090173185599e-13
-1.028066520802894956e-13
-2.220446049250313081e-15
2.114974861910923210e-14
7.216449660063517513e-16
9.930944955272025254e-14
-1.297850715786807996e-13
-6.612488334667432355e-13
1.923086134780760403e-10
8.548717289613705361e-15
2.432498646953717980e-13
3.118061364659752144e-13
-5.428990590417015483e-14
-2.231548279496564646e-14
-2.511324481702104094e-13
1.192379528447418124e-13
-1.747491040759996395e-13
-5.007105841059455997e-14
-1.002531391236516356e-13
-1.287858708565181587e-14
5.018208071305707563e-14
-4.019007349143066676e-14
1.955102746364900668e-13
-8.815170815523742931e-14
-9.836575998178886948e-13
-2.428057754855217354e-13
0.000000000000000000e+00
-3.630429290524261887e-14
-1.831867990631508292e-14
1.515454428613338678e-14
2.498001805406602216e-14
-5.417888360170763917e-14
-5.262457136723242002e-14
-1.632027846198980114e-14
-6.236122729319504288e-13
8.618050717501546387e-12
1.034172747438333317e-13
-6.039613253960851580e-14
-3.186340080674199271e-14
-1.262323578998802986e-13
7.893685705084863002e-14
-1.343369859796439414e-13
7.149836278586008120e-14
2.892130979148532788e-14
8.286704655802168418e-13
5.804086185540180409e-05
-6.152856002472617547e-13
-1.831867990631508292e-14
-1.382227665658319893e-13
-1.577626917992347444e-13
-5.784261958297065576e-14
4.846123502488808299e-14
2.553512956637860043e-15
-3.774758283725532237e-15
-2.875477633779155440e-14
5.491040955263315482e-11
2.727446046790760192e-11
7.609468610780822928e-13
5.537237335317968245e-13
-1.072475441787901218e-13
-2.253752739989067777e-14
-6.805667140952209593e-14
-5.861977570020826533e-14
-1.876276911616514553e-14
-4.074518500374324503e-14
1.394551141231659130e-12
-5.259126467649366532e-12
-6.386002837643900421e-13
-5.206945985491984175e-14
2.330358128688203578e-13
-1.987299214079030207e-14
2.137179322403426340e-13
4.091171845743701851e-14
-6.661338147750939243e-14
6.661338147750939243e-16
2.679523269932815310e-13
5.842705763647870754e-10
-1.302513652490233653e-12
1.329769627744781246e-12
-3.823608096809039125e-13
5.689893001203927270e-14
-1.618705169903478236e-13
-3.275157922644211794e-14
4.274358644806852681e-15
-1.543210004228967591e-13
-2.274846977456945751e-13
6.005973496314709337e-12
9.515266352622120394e-11
-1.287969730867644103e-12
1.523225989785714773e-13
-3.999023334699813859e-13
3.583799923490005312e-13
4.052314039881821373e-14
-7.382983113757290994e-14
-2.542410726391608478e-14
-1.962874307537276763e-13
-3.100852907778062217e-13
-2.230216011867014458e-12
6.542449915158954354e-11
3.004263504635673598e-12
1.887379141862766119e-14
-3.154143612960069731e-13
-2.908784324517910136e-14
-6.106226635438360972e-15
-6.394884621840901673e-14
-6.639133687258436112e-14
-1.351141420968815510e-13
-9.962031199961529637e-13
1.622437557968758881e-05
-1.918354364249807986e-12
-8.770761894538736669e-15
7.408518243323669594e-13
-8.593126210598711623e-14
-3.219646771412953967e-14
3.256389602412923523e-11
-6.787903572558207088e-13
6.039613253960851580e-14
-5.440092820663267048e-15
2.403632848313463910e-14
-4.329869796038110508e-14
-7.138734048339756555e-14
7.893685705084863002e-14
-1.165734175856414367e-14
4.645728246543967543e-13
1.853698583520468901e-09
6.250555628639631323e-14
6.855627177060341637e-14
-3.674838211509268149e-14
9.864331573794515862e-14
-1.001421168211891199e-13
5.939693181744587491e-15
-3.586020369539255626e-14
9.442446824436956376e-14
-1.747491040759996395e-13
8.674005957942654277e-12
3.138211912556698735e-12
-3.784750290947158646e-13
1.976196983832778642e-14
6.938893903907228378e-15
1.487698852997709764e-14
-8.459899447643692838e-14
-6.206146707654625061e-14
-3.341771304121721187e-14
5.690448112716239848e-13
6.441513988875158248e-13
1.340549893313891516e-11
-3.332889519924719934e-13
-6.927791673660976812e-14
-3.619327060278010322e-14
-1.395550341953821771e-13
-1.655342529716108402e-13
9.214851104388799286e-15
-9.714451465470119729e-14
-3.941291737419305719e-14
-5.909717160079708265e-13
2.278306987513190052e-10
1.243505298731406583e-12
-1.958433415438776137e-13
-1.593170040337099636e-13
2.383093722357898514e-13
1.214028877427608677e-13
-9.714451465470119729e-14
-3.774758283725532237e-15
1.029731855339832691e-12
1.289357509648425548e-12
-2.073674565394867386e-12
-1.642241898025531555e-12
1.714683950382323019e-12
-5.130340596792848373e-13
3.919087276926802588e-14
5.473399511402021744e-14
5.416778137146138761e-13
-2.053912595556539600e-14
-5.206945985491984175e-14
-6.883382752675970551e-14
-3.193001418821950210e-13
1.010247441257661194e-11
7.153166947659883590e-13
2.237821039585696781e-12
-2.891020756123907631e-13
-5.095923683029468521e-14
7.938094626069869264e-14
2.376432384210147575e-13
1.857958231710199470e-13
1.210143096841420629e-14
-7.138734048339756555e-14
3.063771458755581989e-12
3.969017892124782065e-10
-1.321387443908861314e-12
-1.273425809245054552e-13
1.689204331967175676e-13
-2.909894547542535292e-13
-1.409983241273948806e-14
3.678168880583143618e-13
1.020850071142831439e-13
-4.241051954068097984e-14
-2.708944180085381959e-13
1.448116293545353983e-09
9.217232532776620246e-11
2.716160629745445476e-13
1.696975893139551772e-13
-1.582067810090848070e-13
-3.197442310920450836e-14
-1.854072451124011423e-14
-1.776356839400250465e-14
-9.570122472268849378e-14
1.079136779935652157e-13
1.401656568589260132e-12
1.200825383573800309e-09
-5.573319583618285833e-13
1.295574758586326425e-12
-1.130429083673334389e-12
