4.295638728141784668e+01
7.994882965087890625e+01
7.046775841712951660e+01
1.103569862842559814e+02
1.168170607089996338e+02
1.202587859630584717e+02
1.191893908977508545e+02
9.488407731056213379e+01
9.113104367256164551e+01
9.786318898200988770e+01
8.568186235427856445e+01
4.927307677268981934e+01
8.984896564483642578e+01
7.458666801452636719e+01
1.031332485675811768e+02
1.519213194847106934e+02
1.571724038124084473e+02
8.261778378486633301e+01
1.515703692436218262e+02
1.247797570228576660e+02
1.398480901718139648e+02
5.075615143775939941e+01
1.045082888603210449e+02
1.302328834533691406e+02
8.918494701385498047e+01
1.934322559833526611e+02
1.454251501560211182e+02
1.395700573921203613e+02
1.001102430820465088e+02
1.453991854190826416e+02
1.102354643344879150e+02
6.893955373764038086e+01
6.287040376663208008e+01
1.324578955173492432e+02
1.171505656242370605e+02
1.710737798213958740e+02
9.997979092597961426e+01
8.429039859771728516e+01
1.076277868747711182e+02
1.432134056091308594e+02
5.367694258689880371e+01
8.847544169425964355e+01
1.123578631877899170e+02
1.143268988132476807e+02
1.520215840339660645e+02
1.982813346385955811e+02
1.471964900493621826e+02
1.004027132987976074e+02
8.300742268562316895e+01
8.516646242141723633e+01
7.097322201728820801e+01
1.137599370479583740e+02
1.060037887096405029e+02
8.457845401763916016e+01
1.580046212673187256e+02
1.391673147678375244e+02
1.199640407562255859e+02
1.118049092292785645e+02
9.616462516784667969e+01
1.434434130191802979e+02
4.835179972648620605e+01
7.485629153251647949e+01
9.512562942504882812e+01
9.005049467086791992e+01
9.420561027526855469e+01
1.516165676116943359e+02
1.015326397418975830e+02
1.622322328090667725e+02
7.818710064888000488e+01
7.868405914306640625e+01
8.919325447082519531e+01
1.230516178607940674e+02
6.260890746116638184e+01
1.798955163955688477e+02
1.189596784114837646e+02
1.432969632148742676e+02
9.714731526374816895e+01
1.052104041576385498e+02
8.573819160461425781e+01
6.994398331642150879e+01
9.444433975219726562e+01
7.127897429466247559e+01
5.112173366546630859e+01
5.427473855018615723e+01
1.417859885692596436e+02
2.128009598255157471e+02
1.615112438201904297e+02
1.367788414955139160e+02
1.174046084880828857e+02
1.031284303665161133e+02
1.032123513221740723e+02
9.008618664741516113e+01
9.925440192222595215e+01
9.604728746414184570e+01
9.341227483749389648e+01
9.035229063034057617e+01
2.466543238162994385e+02
1.971173882484436035e+02
1.068413393497467041e+02
8.679205584526062012e+01
1.243415930271148682e+02
7.153886818885803223e+01
5.586367607116699219e+01
7.018790531158447266e+01
9.893167710304260254e+01
1.199394538402557373e+02
1.287896068096160889e+02
1.479638357162475586e+02
1.593158934116363525e+02
9.157313346862792969e+01
8.275595450401306152e+01
1.104373655319213867e+02
7.191990828514099121e+01
6.863188076019287109e+01
1.097403299808502197e+02
1.476207838058471680e+02
2.014344449043273926e+02
1.109993426799774170e+02
1.004252614974975586e+02
1.284026119709014893e+02
9.310317230224609375e+01
9.874217915534973145e+01
9.155310392379760742e+01
9.084509778022766113e+01
1.593529314994812012e+02
1.903322443962097168e+02
1.080172488689422607e+02
1.454796259403228760e+02
1.479796900749206543e+02
1.371885669231414795e+02
8.484588885307312012e+01
1.018241589069366455e+02
5.773764133453369141e+01
1.082852501869201660e+02
8.900898742675781250e+01
1.239563996791839600e+02
1.315974047183990479e+02
1.754269945621490479e+02
1.148912427425384521e+02
1.329364745616912842e+02
1.024061374664306641e+02
5.488760375976562500e+01
1.097802708148956299e+02
7.172884416580200195e+01
1.364555616378784180e+02
1.583237760066986084e+02
9.285306239128112793e+01
9.101300930976867676e+01
7.459687399864196777e+01
9.447709822654724121e+01
4.669853711128234863e+01
1.377335886955261230e+02
7.051083326339721680e+01
8.784403324127197266e+01
1.247843849658966064e+02
1.441196005344390869e+02
1.340284028053283691e+02
1.382685039043426514e+02
1.284953994750976562e+02
1.106212184429168701e+02
6.434072875976562500e+01
6.584369373321533203e+01
9.365602207183837891e+01
8.996398258209228516e+01
1.228673465251922607e+02
1.163221819400787354e+02
1.757808632850646973e+02
1.140522575378417969e+02
1.016600728034973145e+02
1.207983267307281494e+02
5.915959429740905762e+01
1.454846062660217285e+02
1.102992026805877686e+02
8.868193459510803223e+01
9.849863767623901367e+01
1.933961086273193359e+02
1.533456709384918213e+02
1.086872045993804932e+02
9.531206154823303223e+01
8.811993646621704102e+01
4.578652906417846680e+01
9.555102753639221191e+01
9.455459475517272949e+01
1.452435362339019775e+02
7.960489487648010254e+01
1.039611551761627197e+02
1.428754792213439941e+02
1.244682545661926270e+02
9.304296159744262695e+01
1.491855340003967285e+02
1.410634624958038330e+02
5.779163670539855957e+01
1.003330829143524170e+02
7.697384333610534668e+01
1.343303821086883545e+02
1.136962006092071533e+02
8.822293233871459961e+01
1.544985878467559814e+02
1.279293076992034912e+02
1.620786428451538086e+02
4.568948674201965332e+01
4.740884971618652344e+01
9.478609633445739746e+01
6.468371391296386719e+01
7.511530947685241699e+01
1.407915008068084717e+02
1.177301983833312988e+02
9.150742888450622559e+01
8.571640515327453613e+01
8.992792391777038574e+01
7.376580810546875000e+01
1.046678018569946289e+02
7.410476422309875488e+01
9.429455375671386719e+01
8.478487253189086914e+01
1.042930760383605957e+02
8.754589772224426270e+01
1.737888329029083252e+02
1.057080781459808350e+02
1.329643526077270508e+02
4.882149982452392578e+01
1.096664466857910156e+02
7.645489192008972168e+01
7.249964761734008789e+01
1.410190086364746094e+02
1.229311525821685791e+02
1.292355296611785889e+02
9.329369306564331055e+01
7.467475676536560059e+01
9.501282644271850586e+01
6.480726051330566406e+01
6.634938788414001465e+01
6.915649938583374023e+01
1.083135123252868652e+02
1.654662897586822510e+02
1.492165062427520752e+02
9.788694071769714355e+01
1.262053730487823486e+02
1.216580932140350342e+02
8.780441284179687500e+01
5.696291685104370117e+01
8.827239632606506348e+01
5.765190219879150391e+01
1.000720341205596924e+02
1.057313466072082520e+02
1.782399599552154541e+02
8.254320287704467773e+01
1.435692193508148193e+02
1.078104753494262695e+02
1.659293453693389893e+02
9.570586371421813965e+01
1.010681107044219971e+02
9.675886654853820801e+01
7.518144583702087402e+01
1.606482703685760498e+02
1.333754005432128906e+02
9.290307354927062988e+01
1.592542216777801514e+02
9.786624050140380859e+01
7.742650628089904785e+01
6.602918624877929688e+01
6.174400854110717773e+01
8.654080581665039062e+01
8.019208073616027832e+01
1.146059920787811279e+02
1.561760442256927490e+02
1.211403095722198486e+02
8.339368844032287598e+01
7.923361301422119141e+01
9.224500608444213867e+01
6.796926593780517578e+01
1.073964884281158447e+02
7.366740679740905762e+01
6.935307145118713379e+01
1.324993650913238525e+02
9.411912059783935547e+01
1.210478439331054688e+02
1.731023647785186768e+02
1.129133853912353516e+02
1.547032306194305420e+02
8.441878795623779297e+01
7.238640666007995605e+01
5.414476251602172852e+01
9.510812163352966309e+01
8.391625046730041504e+01
8.386896705627441406e+01
1.744776856899261475e+02
1.338684031963348389e+02
1.444042205810546875e+02
1.310094408988952637e+02
8.696966886520385742e+01
8.150263643264770508e+01
8.641299510002136230e+01
9.610722661018371582e+01
6.352743840217590332e+01
1.087738654613494873e+02
1.637122168540954590e+02
1.282604680061340332e+02
1.967244622707366943e+02
1.105855419635772705e+02
4.824209666252136230e+01
1.253869068622589111e+02
5.430828523635864258e+01
1.700768599510192871e+02
1.234908015727996826e+02
1.665394027233123779e+02
1.403741824626922607e+02
8.675099945068359375e+01
8.302291750907897949e+01
7.921379470825195312e+01
8.492592406272888184e+01
5.256719541549682617e+01
1.805390698909759521e+02
7.392590880393981934e+01
9.772340798377990723e+01
1.856554307937622070e+02
9.793445467948913574e+01
1.236685509681701660e+02
8.694212293624877930e+01
1.002931361198425293e+02
9.369879698753356934e+01
7.571775579452514648e+01
1.046116864681243896e+02
7.488928794860839844e+01
1.884816617965698242e+02
1.394240734577178955e+02
1.193111155033111572e+02
9.410096240043640137e+01
8.941738677024841309e+01
7.380068564414978027e+01
1.338480248451232910e+02
8.225641536712646484e+01
5.891705369949340820e+01
1.110429561138153076e+02
2.328180367946624756e+02
9.760267400741577148e+01
1.658948738574981689e+02
1.893802540302276611e+02
9.033560323715209961e+01
1.194180972576141357e+02
9.032760429382324219e+01
9.101456332206726074e+01
5.687902712821960449e+01
8.957051587104797363e+01
1.538294639587402344e+02
1.496931085586547852e+02
1.067695028781890869e+02
9.852437376976013184e+01
1.191197276115417480e+02
8.407012748718261719e+01
9.037527370452880859e+01
6.469794702529907227e+01
1.230807950496673584e+02
1.115625686645507812e+02
1.619163324832916260e+02
1.238677411079406738e+02
1.048805267810821533e+02
1.241627650260925293e+02
1.787225525379180908e+02
1.081755230426788330e+02
6.953702259063720703e+01
5.285972261428833008e+01
1.357199587821960449e+02
9.088332486152648926e+01
7.434910655021667480e+01
1.803065724372863770e+02
1.373369672298431396e+02
8.454924082756042480e+01
1.194987072944641113e+02
1.176956589221954346e+02
1.547762122154235840e+02
7.187805938720703125e+01
7.010901427268981934e+01
6.724993586540222168e+01
1.048984057903289795e+02
1.599780097007751465e+02
1.401907570362091064e+02
1.172224898338317871e+02
1.137993972301483154e+02
9.781826782226562500e+01
4.428857278823852539e+01
1.079963860511779785e+02
4.461659646034240723e+01
7.185584449768066406e+01
9.224613332748413086e+01
1.016262757778167725e+02
2.157686207294464111e+02
1.163994851112365723e+02
1.616669878959655762e+02
1.609880313873291016e+02
8.318005776405334473e+01
1.018872509002685547e+02
6.611684060096740723e+01
9.542920255661010742e+01
8.914014673233032227e+01
1.020542535781860352e+02
9.037916111946105957e+01
1.297495958805084229e+02
1.398707680702209473e+02
1.096223924160003662e+02
6.607881283760070801e+01
4.459158396720886230e+01
7.011284756660461426e+01
7.003488874435424805e+01
1.473678469657897949e+02
1.347226872444152832e+02
8.166496038436889648e+01
1.579097745418548584e+02
7.935490536689758301e+01
1.713549792766571045e+02
6.338770341873168945e+01
5.750361037254333496e+01
8.188496446609497070e+01
1.021062090396881104e+02
1.586178541183471680e+02
1.517667627334594727e+02
1.144693014621734619e+02
1.055782465934753418e+02
1.197784147262573242e+02
9.713917493820190430e+01
8.953306555747985840e+01
9.442611193656921387e+01
2.097734439373016357e+02
6.914678716659545898e+01
1.360855731964111328e+02
1.371926119327545166e+02
9.814914655685424805e+01
1.095972106456756592e+02
8.348795008659362793e+01
1.343594677448272705e+02
5.768466091156005859e+01
5.467862439155578613e+01
7.952295541763305664e+01
9.590403962135314941e+01
1.759850380420684814e+02
9.428710722923278809e+01
1.216373128890991211e+02
8.494296741485595703e+01
2.214934251308441162e+02
1.293823931217193604e+02
5.417861843109130859e+01
6.574571347236633301e+01
7.594686937332153320e+01
8.497798538208007812e+01
1.502766723632812500e+02
1.284904351234436035e+02
9.526307630538940430e+01
9.814311027526855469e+01
1.596897902488708496e+02
1.342794475555419922e+02
1.136382548809051514e+02
8.468590855598449707e+01
1.206293044090270996e+02
1.228523266315460205e+02
7.945590305328369141e+01
1.281713802814483643e+02
1.034051167964935303e+02
1.362544713020324707e+02
8.491896915435791016e+01
1.431235427856445312e+02
1.333034443855285645e+02
7.291983199119567871e+01
7.594384694099426270e+01
7.397384953498840332e+01
7.964989161491394043e+01
1.269853837490081787e+02
1.953080947399139404e+02
8.121585345268249512e+01
1.057391111850738525e+02
1.309773843288421631e+02
4.326045513153076172e+01
6.574464964866638184e+01
1.051841547489166260e+02
1.075311782360076904e+02
1.177622416019439697e+02
1.314743616580963135e+02
1.556835832595825195e+02
1.069081578254699707e+02
1.581176540851593018e+02
1.064771661758422852e+02
6.157469558715820312e+01
1.140422310829162598e+02
7.607082915306091309e+01
1.290073990821838379e+02
9.364501476287841797e+01
1.177882111072540283e+02
1.632976593971252441e+02
1.696777775287628174e+02
1.324764540195465088e+02
1.668277800083160400e+02
8.352588319778442383e+01
8.811492609977722168e+01
7.777285885810852051e+01
4.978350901603698730e+01
8.660589861869812012e+01
8.885196304321289062e+01
1.226013209819793701e+02
1.603826522827148438e+02
1.043301260471343994e+02
8.899109292030334473e+01
1.062532155513763428e+02
8.973738670349121094e+01
6.684431648254394531e+01
1.302853960990905762e+02
1.124404985904693604e+02
1.112654719352722168e+02
1.051311416625976562e+02
1.115014543533325195e+02
9.459467840194702148e+01
8.790729808807373047e+01
9.227350044250488281e+01
6.626323628425598145e+01
8.491315317153930664e+01
1.374147474765777588e+02
1.341046113967895508e+02
9.624075412750244141e+01
1.222960286140441895e+02
7.194950819015502930e+01
1.143666343688964844e+02
1.291072728633880615e+02
9.978092718124389648e+01
1.039011099338531494e+02
1.034920871257781982e+02
1.424200141429901123e+02
1.371747572422027588e+02
1.098163990974426270e+02
8.078898477554321289e+01
8.020595145225524902e+01
9.635375928878784180e+01
7.038047528266906738e+01
6.191004419326782227e+01
9.096403980255126953e+01
1.598831245899200439e+02
9.864118123054504395e+01
1.523488786220550537e+02
9.783015847206115723e+01
1.153706681728363037e+02
1.186018240451812744e+02
1.495998089313507080e+02
7.117926621437072754e+01
6.158098649978637695e+01
9.140290617942810059e+01
8.815780353546142578e+01
9.194597291946411133e+01
2.358734948635101318e+02
2.057145402431488037e+02
1.036033256053924561e+02
1.549209525585174561e+02
6.751614665985107422e+01
1.083344769477844238e+02
4.521648049354553223e+01
7.758446311950683594e+01
9.515602350234985352e+01
1.119515912532806396e+02
1.350863242149353027e+02
1.241439952850341797e+02
1.318072428703308105e+02
8.752774190902709961e+01
1.097915272712707520e+02
1.386424584388732910e+02
6.893323707580566406e+01
1.168106038570404053e+02
8.190987157821655273e+01
8.509892916679382324e+01
1.173426616191864014e+02
1.723758959770202637e+02
1.579525201320648193e+02
1.227967348098754883e+02
9.081602621078491211e+01
1.514274110794067383e+02
5.325518751144409180e+01
7.957672452926635742e+01
6.881858015060424805e+01
1.246938333511352539e+02
7.888075590133666992e+01
1.445471754074096680e+02
1.388431293964385986e+02
1.413861794471740723e+02
1.065813727378845215e+02
1.196186614036560059e+02
1.253157925605773926e+02
6.599347138404846191e+01
6.873058390617370605e+01
9.952118825912475586e+01
9.381308698654174805e+01
9.924321532249450684e+01
1.360110342502593994e+02
1.110094347000122070e+02
1.652627296447753906e+02
1.160286512374877930e+02
1.166414420604705811e+02
4.841384053230285645e+01
6.769419002532958984e+01
9.928567743301391602e+01
6.539515137672424316e+01
1.037397246360778809e+02
1.311262412071228027e+02
1.223560810089111328e+02
1.170209748744964600e+02
1.225780718326568604e+02
4.843484807014465332e+01
1.141249096393585205e+02
9.733166694641113281e+01
2.807027926445007324e+02
9.673068308830261230e+01
1.227400727272033691e+02
1.614397618770599365e+02
1.285991883277893066e+02
6.447108578681945801e+01
8.925648975372314453e+01
1.086118388175964355e+02
1.272341973781585693e+02
9.842472171783447266e+01
2.170196087360382080e+02
1.182020261287689209e+02
7.893632841110229492e+01
6.945214748382568359e+01
1.079858241081237793e+02
8.320443868637084961e+01
6.900215291976928711e+01
1.283551077842712402e+02
6.871298623085021973e+01
6.744292116165161133e+01
1.518080615997314453e+02
1.111975648403167725e+02
1.167486188411712646e+02
1.331138994693756104e+02
8.059614276885986328e+01
1.124025990962982178e+02
9.818840074539184570e+01
5.297378492355346680e+01
9.532637047767639160e+01
1.055014970302581787e+02
1.339138569831848145e+02
1.296448593139648438e+02
9.335134887695312500e+01
1.257797474861145020e+02
1.156366045475006104e+02
1.168126242160797119e+02
7.765512204170227051e+01
8.920423340797424316e+01
5.455572414398193359e+01
7.368798756599426270e+01
1.022533957958221436e+02
1.223396856784820557e+02
1.489551174640655518e+02
1.253497056961059570e+02
1.344038679599761963e+02
9.949041295051574707e+01
8.328215074539184570e+01
7.471304082870483398e+01
4.698068475723266602e+01
5.594481134414672852e+01
1.152865390777587891e+02
1.347936778068542480e+02
1.416107590198516846e+02
1.220614883899688721e+02
2.068375191688537598e+02
1.070863032341003418e+02
9.589221811294555664e+01
1.120723698139190674e+02
5.333961796760559082e+01
6.550679826736450195e+01
7.879395937919616699e+01
7.456593656539916992e+01
1.796822404861450195e+02
1.500448639392852783e+02
8.078298258781433105e+01
1.165574598312377930e+02
9.467720222473144531e+01
1.006862227916717529e+02
7.118386816978454590e+01
6.147977542877197266e+01
6.190477395057678223e+01
1.225044941902160645e+02
1.631219921112060547e+02
1.368067162036895752e+02
1.564419522285461426e+02
7.914901471138000488e+01
1.029493029117584229e+02
9.504417896270751953e+01
9.039611864089965820e+01
5.124261045455932617e+01
6.591383624076843262e+01
7.619595551490783691e+01
7.742887115478515625e+01
1.301764702796936035e+02
1.485196788311004639e+02
1.546093230247497559e+02
1.022840924263000488e+02
1.104672479629516602e+02
5.321155858039855957e+01
8.197293162345886230e+01
7.028673124313354492e+01
1.170693714618682861e+02
8.309298157691955566e+01
1.558537600040435791e+02
1.605398139953613281e+02
1.946392502784729004e+02
2.007502682209014893e+02
4.769553947448730469e+01
1.105712740421295166e+02
1.084792711734771729e+02
1.207024202346801758e+02
1.007631385326385498e+02
9.767810273170471191e+01
9.366908931732177734e+01
9.966415214538574219e+01
6.904878067970275879e+01
9.207704138755798340e+01
4.608652663230895996e+01
1.270314366817474365e+02
1.181603829860687256e+02
1.400375807285308838e+02
1.082442195415496826e+02
1.218533227443695068e+02
7.333878612518310547e+01
9.046793794631958008e+01
8.362189483642578125e+01
1.005261082649230957e+02
4.864356684684753418e+01
5.566262865066528320e+01
9.905510950088500977e+01
1.264854037761688232e+02
1.063190929889678955e+02
1.761609311103820801e+02
1.181452927589416504e+02
1.459785623550415039e+02
1.699798514842987061e+02
1.333663773536682129e+02
6.392273116111755371e+01
8.350384449958801270e+01
7.497584795951843262e+01
2.744859704971313477e+02
1.212543442249298096e+02
9.190398192405700684e+01
1.038321354389190674e+02
1.415355095863342285e+02
7.087879896163940430e+01
1.325034580230712891e+02
7.514782834053039551e+01
5.561062788963317871e+01
1.054980618953704834e+02
1.091371667385101318e+02
1.365654613971710205e+02
1.105742068290710449e+02
1.313753917217254639e+02
9.144995355606079102e+01
7.990087676048278809e+01
1.466415553092956543e+02
1.091300964355468750e+02
6.698974967002868652e+01
8.606694436073303223e+01
1.058971476554870605e+02
1.892589612007141113e+02
1.451035079956054688e+02
1.370494210720062256e+02
1.480385301113128662e+02
1.360154139995574951e+02
1.270353169441223145e+02
5.559457921981811523e+01
9.270596003532409668e+01
5.999867010116577148e+01
7.502276277542114258e+01
8.181584930419921875e+01
1.289253416061401367e+02
8.919100832939147949e+01
1.352264506816864014e+02
1.064620721340179443e+02
1.003980655670166016e+02
4.687848663330078125e+01
7.039575505256652832e+01
8.506590366363525391e+01
8.079684162139892578e+01
9.443196082115173340e+01
2.412815079689025879e+02
1.907669653892517090e+02
1.374554107189178467e+02
1.671660907268524170e+02
1.069993612766265869e+02
4.017402791976928711e+01
5.743588399887084961e+01
6.241219401359558105e+01
6.190009832382202148e+01
1.010680325031280518e+02
1.378709251880645752e+02
1.386399452686309814e+02
9.318266510963439941e+01
1.138577380180358887e+02
1.349677910804748535e+02
4.546527528762817383e+01
6.965952420234680176e+01
8.988155317306518555e+01
9.165661978721618652e+01
1.331257030963897705e+02
1.086044647693634033e+02
1.631022348403930664e+02
1.278344445228576660e+02
9.673489332199096680e+01
1.324596326351165771e+02
5.896194815635681152e+01
7.003243350982666016e+01
1.763688666820526123e+02
1.743567664623260498e+02
9.875398969650268555e+01
9.090257453918457031e+01
7.213164281845092773e+01
7.323160386085510254e+01
1.123986811637878418e+02
6.999754714965820312e+01
8.020621633529663086e+01
1.022793240547180176e+02
1.519339866638183594e+02
1.238900570869445801e+02
9.733819508552551270e+01
1.341974048614501953e+02
1.406345660686492920e+02
7.022229433059692383e+01
7.191134667396545410e+01
1.167537884712219238e+02
5.218269753456115723e+01
9.477108144760131836e+01
7.777056050300598145e+01
1.066704990863800049e+02
1.284641695022583008e+02
9.311398339271545410e+01
8.474579596519470215e+01
9.006895995140075684e+01
8.647380638122558594e+01
1.184158639907836914e+02
7.910962271690368652e+01
5.887394976615905762e+01
6.722518062591552734e+01
1.182279026508331299e+02
1.507308564186096191e+02
1.139616584777832031e+02
8.654086041450500488e+01
9.856316018104553223e+01
1.022163505554199219e+02
1.100155735015869141e+02
4.699157810211181641e+01
8.176969504356384277e+01
1.259240694046020508e+02
1.416997592449188232e+02
1.229298501014709473e+02
1.492173724174499512e+02
1.571915857791900635e+02
1.105835523605346680e+02
1.796270930767059326e+02
1.165297033786773682e+02
6.850556039810180664e+01
9.529620718955993652e+01
8.166590189933776855e+01
1.312849934101104736e+02
1.700639193058013916e+02
1.052833969593048096e+02
8.635896325111389160e+01
1.267129213809967041e+02
8.784899640083312988e+01
1.024133601188659668e+02
7.910780620574951172e+01
6.644051361083984375e+01
1.217087755203247070e+02
8.682603216171264648e+01
1.677498159408569336e+02
1.567095670700073242e+02
9.631721735000610352e+01
8.935203337669372559e+01
1.473203580379486084e+02
1.416512849330902100e+02
1.353481333255767822e+02
4.605708479881286621e+01
2.102306451797485352e+02
1.107379362583160400e+02
1.109928703308105469e+02
1.441884789466857910e+02
1.899842963218688965e+02
1.171470198631286621e+02
8.920354199409484863e+01
1.295842308998107910e+02
4.190071845054626465e+01
1.005957236289978027e+02
5.871698141098022461e+01
1.012237401008605957e+02
1.444014575481414795e+02
2.027474901676177979e+02
1.447114214897155762e+02
1.322372565269470215e+02
1.109589066505432129e+02
1.963933603763580322e+02
8.785256123542785645e+01
5.423393440246582031e+01
4.666080403327941895e+01
5.877505683898925781e+01
8.906553983688354492e+01
7.329222512245178223e+01
2.251378467082977295e+02
1.716379985809326172e+02
1.952055134773254395e+02
1.903597083091735840e+02
