9.053868765818151587e-14
7.471800955727303517e-14
2.257638520575255825e-13
2.581268532253488956e-13
3.954614413714807597e-13
1.716848885280342074e-12
1.717076481000390231e-11
2.920430564046228028e-11
2.035316359894068228e-12
1.358135826023953996e-12
8.432143872028063925e-14
1.406652572200073337e-13
1.725286580267493264e-13
4.078404280960512551e-13
1.203592780996132205e-12
4.078570814414206325e-12
2.737977067290842115e-10
2.967293077915655886e-12
9.299783165772623761e-13
5.044853423896711320e-13
1.054711873393898713e-13
1.736943922026057407e-13
3.528843883771060064e-13
7.387424005855791620e-13
3.237521362109418988e-12
1.391663728700365255e-09
5.497824417943775188e-12
1.612932010175427422e-12
5.669908986760674452e-13
4.042877144172507542e-13
2.409183963436589693e-13
2.354227923717644444e-13
3.826383654370602017e-13
1.594890886025268628e-12
4.181543999948189594e-12
7.686756786640103201e-11
3.733902076419326477e-12
8.758549441267859947e-13
7.405187574249794125e-13
2.872146964705279970e-13
2.511324481702104094e-13
3.512745649913995294e-13
7.722711359292588895e-13
1.750655176380178091e-12
2.409950017323581051e-11
2.470013082955802020e-11
2.288058631449985114e-12
7.512879207638434309e-13
6.701306176637444878e-13
3.128053371881378553e-13
5.911937606128958578e-13
3.469446951953614189e-13
7.586709038776007219e-13
2.186861802755402095e-12
3.978867235687744142e-11
9.142964163544320400e-12
1.702804564018833844e-12
5.240807787743051449e-13
5.445643935786392831e-13
3.430034034579421132e-13
3.222422328974516859e-13
3.160804951107820671e-13
4.942157794118884340e-13
1.984301611912542285e-12
2.671879384408271108e-11
1.763017509759379209e-11
1.923627923616777480e-12
6.180056466575933882e-13
4.307665335545607377e-13
2.288724765264760208e-13
2.052247261019601865e-13
2.861599845971340983e-13
6.533662499919046240e-13
2.138123011974357723e-12
5.544176229221875474e-11
2.926503483990927634e-11
2.977840196649594873e-12
8.402167850363184698e-13
2.969291479359981167e-13
3.042566198985241499e-13
1.503797086854774534e-13
2.176037128265306819e-13
3.563260797534439916e-13
7.778777622036159300e-13
3.055944386431974635e-12
5.762363308736695444e-09
5.198064201294982922e-12
1.374123037578556250e-12
9.978684545330906985e-13
3.968492201522622054e-13
1.082467449009527627e-13
1.886824030350453540e-13
3.118061364659752144e-13
3.869682352330983122e-13
1.297184581972032902e-12
7.989220396353857723e-12
7.163430959522543162e-11
3.370193013552125194e-12
1.059208276643630597e-12
4.456435220845378353e-13
8.854028621385623410e-14
8.620881786214340536e-14
2.337574578348267096e-13
2.504663143554353155e-13
7.371880883511039428e-13
3.383626712150089588e-12
9.000934053648990130e-09
5.093758748131449465e-12
1.101063684671998999e-12
6.013523012882160401e-13
1.058597653980086761e-13
1.663669202400797076e-13
2.675082377834314684e-13
4.956035581926698796e-13
2.220001960040463018e-12
1.536382132627522878e-11
2.340022620117565566e-11
4.674760578637915387e-12
8.870126855242688180e-13
6.173395128428182943e-13
2.131628207280300558e-13
2.161049117432867206e-13
4.122813201945518813e-13
8.432143872028063925e-13
5.521860746426909827e-12
6.425053751812903613e-07
2.567501766748137015e-12
7.382428002244978416e-13
1.035338481614189732e-12
3.513300761426307872e-13
1.647570968543732306e-13
6.123990203832363477e-13
1.193933840681893344e-12
1.559474771539726135e-12
4.613565085520576758e-11
4.045203061409097245e-11
1.548983163957018405e-12
1.262212556696340471e-12
5.446199047298705409e-13
3.532729664357248112e-13
1.942890293094023946e-13
3.472222509515177080e-13
6.903366767119223368e-13
2.123357045746843141e-12
1.932319304565055518e-10
1.814566830127262165e-10
4.566402811434500109e-12
4.320988011841109255e-13
3.960165528837933380e-13
2.526867604046856286e-13
2.250977182427504886e-13
3.393396674766790966e-13
8.578693311278584588e-13
2.944089416700990114e-12
1.002738447830608948e-10
8.762768288761435542e-12
6.790068507456226143e-12
6.463718449367661378e-13
5.354605647767129994e-13
4.063416270128072938e-13
1.516009540125651256e-13
2.871036741680654814e-13
5.608291608893978264e-13
1.595945597898662527e-12
1.568484231384559280e-11
4.080008553231095902e-11
1.353694933925453370e-12
7.795986078917849227e-13
3.245737012491645146e-13
3.863576125695544761e-13
1.877387134641139710e-13
2.435274204515280871e-13
3.693712002927895810e-13
1.927569215354196785e-12
9.635403586116808583e-12
4.998535474420862101e-10
4.592548563664422545e-12
1.078859224179495868e-12
7.170375404541573516e-13
3.060884878891556582e-13
1.508237978953275160e-13
1.626476731075854332e-13
1.971756091734278016e-13
6.830647159006275615e-13
1.825872786298532446e-12
4.065831005206632653e-11
8.909706306070575010e-12
1.912636715672988430e-12
8.471556789402256982e-13
4.446443213623751944e-13
1.140754157802348345e-13
1.554867345987531735e-13
1.955102746364900668e-13
3.770317391627031611e-13
1.952826789164419097e-12
4.223954519488870574e-12
3.675814597148274743e-09
1.511951674970646309e-11
2.150946087908778281e-12
8.751888103120109008e-13
1.051381204320023244e-13
1.051381204320023244e-13
1.534883331544278917e-13
3.420042027357794723e-13
2.011835142923246167e-12
4.737321646075542958e-12
3.960515249090690304e-11
2.099598273019864791e-12
8.578138199766272010e-13
4.449218771185314836e-13
1.381117442633694736e-13
2.050581926482664130e-13
2.578492974691926065e-13
9.995893002212596912e-13
4.112266083211579826e-12
2.861707315560124698e-09
3.720579400123824598e-12
1.476596622751458199e-12
5.430100813441640639e-13
3.967937090010309475e-13
3.348987753781784704e-13
3.523292768647934281e-13
8.786860128395801439e-13
1.141198247012198408e-12
2.655059505585199986e-11
2.096517404126529982e-11
1.288413820077494165e-12
7.439604488013173977e-13
8.754663660681671900e-13
2.987055047753983672e-13
1.275091143781992287e-13
3.421152250382419879e-13
4.948819132266635279e-13
1.377786773559819267e-12
8.865935763324728214e-11
8.311074051192690604e-12
2.961686451641298845e-12
8.513745264338012930e-13
3.337330412023220561e-13
2.788880237858393230e-13
2.265410081747631921e-13
2.642885910120185144e-13
6.352141035392833146e-13
2.231215212589177099e-12
2.230613471709830264e-10
9.153067193068409324e-12
1.432298724068914453e-12
6.595279877785742428e-13
3.017031069418862899e-13
3.586575481051568204e-13
1.643130076445231680e-13
2.915445662665661075e-13
4.897748873133878078e-13
3.828326544663696041e-12
7.933581569474768003e-11
1.445799036048356356e-11
1.600997112660706989e-12
7.930878176409805747e-13
7.926437284311305120e-13
1.865729792882575566e-13
1.650346526105295197e-13
2.027822354477848421e-13
3.438915818776422384e-13
1.551259121157499976e-12
8.775813409300781132e-12
3.264594150564903430e-11
2.067790383364354057e-12
7.667200208061331068e-13
4.203859482743155240e-13
4.125033647994769126e-13
1.547650896327468217e-13
1.797451076868128439e-13
3.710365348297273158e-13
1.057598453257924120e-12
2.956301869971866836e-12
4.935640784964334671e-10
5.034528349767697364e-12
1.562250329101289026e-12
1.171007735223383861e-12
4.257150187925162754e-13
1.474931288214520464e-13
2.020050793305472325e-13
3.004818616147986177e-13
4.531375275007576420e-13
1.751654377102340732e-12
9.956757640594560144e-12
2.995936831950984924e-11
2.252531494661980105e-12
9.975908987769344094e-13
4.221623051137157745e-13
9.531264666406968900e-14
1.276756478318930021e-13
2.677857935395877576e-13
1.901812041182893154e-13
6.771250227188829740e-13
2.507549723418378562e-12
4.276567988625856742e-11
1.181504893921214716e-11
2.362221529494945571e-12
9.802159084415507095e-13
1.138533711753098032e-13
1.467714838554456946e-13
2.012279232133096230e-13
7.630562848248700902e-13
2.511657548609491641e-12
5.682171400067659306e-10
7.701672632975942179e-12
7.838174553853605175e-13
4.538591724667639937e-13
2.856603842360527779e-13
1.521560655248777039e-13
2.189359804560808698e-13
3.118616476172064722e-13
1.146915895589017964e-12
1.417294059891105462e-11
5.797862190348723743e-11
1.681432770794799580e-12
6.276645869718322501e-13
3.069766663088557834e-13
3.017031069418862899e-13
1.766919943690936634e-13
3.229638778634580376e-13
3.861910791158607026e-13
1.050715070505248150e-12
2.836686441298752470e-11
6.514344619290568517e-12
1.301236896011914723e-12
4.906630657330879330e-13
3.052003094694555330e-13
2.810529586838583782e-13
1.594835374874037370e-13
3.632649736573512200e-13
6.321609902215641341e-13
2.874089854998373994e-12
4.921253959899729580e-10
7.839950910693005426e-12
1.504352198367087112e-12
4.928835117823382461e-13
1.075806110861776688e-12
1.528221993396527978e-13
1.509903313490212895e-13
3.698152895026396436e-13
7.628342402199450589e-13
1.598998711216381707e-12
8.209011248538899963e-11
9.047096405367938132e-12
1.079414335691808446e-12
4.264921749097538850e-13
2.587929870401239896e-13
2.790545572395330964e-13
4.184430579812215001e-13
2.238764729156628164e-13
5.245248679841552075e-13
1.707745056478415790e-12
1.388428261250851392e-11
1.457012288597070437e-11
1.775690705585475371e-12
8.242295734817162156e-13
3.418376692820856988e-13
3.327893516313906730e-13
1.200706201132106798e-13
2.327582571126640687e-13
3.929634395660741575e-13
1.803557303503566800e-12
6.420974862919592852e-12
6.587319578699180056e-11
2.753186567616694447e-12
9.437450820826143172e-13
5.848654893725324655e-13
2.999822612537172972e-13
2.313149671806513652e-13
1.982303210468217003e-13
3.276823257181149529e-13
6.172284905403557786e-13
1.494138146540535672e-12
3.054454467132927675e-10
6.357858683969652702e-12
1.760924739357960789e-12
6.880052083602095081e-13
4.962141808562137157e-13
1.146305272925474128e-13
1.569855356819971348e-13
2.307043445171075291e-13
6.412093078722591599e-13
8.913980664715381863e-13
4.539091325028721258e-12
6.965002463665825871e-10
5.985101303451756394e-12
1.306621477681346732e-12
5.649924972317421634e-13
6.733502644351574418e-14
1.277866701343555178e-13
1.962874307537276763e-13
2.042255253797975456e-13
5.729861030090432905e-13
1.799727034068610010e-12
1.963340601207619329e-11
2.220962302956763779e-11
2.168043522488005692e-12
1.269484517507635246e-12
7.693845560652334825e-14
1.366129431801255123e-13
2.836064716404962383e-13
9.901524045119458606e-13
4.761635530314833886e-12
1.119033199437069470e-10
1.370570323899755749e-12
1.482702849386896560e-12
5.109801470837282977e-13
3.107514245925813157e-13
1.247890679678675951e-13
2.371991492111646949e-13
5.958566973163215152e-13
1.524502746264033703e-12
1.131650884111934374e-10
3.978373186441785947e-12
9.516276655574529286e-13
4.943268017143509496e-13
2.916000774177973653e-13
2.262079412673756451e-13
2.389755060505649453e-13
2.301492330047949508e-13
4.908851103380129643e-13
1.864286502950562863e-12
1.828018347804771793e-09
2.868705273328941985e-12
1.075584066256851656e-12
4.475864123776318593e-13
3.246292124003957724e-13
1.622590950489666284e-13
1.871280908005701349e-13
3.365641099151162052e-13
5.893618926222643495e-13
3.867517417432964066e-12
4.995772739935233631e-09
3.806177595322424168e-12
1.134314864259522437e-12
4.722333635243103345e-13
2.399191956214963284e-13
1.882938249764265493e-13
1.905697821769081202e-13
6.185607581699059665e-13
9.772738174262940447e-13
5.085487586597992049e-12
6.686641795816683498e-10
1.125499693443998694e-11
1.128375171077777850e-12
6.428191312579656369e-13
3.799738301779598260e-13
2.801092691129269951e-13
1.919020498064583080e-13
2.453592884421595954e-13
5.791478407957129093e-13
1.620426015591647229e-12
4.978245593534325053e-11
1.084676792828531688e-11
2.259692433170812365e-12
5.650480083829734212e-13
3.637645740184325405e-13
2.266520304772257077e-13
8.387734951043057663e-14
3.483879851273741224e-13
3.487765631859929272e-13
8.800737916203615896e-13
4.766631533925647091e-12
9.010708845735848627e-11
2.588540493064783732e-12
1.108502178936987548e-12
4.341527137796674651e-13
3.271272142058023746e-13
1.073585664812526375e-13
2.260414078136818716e-13
2.899347428808596305e-13
6.565303856120863202e-13
2.440492252731019107e-12
4.515626761403268574e-11
6.907696636915261479e-12
2.897182493910577250e-12
7.321365735890594806e-13
5.405120795387574617e-13
1.332822741062500427e-13
3.840261442178416473e-13
2.076117056049042731e-13
7.701062010312398343e-13
9.782730181484566856e-13
3.686495553267832292e-12
1.395545345950210958e-09
4.254874230724681183e-12
1.210975764109889496e-12
6.886713421749846020e-13
8.582023980352460057e-14
1.146305272925474128e-13
2.304267887609512400e-13
3.060884878891556582e-13
5.518363543899340584e-13
2.110089880602572521e-12
1.186462039726166040e-11
4.878003556640919669e-11
3.728573005901125725e-12
1.085576073478478065e-12
9.836575998178886948e-14
2.646216579194060614e-13
4.953260024365135905e-13
1.330158205803400051e-12
2.242266972096729205e-08
4.044653501011907792e-12
7.674971769233707164e-13
3.601008380371695239e-13
2.530753384633044334e-13
1.970090757197340281e-13
1.775801727887937886e-13
2.101097074103108753e-13
1.573297048196309333e-12
3.200273379633244986e-12
1.271252547674350808e-10
1.706024210790246798e-12
4.843903056439557986e-13
4.093947403305264743e-13
2.405853294362714223e-13
1.707523011873490759e-13
1.172950625516477885e-13
2.697841949839130393e-13
6.670219931947940495e-13
3.583799923490005312e-12
5.017047888244974274e-11
1.543931649194973943e-12
8.796852135617427848e-13
2.076117056049042731e-13
2.564615186884111608e-13
1.936784066458585585e-13
1.574851360430784553e-13
2.583488978302739270e-13
8.304468224196170922e-13
3.732958386848395094e-12
1.627516454938415791e-10
2.388034214817480461e-12
6.646350136918499629e-13
3.828048988907539751e-13
2.705058399499193911e-13
2.222666495299563394e-13
1.461053500406706007e-13
3.314015728506092273e-13
6.111222639049174177e-13
1.874889132835733108e-12
9.192972494354023638e-10
6.329936574900330015e-12
8.417710972707936889e-13
4.605205106145149330e-13
2.133848653329550871e-13
2.901012763345534040e-13
1.478261957288395934e-13
2.280398092580071534e-13
3.750888488696091372e-13
2.086941730539138007e-12
3.294531314423920776e-11
8.933687123402478392e-12
1.778299729693344489e-12
6.520894935135856940e-13
9.022227409616334626e-13
2.456368441983158846e-13
2.556843625711735513e-13
3.868572129306357965e-13
3.566036355096002808e-13
7.427392034742297255e-13
3.541500426251786848e-12
1.310320740799397754e-10
5.570099936846872879e-12
9.143241719300476689e-13
6.323275236752579076e-13
4.891087534986127139e-13
1.038613639536833944e-13
1.793565296281940391e-13
3.212430321752890450e-13
5.230260669009112462e-13
1.812827665759186857e-12
2.649153119094194153e-11
6.360578730379984336e-12
1.681432770794799580e-12
8.575917753717021697e-13
4.100608741453015682e-13
1.481037514849958825e-13
1.256772463875677204e-13
2.556843625711735513e-13
4.070632719788136455e-13
7.578937477603631123e-13
3.532119041693704276e-12
7.394462819831915112e-10
4.062583602859604071e-12
1.481981204420890208e-12
1.005306948798079247e-12
6.361577931102146977e-14
1.218469769526109303e-13
1.436628593864952563e-13
3.285705041378150781e-13
6.008527009271347197e-13
1.468436483520463298e-12
1.122790749263913312e-11
8.462602840708655094e-11
2.457589687310246518e-12
1.439737218333903002e-12
6.789013795582832245e-14
2.861599845971340983e-13
5.860867346996201377e-13
3.808897641732755801e-12
9.365952458040283091e-12
1.106725822097587297e-12
3.833600104030665534e-13
3.148037386324631370e-13
1.912914271429144719e-13
1.594280263361724792e-13
3.327338404801594152e-13
2.558508960248673247e-13
6.961098364399731508e-13
1.392469473060486962e-11
7.326750317560026815e-12
7.683298441918395838e-13
3.229083667122267798e-13
2.610134330893743027e-13
2.262079412673756451e-13
1.464939280992894055e-13
9.842127113302012731e-14
2.110533969812422583e-13
9.540146450603970152e-13
4.218808635769732973e-11
6.712408406883696443e-12
1.160183060733288585e-12
3.717581797957336676e-13
5.149214388211476034e-13
1.738054145050682564e-13
1.045830089196897461e-13
1.141309269314660924e-13
3.687605776292457449e-13
5.584976925376849977e-13
5.048239604121818047e-12
1.925715142903072774e-11
1.548927652805787147e-12
5.017652959793394984e-13
4.053424262906446529e-13
2.938205234670476784e-13
2.398081733190338127e-13
9.736655925962622860e-14
3.302358386747528129e-13
7.470690732702678361e-13
2.252309450057055074e-12
4.171659129248439513e-10
2.749855898542818977e-12
7.955858194463871769e-13
1.143474204212679979e-12
2.568500967470299656e-13
2.490785355746538698e-13
2.111644192837047740e-13
2.520206265899105347e-13
3.639866186233575718e-13
1.466493593227369274e-12
3.680006299688898252e-11
5.730305119300282968e-12
8.182343691487403703e-13
5.776490397124689480e-13
3.738120923912902072e-13
8.411049634560185950e-13
1.326161402914749488e-13
2.023936573891660373e-13
3.417266469796231831e-13
1.053990228427892362e-12
5.467404307069045899e-12
5.468331343294607905e-11
2.101374629859265042e-12
7.492895193195181491e-13
4.375388940047741926e-13
4.224953720211033215e-13
9.675593659608239250e-14
1.059707877004711918e-13
3.205768983605139510e-13
5.794253965518691984e-13
1.452893361175711107e-12
1.956511619383149991e-10
6.600275881396555633e-12
1.987632280986417754e-12
1.629529844393573512e-12
9.224843111610425694e-13
8.998357614586893760e-14
1.386113446244507941e-13
1.990629883152905677e-13
4.350964033505988482e-13
1.196431842487299946e-12
5.752676113246479872e-12
2.195127968285248699e-10
4.066746939201948408e-12
1.260935800218021541e-12
6.256661855275069684e-13
6.794564910705958027e-14
1.027511409290582378e-13
1.355027201555003558e-13
2.259303855112193560e-13
4.372058270973866456e-13
1.371125435412068327e-12
1.809098426619470956e-10
1.583738695742908931e-11
2.036204538313768353e-12
1.192157483842493093e-12
1.389999226830695989e-13
2.431388423929092824e-13
1.158240170440194561e-12
7.005153805916819465e-07
3.241629187300532067e-12
4.993228053251641541e-13
3.581024365928442421e-13
2.041700142285662878e-13
1.093014567743466614e-13
2.277622535018508643e-13
3.150812943886194262e-13
3.111955138024313783e-13
1.592004306161243221e-12
5.630616148333267290e-07
1.291022844185363283e-12
9.417466806382890354e-13
6.288303211476886645e-13
1.781352843011063669e-13
3.056443986793055956e-13
1.311173392082309874e-13
1.450506381672767020e-13
5.124234370157410012e-13
1.995237308705100077e-12
1.155755252613133166e-08
1.863176279925937706e-12
7.065459328714496223e-13
3.543831894603499677e-13
4.997668945350142167e-13
1.978972541394341533e-13
2.089439732344544609e-13
1.093014567743466614e-13
3.675948434533893305e-13
7.460143613968739373e-13
4.437067380180792497e-11
5.107303469031876375e-12
7.831513215705854236e-13
3.269606807521086012e-13
2.628453010800058109e-13
2.158828671383616893e-13
3.166356066230946453e-13
1.494360191145460703e-13
2.715605518233132898e-13
7.895906151134113315e-13
3.585964858388024368e-12
6.002121022419260044e-11
1.413480443801518049e-12
8.577583088253959431e-13
5.416778137146138761e-13
3.204658760580514354e-13
3.729794251228213398e-13
1.059152765492399340e-13
1.939004512507835898e-13
5.058176100192213198e-13
1.580069408646522788e-12
1.178484687613945425e-08
5.064837438339964137e-12
1.022681939133462947e-12
5.312972284343686624e-13
4.045097590221757855e-13
4.191647029472278518e-13
1.074140776324838953e-13
2.186029135486933228e-13
4.178879464689089218e-13
1.879885136446546312e-12
7.901235221652314067e-12
1.154737416797502192e-11
1.744382416291045956e-12
7.530642776032436814e-13
4.984901380566952867e-13
7.976397320419437165e-13
1.250111125727926265e-13
1.272870697732741974e-13
1.828537321557632822e-13
6.757927550893327862e-13
5.368150368667556904e-12
1.254399528693994625e-09
3.983091634296442862e-12
1.564581797453001855e-12
6.718514633519134804e-13
5.244693568329239497e-13
9.414691248821327463e-14
1.628697177125104645e-13
2.526312492534543708e-13
3.590461261637756252e-13
1.417310713236474840e-12
9.626688335373501104e-12
7.330108742209517914e-11
3.006150883777536365e-12
1.164346397075632922e-12
8.253953076575726300e-13
1.049715869783085509e-13
1.192934639959730703e-13
1.517674874662588991e-13
2.931543896522725845e-13
7.779332733548471879e-13
1.969313601080102671e-12
1.140616490147294826e-10
1.190642029413879754e-11
2.405520227455326676e-12
1.453281939234329911e-12
1.141309269314660924e-13
3.935740622296179936e-13
3.405387083432742656e-12
3.193223463426875242e-12
4.375388940047741926e-13
2.321476344491202326e-13
2.743916205361074390e-13
2.121636200058674149e-13
2.786104680296830338e-13
1.395550341953821771e-13
1.981748098955904425e-13
3.725353359129712771e-13
5.164313421346378163e-12
5.981604100924187151e-12
1.184496944972579513e-12
3.423927807943982771e-13
5.461742169643457601e-13
2.867150961094466766e-13
1.146860384437786706e-13
1.851296893562448531e-13
3.355649091929535643e-13
5.433431482515516109e-13
1.920019698786745721e-12
2.096767204307070642e-11
1.032229857145239293e-12
6.977196598256796278e-13
6.525335827234357566e-13
2.519651154386792768e-13
2.758904216193514003e-13
2.768341111902827834e-13
1.784128400572626560e-13
3.096412015679561591e-13
1.434630192420627282e-12
2.143959076994494950e-06
2.500555318363240076e-12
8.725797862041417829e-13
4.951039578315885592e-13
3.415601135259294097e-13
3.838596107641478739e-13
2.586264535864302161e-13
1.432187701766451937e-13
3.493316746983055054e-13
8.320566458053235692e-13
1.527222792674365337e-11
6.513956041231949712e-12
1.525723991591121376e-12
5.532241331707155041e-13
3.966826866985684319e-13
5.212497100615109957e-13
2.784439345759892603e-13
1.340594302234876523e-13
3.263500580885647651e-13
8.788525462932739174e-13
3.618050303799691392e-12
1.673835514637289634e-10
2.880584659692431160e-12
9.243716903029053356e-13
6.762923554504141066e-13
4.827804822582493216e-13
3.522737657135621703e-13
1.359468093653504184e-13
1.729727472365993890e-13
4.817812815360866807e-13
5.459799279350363577e-12
2.782182262350829660e-10
1.040767472204606747e-11
1.671496274724404429e-12
1.425526363618700998e-12
8.850697952311747940e-13
6.079581282847357215e-13
1.399991234052322397e-13
1.944000516118649102e-13
2.159383782895929471e-13
1.058930720887474308e-12
4.005240583637714735e-12
4.341653703221481919e-10
4.932110275746026673e-12
1.209143896119257988e-12
1.028066520802894956e-12
8.989475830389892508e-13
1.067479438177088014e-13
1.387778780781445676e-13
3.018696403955800633e-13
5.712652573208742979e-13
3.935241021935098615e-12
3.471084530914936295e-11
1.290795248465315126e-11
3.525013614336103274e-12
1.831812479480277034e-12
1.284583550642537375e-12
6.883382752675970551e-14
1.131317262093034515e-13
1.731392806902931625e-13
3.516076318987870764e-13
1.196764909394687493e-12
4.676981024687165700e-12
1.997750160631639460e-05
9.486578189665806349e-12
4.619749027767738880e-12
1.594335774512956050e-12
2.053357484044227022e-13
1.481426092908577630e-12
1.204402688692596257e-10
1.596611731713437621e-12
4.657940699814844265e-13
3.231304113171518111e-13
2.355893258254582179e-13
1.703637231287302711e-13
1.891264922448954167e-13
1.401656568589260132e-13
2.532418719169982069e-13
1.474820265912057948e-12
7.031825122183477106e-10
1.272981720035204489e-12
8.388845174067682819e-13
3.404498905013042531e-13
2.543520949416233634e-13
6.038503030936226423e-13
2.769451334927452990e-13
3.154143612960069731e-13
1.514344205588713521e-13
6.107891969975298707e-13
1.807276550636061074e-11
1.760780410364759518e-11
7.961964421099310130e-13
7.941980406656057312e-13
2.661759701538812806e-13
3.809730309001224668e-13
3.382294444520539400e-13
2.456923553495471424e-13
3.244626789467019989e-13
6.595834989298055007e-13
2.871758386646661165e-12
5.868041608181329138e-10
2.075117855326880090e-12
8.034684029212257883e-13
3.844147222764604521e-13
3.611000387593321648e-13
4.035105583000131446e-13
4.404254738687995996e-13
1.781907954523376247e-13
3.344546861683284078e-13
2.574718216408200533e-12
1.199598381740329955e-08
8.160416786751056861e-12
1.694477891334145170e-12
6.005751451709784305e-13
1.554589790231375446e-12
9.128253708468037075e-13
4.921063556651006365e-13
1.577071806480034866e-13
3.386180225106727448e-13
6.550870956800736167e-13
8.171074927787458364e-12
2.363009787842429432e-11
1.482375333594632139e-11
1.552924455694437711e-12
1.080413536413971087e-12
9.584000260076663835e-13
5.858091789434638486e-13
1.526001547347277665e-13
2.500777362968165107e-13
6.996625501187736518e-13
3.918865232321877556e-12
1.222996204308657298e-09
9.232448139329108017e-12
2.550903932529990925e-12
1.440791930207296900e-12
1.160072038430826069e-12
9.796052857780068734e-13
1.444400155037328659e-13
1.773581281838687573e-13
4.843347944927245408e-13
1.920907877206445846e-12
1.167188568018673323e-11
5.634159805367744411e-11
4.278077891939346955e-12
2.195577053498709574e-12
2.912337038196710637e-12
1.574185226616009459e-12
1.371680546924380906e-13
1.624811396538916597e-13
3.528843883771060064e-13
8.496536807456323004e-13
5.582589945873905890e-12
1.139331406996291207e-10
1.670735771952536197e-11
4.798605957034851599e-12
3.072042620289039405e-12
1.785516179353408006e-12
9.620082508376981423e-14
1.438293928401890298e-13
1.856848008685574314e-13
5.094258348492530786e-13
1.508626557011893965e-12
7.125688927800410966e-12
1.152825002126434129e-09
1.030829310799674658e-10
3.332556453017332387e-12
2.784217301154967572e-12
