2.061959862709045410e+01
1.156293106079101562e+01
1.114936256408691406e+01
1.551241230964660645e+01
5.317821574211120605e+01
3.422014665603637695e+01
3.053403377532958984e+01
3.706741285324096680e+01
1.579177975654602051e+01
1.983956503868103027e+01
2.764752411842346191e+01
8.800473690032958984e+00
1.048243761062622070e+01
1.518758726119995117e+01
1.619358015060424805e+01
3.274773049354553223e+01
5.069561767578125000e+01
3.611958456039428711e+01
2.354235339164733887e+01
1.985118389129638672e+01
1.686789655685424805e+01
1.398879146575927734e+01
2.360444688796997070e+01
2.201852703094482422e+01
1.511049389839172363e+01
2.673015642166137695e+01
4.025314617156982422e+01
2.779813551902770996e+01
1.384961676597595215e+01
2.158976244926452637e+01
1.620614981651306152e+01
2.033977127075195312e+01
1.456608080863952637e+01
1.510809016227722168e+01
1.584077668190002441e+01
5.223866105079650879e+01
1.549758338928222656e+01
2.290764832496643066e+01
1.202960014343261719e+01
2.293956565856933594e+01
4.838001108169555664e+01
1.173482513427734375e+01
1.863055109977722168e+01
2.962573075294494629e+01
2.251290988922119141e+01
5.304957985877990723e+01
1.361670923233032227e+01
2.743096733093261719e+01
1.264039230346679688e+01
3.206312370300292969e+01
1.863841962814331055e+01
1.454732990264892578e+01
3.171680307388305664e+01
2.398670029640197754e+01
2.485321593284606934e+01
4.931678795814514160e+01
2.845574378967285156e+01
2.982708764076232910e+01
3.603894710540771484e+01
3.266689515113830566e+01
3.590606975555419922e+01
3.131034874916076660e+01
1.597536063194274902e+01
2.396084904670715332e+01
3.090618085861206055e+01
3.073480415344238281e+01
1.470930361747741699e+01
1.817759132385253906e+01
2.015326833724975586e+01
1.465489959716796875e+01
2.830032944679260254e+01
2.075400137901306152e+01
1.167819285392761230e+01
2.926439189910888672e+01
1.130077314376831055e+01
6.149338865280151367e+01
1.922820854187011719e+01
2.947129082679748535e+01
1.201123976707458496e+01
1.194432115554809570e+01
2.551569271087646484e+01
1.433090138435363770e+01
1.742122173309326172e+01
2.470315647125244141e+01
1.483894443511962891e+01
4.085044479370117188e+01
3.181412887573242188e+01
2.626117420196533203e+01
1.850977635383605957e+01
1.154065585136413574e+01
2.727626466751098633e+01
1.332723379135131836e+01
1.231317996978759766e+01
1.166487026214599609e+01
1.959197044372558594e+01
1.410325670242309570e+01
3.952929806709289551e+01
3.733422684669494629e+01
2.580056214332580566e+01
2.019006609916687012e+01
2.359577703475952148e+01
2.393407702445983887e+01
1.104533243179321289e+01
2.354108834266662598e+01
1.367723727226257324e+01
3.055097889900207520e+01
3.572064852714538574e+01
2.329950070381164551e+01
2.441032862663269043e+01
1.104088258743286133e+01
3.583098745346069336e+01
1.198778009414672852e+01
2.726456236839294434e+01
1.177205991744995117e+01
1.556897974014282227e+01
4.325662112236022949e+01
2.724056482315063477e+01
1.516205978393554688e+01
1.291691970825195312e+01
1.042278623580932617e+01
2.538465619087219238e+01
1.650458097457885742e+01
1.207014989852905273e+01
1.508156919479370117e+01
1.528334331512451172e+01
6.986965680122375488e+01
2.066693806648254395e+01
1.216303825378417969e+01
3.197851014137268066e+01
2.003526210784912109e+01
1.625787138938903809e+01
2.435197019577026367e+01
1.199615168571472168e+01
1.489598536491394043e+01
2.088601732254028320e+01
3.271937870979309082e+01
1.891891717910766602e+01
1.984503221511840820e+01
1.600409412384033203e+01
3.420841646194458008e+01
2.304969573020935059e+01
1.651619195938110352e+01
1.156134581565856934e+01
2.154399847984313965e+01
1.727279877662658691e+01
6.151394414901733398e+01
2.047620177268981934e+01
1.563599991798400879e+01
1.000694084167480469e+01
2.412350177764892578e+01
2.324528241157531738e+01
1.359185600280761719e+01
1.501127791404724121e+01
2.854815411567687988e+01
1.970754885673522949e+01
6.440504622459411621e+01
1.262546992301940918e+01
3.444296407699584961e+01
1.278805088996887207e+01
1.366017246246337891e+01
4.307247924804687500e+01
1.969251275062561035e+01
1.586879205703735352e+01
1.658629298210144043e+01
2.412085843086242676e+01
6.499211978912353516e+01
1.265685200691223145e+01
1.116989302635192871e+01
2.756963014602661133e+01
9.734107494354248047e+00
1.327246928215026855e+01
4.371998023986816406e+01
1.735401749610900879e+01
4.106145954132080078e+01
2.292906427383422852e+01
6.795702624320983887e+01
1.374384856224060059e+01
1.231967687606811523e+01
1.326208114624023438e+01
1.101103568077087402e+01
2.989432001113891602e+01
2.237918210029602051e+01
2.722496628761291504e+01
1.536473464965820312e+01
2.086528921127319336e+01
2.098274183273315430e+01
4.678117632865905762e+01
3.765777492523193359e+01
1.786948776245117188e+01
2.331493496894836426e+01
1.885992646217346191e+01
1.488348484039306641e+01
1.363471531867980957e+01
1.646075606346130371e+01
1.153822875022888184e+01
1.387620711326599121e+01
5.232285881042480469e+01
1.922693943977355957e+01
2.953316569328308105e+01
2.132495379447937012e+01
3.212140917778015137e+01
1.798581838607788086e+01
2.110139513015747070e+01
2.572209954261779785e+01
1.291422367095947266e+01
2.870497441291809082e+01
7.208875513076782227e+01
1.650256133079528809e+01
3.270173573493957520e+01
1.217916584014892578e+01
1.865061450004577637e+01
1.497349762916564941e+01
1.514664340019226074e+01
1.715817308425903320e+01
2.077439069747924805e+01
3.373329186439514160e+01
2.852147436141967773e+01
1.421385622024536133e+01
2.452868652343750000e+01
2.183517813682556152e+01
2.585509490966796875e+01
2.847903084754943848e+01
9.664643049240112305e+00
4.307968425750732422e+01
1.565272188186645508e+01
5.748601841926574707e+01
2.745813202857971191e+01
2.015441727638244629e+01
1.082098031044006348e+01
1.990088152885437012e+01
3.636397337913513184e+01
1.127438712120056152e+01
1.205215406417846680e+01
3.421479105949401855e+01
1.952804350852966309e+01
3.522495174407958984e+01
2.041612958908081055e+01
1.399180841445922852e+01
2.441400551795959473e+01
2.070801568031311035e+01
1.822080969810485840e+01
1.879399061203002930e+01
1.226734566688537598e+01
2.303140497207641602e+01
2.254980850219726562e+01
6.386351394653320312e+01
1.612475156784057617e+01
2.263364458084106445e+01
1.191574883460998535e+01
2.758966231346130371e+01
2.096856164932250977e+01
1.074045777320861816e+01
1.798740029335021973e+01
2.943884944915771484e+01
1.620442152023315430e+01
4.640871620178222656e+01
2.268054389953613281e+01
1.889889311790466309e+01
3.097387170791625977e+01
1.958357715606689453e+01
3.181070065498352051e+01
2.195916056632995605e+01
3.422571897506713867e+01
1.189621734619140625e+01
2.920922088623046875e+01
5.384197402000427246e+01
1.948375701904296875e+01
1.870236277580261230e+01
1.752912998199462891e+01
1.970668387413024902e+01
1.774041962623596191e+01
1.388514208793640137e+01
1.673262143135070801e+01
1.703208518028259277e+01
2.584253334999084473e+01
3.938621377944946289e+01
2.577380037307739258e+01
2.594799494743347168e+01
1.114198589324951172e+01
1.766423773765563965e+01
1.886752557754516602e+01
1.066284990310668945e+01
1.034720420837402344e+01
2.149485468864440918e+01
2.005338430404663086e+01
3.626816844940185547e+01
4.360592389106750488e+01
2.663245892524719238e+01
1.888318276405334473e+01
9.749370336532592773e+00
3.741771411895751953e+01
9.897200107574462891e+00
2.668326306343078613e+01
1.121196746826171875e+01
1.259408879280090332e+01
1.533012413978576660e+01
4.615114927291870117e+01
4.284672641754150391e+01
1.614131450653076172e+01
1.528072834014892578e+01
2.408544611930847168e+01
1.240939736366271973e+01
1.036366271972656250e+01
1.433700871467590332e+01
1.479491257667541504e+01
2.581853199005126953e+01
3.053516244888305664e+01
2.639884018898010254e+01
1.570884132385253906e+01
1.542164707183837891e+01
2.795133185386657715e+01
2.504896450042724609e+01
1.057708907127380371e+01
1.466096210479736328e+01
2.895862054824829102e+01
3.311440563201904297e+01
1.032719635963439941e+01
2.525574851036071777e+01
2.737697458267211914e+01
1.311015653610229492e+01
1.414136838912963867e+01
2.182830119132995605e+01
2.567318725585937500e+01
2.423215174674987793e+01
2.951823902130126953e+01
4.061837744712829590e+01
1.501914072036743164e+01
1.400772476196289062e+01
1.245436310768127441e+01
1.746459197998046875e+01
3.320915603637695312e+01
1.198101401329040527e+01
1.915382957458496094e+01
2.915243649482727051e+01
2.084066152572631836e+01
2.131025242805480957e+01
2.087909865379333496e+01
1.524266910552978516e+01
1.504753112792968750e+01
1.636436867713928223e+01
1.867132687568664551e+01
5.195092487335205078e+01
2.265688037872314453e+01
2.184324216842651367e+01
2.304392242431640625e+01
3.611285376548767090e+01
1.487074851989746094e+01
2.190854310989379883e+01
2.806908035278320312e+01
2.058645725250244141e+01
2.790186667442321777e+01
1.660370945930480957e+01
2.580864930152893066e+01
2.611241459846496582e+01
2.233863162994384766e+01
3.865952920913696289e+01
1.788103795051574707e+01
1.759215927124023438e+01
1.897470641136169434e+01
1.371656680107116699e+01
1.704014945030212402e+01
1.679377174377441406e+01
1.341980433464050293e+01
9.981847047805786133e+00
2.556709337234497070e+01
5.067664337158203125e+01
1.860523509979248047e+01
3.349952411651611328e+01
1.139794659614562988e+01
9.973055124282836914e+00
1.486613392829895020e+01
2.411467742919921875e+01
1.477083206176757812e+01
2.359312510490417480e+01
1.926575064659118652e+01
1.738492131233215332e+01
4.296990370750427246e+01
2.215956854820251465e+01
2.398121738433837891e+01
3.068233489990234375e+01
3.447422766685485840e+01
1.112498617172241211e+01
2.642271733283996582e+01
1.449639010429382324e+01
2.365502810478210449e+01
2.686776232719421387e+01
4.775146055221557617e+01
3.150662994384765625e+01
1.276806092262268066e+01
1.728351473808288574e+01
5.265606617927551270e+01
2.562160515785217285e+01
1.346277403831481934e+01
1.125236749649047852e+01
2.430037665367126465e+01
2.247272586822509766e+01
3.397649288177490234e+01
3.442702651023864746e+01
1.885509014129638672e+01
1.737525057792663574e+01
2.643436312675476074e+01
1.738391923904418945e+01
2.140361523628234863e+01
2.165968346595764160e+01
2.129448556900024414e+01
3.177354598045349121e+01
2.255218195915222168e+01
1.968176221847534180e+01
1.213328361511230469e+01
2.200986719131469727e+01
2.220937418937683105e+01
1.305074477195739746e+01
2.447674107551574707e+01
1.518411016464233398e+01
3.086891388893127441e+01
4.446963906288146973e+01
3.100636506080627441e+01
2.200034689903259277e+01
1.701254487037658691e+01
1.081822085380554199e+01
2.017862582206726074e+01
2.609295940399169922e+01
1.872090864181518555e+01
1.604485440254211426e+01
4.098879408836364746e+01
2.567668271064758301e+01
1.433020782470703125e+01
3.166492509841918945e+01
1.504096651077270508e+01
1.339409399032592773e+01
5.127438592910766602e+01
1.427575302124023438e+01
1.674133634567260742e+01
1.635044336318969727e+01
4.852501773834228516e+01
4.201425790786743164e+01
2.688710045814514160e+01
2.125695466995239258e+01
2.152971577644348145e+01
1.190864014625549316e+01
5.444036555290222168e+01
1.430242133140563965e+01
1.916821432113647461e+01
1.532948708534240723e+01
4.013581943511962891e+01
1.880992317199707031e+01
1.157171416282653809e+01
1.242483472824096680e+01
2.106637620925903320e+01
1.101053571701049805e+01
1.754662871360778809e+01
2.021549034118652344e+01
1.784132552146911621e+01
1.770163798332214355e+01
1.588926219940185547e+01
3.693937277793884277e+01
1.826707553863525391e+01
1.189425039291381836e+01
3.497822546958923340e+01
1.858461904525756836e+01
1.839881753921508789e+01
1.775286126136779785e+01
2.776492691040039062e+01
3.292338848114013672e+01
1.915479135513305664e+01
5.080469179153442383e+01
2.791614222526550293e+01
2.486078643798828125e+01
1.964054465293884277e+01
1.736663079261779785e+01
3.213726854324340820e+01
9.810942411422729492e+00
9.144567728042602539e+00
1.797272300720214844e+01
1.729866242408752441e+01
2.897500944137573242e+01
5.643442678451538086e+01
1.142213797569274902e+01
2.724713277816772461e+01
1.883043241500854492e+01
3.906617283821105957e+01
1.707503175735473633e+01
2.334175944328308105e+01
1.946105051040649414e+01
1.310723590850830078e+01
1.638042688369750977e+01
7.296989727020263672e+01
3.496202325820922852e+01
3.075199651718139648e+01
3.960920000076293945e+01
1.726960659027099609e+01
1.206325626373291016e+01
1.497769927978515625e+01
2.078786516189575195e+01
2.426200962066650391e+01
2.589854574203491211e+01
2.066432595252990723e+01
5.549880862236022949e+01
3.896982145309448242e+01
2.035792231559753418e+01
3.052306389808654785e+01
2.826663708686828613e+01
1.983791089057922363e+01
4.101875686645507812e+01
3.811306834220886230e+01
5.268177843093872070e+01
3.231309151649475098e+01
2.663812661170959473e+01
4.890514874458312988e+01
1.218264603614807129e+01
2.397947835922241211e+01
3.921808028221130371e+01
1.824724054336547852e+01
2.645739006996154785e+01
7.163588452339172363e+01
2.849447107315063477e+01
1.781882143020629883e+01
1.374055266380310059e+01
1.694952821731567383e+01
1.128101754188537598e+01
5.461317205429077148e+01
2.155235147476196289e+01
3.066735363006591797e+01
2.727172493934631348e+01
6.123886775970458984e+01
1.909712696075439453e+01
5.395370459556579590e+01
2.074197340011596680e+01
1.271848082542419434e+01
1.879370665550231934e+01
3.344520449638366699e+01
1.702533698081970215e+01
3.186554098129272461e+01
1.746741819381713867e+01
7.420407414436340332e+01
3.332501125335693359e+01
2.636148953437805176e+01
2.442957448959350586e+01
1.898423528671264648e+01
3.217499995231628418e+01
3.661229395866394043e+01
1.488567113876342773e+01
5.307593607902526855e+01
3.524114346504211426e+01
7.301514625549316406e+01
2.706617093086242676e+01
3.735369801521301270e+01
3.165251398086547852e+01
2.371102356910705566e+01
1.513421392440795898e+01
2.574765348434448242e+01
2.009391808509826660e+01
2.143029403686523438e+01
2.384178400039672852e+01
2.637827491760253906e+01
4.723815321922302246e+01
3.359741234779357910e+01
2.755467414855957031e+01
1.955751919746398926e+01
1.631620550155639648e+01
5.172346806526184082e+01
3.482380795478820801e+01
1.649582314491271973e+01
2.140262007713317871e+01
2.648626351356506348e+01
9.078614902496337891e+01
2.734837460517883301e+01
4.096761417388916016e+01
2.359285449981689453e+01
2.466475367546081543e+01
5.703358030319213867e+01
1.888007235527038574e+01
1.874586153030395508e+01
2.860623478889465332e+01
2.206602239608764648e+01
3.689835810661315918e+01
7.503277754783630371e+01
1.652139496803283691e+01
1.584434890747070312e+01
2.018775582313537598e+01
1.917497873306274414e+01
1.633601689338684082e+01
1.736881875991821289e+01
1.650379085540771484e+01
1.702259016036987305e+01
4.857275414466857910e+01
6.737722015380859375e+01
4.378705406188964844e+01
2.122069859504699707e+01
2.200245785713195801e+01
3.467559885978698730e+01
2.043603658676147461e+01
3.606179547309875488e+01
2.695601820945739746e+01
3.402327418327331543e+01
1.891439104080200195e+01
6.095551228523254395e+01
7.585882854461669922e+01
1.975433278083801270e+01
2.181076335906982422e+01
3.882891535758972168e+01
2.137357592582702637e+01
3.144966220855712891e+01
3.133618617057800293e+01
9.726854205131530762e+01
3.806846547126770020e+01
2.394726943969726562e+01
1.497560524940490723e+01
1.765878796577453613e+01
1.439575791358947754e+01
2.565032815933227539e+01
1.719899582862854004e+01
2.466403341293334961e+01
2.345642304420471191e+01
5.697980451583862305e+01
3.874068212509155273e+01
2.300464916229248047e+01
3.042088580131530762e+01
2.383766222000122070e+01
3.341882300376892090e+01
3.614232802391052246e+01
4.828901886940002441e+01
4.364199352264404297e+01
2.331798934936523438e+01
6.306659412384033203e+01
2.360321307182312012e+01
1.778162789344787598e+01
1.826259160041809082e+01
4.552535057067871094e+01
4.326515817642211914e+01
4.852718186378479004e+01
1.677179813385009766e+01
2.585045814514160156e+01
2.273348879814147949e+01
7.924878430366516113e+01
3.930233812332153320e+01
2.614350414276123047e+01
2.332411241531372070e+01
2.902486228942871094e+01
2.342983770370483398e+01
3.501775527000427246e+01
2.876542758941650391e+01
2.290882468223571777e+01
2.177589607238769531e+01
1.046630825996398926e+02
4.777044677734375000e+01
2.126948785781860352e+01
1.765684103965759277e+01
1.586745738983154297e+01
1.482972311973571777e+01
3.289633536338806152e+01
1.805020022392272949e+01
3.687529444694519043e+01
3.090513277053833008e+01
3.618127632141113281e+01
6.823533797264099121e+01
2.039531803131103516e+01
2.071118617057800293e+01
1.887813735008239746e+01
2.828170394897460938e+01
4.080138659477233887e+01
3.090443134307861328e+01
3.159740996360778809e+01
2.748952841758728027e+01
3.101708316802978516e+01
8.196272587776184082e+01
3.068083381652832031e+01
4.918999600410461426e+01
3.413609623908996582e+01
2.572338104248046875e+01
3.126295423507690430e+01
3.023530006408691406e+01
2.800680136680603027e+01
1.542403745651245117e+01
2.301511168479919434e+01
4.125942182540893555e+01
8.811751461029052734e+01
2.175958657264709473e+01
2.078098011016845703e+01
2.543994116783142090e+01
3.341611981391906738e+01
4.810798573493957520e+01
1.323252677917480469e+01
1.626221656799316406e+01
3.643748116493225098e+01
3.427302384376525879e+01
1.483119065761566162e+02
2.451979708671569824e+01
2.628767156600952148e+01
2.323461866378784180e+01
4.313611245155334473e+01
1.726224064826965332e+01
2.863052225112915039e+01
1.422278738021850586e+01
2.932720756530761719e+01
1.841606664657592773e+01
2.506710124015808105e+01
5.617742037773132324e+01
1.811934256553649902e+01
2.270310711860656738e+01
1.954889011383056641e+01
1.882424473762512207e+01
3.844620394706726074e+01
1.673204922676086426e+02
2.681319594383239746e+01
2.023575115203857422e+01
1.189338970184326172e+01
1.930061745643615723e+01
3.980776691436767578e+01
2.880855154991149902e+01
2.832051253318786621e+01
3.524132370948791504e+01
4.713636207580566406e+01
1.031711480617523193e+02
5.575829982757568359e+01
1.696434330940246582e+01
1.338014340400695801e+01
1.902211952209472656e+01
2.294088864326477051e+01
2.840660214424133301e+01
2.600190114974975586e+01
1.780083394050598145e+01
1.757622790336608887e+01
3.161396312713623047e+01
3.221856093406677246e+01
1.673071551322937012e+01
2.732418179512023926e+01
1.853589725494384766e+01
2.809419584274291992e+01
3.271417045593261719e+01
5.006118059158325195e+01
2.099578762054443359e+01
2.555014252662658691e+01
3.921499347686767578e+01
4.460138082504272461e+01
3.730411005020141602e+01
4.505267715454101562e+01
2.480978202819824219e+01
1.540458536148071289e+01
1.511308360099792480e+01
3.576196765899658203e+01
1.836232447624206543e+01
4.369561147689819336e+01
3.467580413818359375e+01
6.288862133026123047e+01
2.009616303443908691e+01
1.941329956054687500e+01
1.322917747497558594e+01
2.937180590629577637e+01
2.276439595222473145e+01
3.283926463127136230e+01
3.366731762886047363e+01
2.863598132133483887e+01
3.190072607994079590e+01
4.300869750976562500e+01
6.847181224822998047e+01
3.889648032188415527e+01
3.472391843795776367e+01
2.250256252288818359e+01
1.410161066055297852e+01
2.382145786285400391e+01
1.325521898269653320e+01
2.267511105537414551e+01
1.373977923393249512e+01
2.457755279541015625e+01
6.023612785339355469e+01
1.649277997016906738e+01
2.551890444755554199e+01
2.543277287483215332e+01
2.445809078216552734e+01
4.329034090042114258e+01
2.529053664207458496e+01
2.702209925651550293e+01
2.233012104034423828e+01
2.925746870040893555e+01
6.454266953468322754e+01
3.168954563140869141e+01
1.620273399353027344e+01
2.283795857429504395e+01
2.889460802078247070e+01
1.888746094703674316e+01
1.946948742866516113e+01
1.448824071884155273e+01
2.299447083473205566e+01
4.615076828002929688e+01
3.658642792701721191e+01
4.283856821060180664e+01
3.649386405944824219e+01
3.060961008071899414e+01
2.980376505851745605e+01
4.649089813232421875e+01
3.179151153564453125e+01
3.413306641578674316e+01
3.228930139541625977e+01
1.913206934928894043e+01
3.249826717376708984e+01
3.472996544837951660e+01
6.262726616859436035e+01
2.355875492095947266e+01
4.871141552925109863e+01
3.676197528839111328e+01
1.725266098976135254e+01
2.102144312858581543e+01
5.017971563339233398e+01
1.702469491958618164e+01
2.744268441200256348e+01
2.303595805168151855e+01
2.346119475364685059e+01
1.837668037414550781e+01
1.883645653724670410e+01
3.017667913436889648e+01
3.332345962524414062e+01
3.348460507392883301e+01
6.584115314483642578e+01
3.606922864913940430e+01
2.610109806060791016e+01
1.525197744369506836e+01
9.812005043029785156e+00
1.525019431114196777e+01
1.512490916252136230e+01
4.774842858314514160e+01
2.365989685058593750e+01
2.042542600631713867e+01
6.703460955619812012e+01
3.477034211158752441e+01
3.269033432006835938e+01
1.210494923591613770e+01
2.503096413612365723e+01
1.557852649688720703e+01
2.348620009422302246e+01
4.762794327735900879e+01
2.567754292488098145e+01
3.510008192062377930e+01
6.584055972099304199e+01
6.640861487388610840e+01
2.355639290809631348e+01
5.119144177436828613e+01
1.656679153442382812e+01
1.969116973876953125e+01
2.327925276756286621e+01
2.308663487434387207e+01
6.558057594299316406e+01
4.134144020080566406e+01
3.056349468231201172e+01
3.679945468902587891e+01
1.653208732604980469e+01
5.684227919578552246e+01
3.747277092933654785e+01
2.119710516929626465e+01
1.476189112663269043e+01
2.460038828849792480e+01
3.212765526771545410e+01
2.211631131172180176e+01
2.155857777595520020e+01
9.445705151557922363e+01
3.018928527832031250e+01
3.277970433235168457e+01
2.911128354072570801e+01
1.119195961952209473e+01
4.294630861282348633e+01
3.406852149963378906e+01
2.431925892829895020e+01
2.940624451637268066e+01
2.608839273452758789e+01
1.939910626411437988e+01
5.191623163223266602e+01
3.467370462417602539e+01
1.646377921104431152e+01
1.544022083282470703e+01
1.231453657150268555e+01
3.043421053886413574e+01
3.119131326675415039e+01
1.460535836219787598e+01
3.654020643234252930e+01
3.077969479560852051e+01
6.082146930694580078e+01
4.327561235427856445e+01
1.420360112190246582e+01
3.656531524658203125e+01
3.927622079849243164e+01
2.657079315185546875e+01
2.272126460075378418e+01
1.428019690513610840e+01
2.578837537765502930e+01
2.570600390434265137e+01
2.811423492431640625e+01
6.694922852516174316e+01
3.068667697906494141e+01
4.155072689056396484e+01
2.398703742027282715e+01
2.652878165245056152e+01
1.656858420372009277e+01
2.104825043678283691e+01
1.764053964614868164e+01
1.874042367935180664e+01
4.303079819679260254e+01
8.042291164398193359e+01
7.660809469223022461e+01
3.336984539031982422e+01
4.609969663619995117e+01
3.719017815589904785e+01
1.682722210884094238e+01
4.833969187736511230e+01
2.736607933044433594e+01
2.709091067314147949e+01
2.281751465797424316e+01
1.832765030860900879e+01
3.931455588340759277e+01
1.629310536384582520e+01
2.486623406410217285e+01
3.417140054702758789e+01
1.843083453178405762e+01
8.028540420532226562e+01
3.198164343833923340e+01
3.019817519187927246e+01
2.032999682426452637e+01
1.311793994903564453e+01
1.994756150245666504e+01
2.679782056808471680e+01
1.627374601364135742e+01
3.097208786010742188e+01
1.557567811012268066e+01
3.017762112617492676e+01
5.176305150985717773e+01
1.738028645515441895e+01
1.392958331108093262e+01
1.689621019363403320e+01
1.883972668647766113e+01
1.361125469207763672e+01
3.408715915679931641e+01
3.954972863197326660e+01
3.043887424468994141e+01
5.647394943237304688e+01
7.415093612670898438e+01
4.315516638755798340e+01
1.984328627586364746e+01
2.431787586212158203e+01
1.599008393287658691e+01
2.916984152793884277e+01
2.335527777671813965e+01
3.507769870758056641e+01
4.479002285003662109e+01
1.677450108528137207e+01
3.084194445610046387e+01
2.159072875976562500e+01
2.344618678092956543e+01
2.189256381988525391e+01
2.233091235160827637e+01
7.899644899368286133e+01
1.983424544334411621e+01
3.972521615028381348e+01
3.197030353546142578e+01
2.815806436538696289e+01
6.256937551498413086e+01
8.672866988182067871e+01
3.607830286026000977e+01
1.752751827239990234e+01
1.849658584594726562e+01
1.912800860404968262e+01
2.125226330757141113e+01
2.437509274482727051e+01
2.807507181167602539e+01
2.833148980140686035e+01
1.843741583824157715e+01
4.685417318344116211e+01
5.276787781715393066e+01
3.496673917770385742e+01
2.797511601448059082e+01
1.525671982765197754e+01
1.992421865463256836e+01
3.665772175788879395e+01
1.586626911163330078e+01
3.562211728096008301e+01
5.887239384651184082e+01
2.648825907707214355e+01
6.745366239547729492e+01
3.246071457862854004e+01
1.762361097335815430e+01
2.470000863075256348e+01
2.439726090431213379e+01
3.770509934425354004e+01
2.377755331993103027e+01
3.074416732788085938e+01
6.042134690284729004e+01
3.650254845619201660e+01
4.300472903251647949e+01
4.925164461135864258e+01
2.491845536231994629e+01
4.141070699691772461e+01
2.240226912498474121e+01
2.030162096023559570e+01
1.897349500656127930e+01
1.687321543693542480e+01
2.766110277175903320e+01
1.685399389266967773e+01
4.166129016876220703e+01
1.164510931968688965e+02
2.242834424972534180e+01
5.281111049652099609e+01
2.443435835838317871e+01
