2.300890207290649414e+00
2.223615169525146484e+00
2.434189081192016602e+00
2.332572460174560547e+00
2.169925451278686523e+00
2.214279651641845703e+00
2.229449033737182617e+00
2.364419937133789062e+00
2.279973268508911133e+00
2.209934234619140625e+00
2.363780260086059570e+00
2.218315124511718750e+00
2.493978500366210938e+00
2.317568540573120117e+00
2.323391914367675781e+00
2.307840824127197266e+00
2.603342056274414062e+00
2.612826585769653320e+00
2.331959247589111328e+00
2.414517641067504883e+00
2.368004083633422852e+00
2.269206285476684570e+00
2.385957717895507812e+00
2.189991474151611328e+00
2.528641939163208008e+00
2.499433040618896484e+00
2.517766714096069336e+00
2.617091894149780273e+00
2.589975833892822266e+00
2.443503379821777344e+00
2.318240880966186523e+00
2.446498155593872070e+00
2.450504779815673828e+00
2.300208806991577148e+00
2.443857192993164062e+00
2.302154302597045898e+00
2.201204776763916016e+00
2.371617794036865234e+00
2.341326951980590820e+00
2.441890716552734375e+00
2.322216510772705078e+00
2.403105497360229492e+00
2.433809280395507812e+00
2.297419786453247070e+00
2.413690805435180664e+00
2.360049486160278320e+00
2.314314365386962891e+00
2.475532770156860352e+00
2.449006319046020508e+00
2.339542388916015625e+00
2.614563703536987305e+00
2.528752326965332031e+00
2.497395992279052734e+00
2.330218553543090820e+00
2.335551977157592773e+00
2.295667886734008789e+00
2.340869426727294922e+00
2.317524433135986328e+00
2.450189828872680664e+00
2.583279848098754883e+00
2.258145570755004883e+00
2.402646780014038086e+00
2.424390316009521484e+00
2.436721563339233398e+00
2.306820631027221680e+00
2.549077749252319336e+00
2.411131620407104492e+00
2.344325780868530273e+00
2.424152851104736328e+00
2.286981344223022461e+00
2.421908855438232422e+00
2.453243494033813477e+00
2.369780063629150391e+00
2.402170419692993164e+00
2.355747938156127930e+00
3.236571550369262695e+00
2.352757215499877930e+00
2.556399345397949219e+00
2.517670869827270508e+00
2.257117986679077148e+00
2.547957420349121094e+00
2.443904399871826172e+00
2.252177953720092773e+00
2.507679700851440430e+00
2.532135009765625000e+00
2.491811513900756836e+00
2.377699375152587891e+00
2.516772270202636719e+00
2.332824230194091797e+00
2.504051446914672852e+00
2.383546590805053711e+00
2.420023679733276367e+00
2.308164119720458984e+00
2.609138488769531250e+00
2.537730455398559570e+00
2.419465541839599609e+00
2.397098541259765625e+00
2.258675098419189453e+00
2.275301218032836914e+00
2.530164241790771484e+00
2.453346490859985352e+00
2.360820293426513672e+00
2.466313123703002930e+00
2.359170675277709961e+00
2.570861101150512695e+00
2.627611160278320312e+00
2.460718154907226562e+00
2.441545009613037109e+00
2.270117044448852539e+00
2.297054767608642578e+00
2.530922651290893555e+00
2.651135444641113281e+00
2.690962791442871094e+00
2.533025264739990234e+00
2.407407760620117188e+00
2.568327426910400391e+00
2.510799169540405273e+00
2.359711647033691406e+00
2.458760261535644531e+00
2.569095611572265625e+00
2.534322023391723633e+00
2.518832921981811523e+00
2.421270608901977539e+00
2.477575302124023438e+00
2.544495820999145508e+00
2.314761638641357422e+00
2.351053476333618164e+00
2.643168449401855469e+00
2.390908956527709961e+00
2.555396318435668945e+00
2.632186889648437500e+00
2.446188211441040039e+00
2.311017751693725586e+00
2.541907072067260742e+00
2.388338327407836914e+00
2.672613382339477539e+00
2.570352792739868164e+00
2.588398694992065430e+00
2.567849874496459961e+00
2.350466251373291016e+00
2.465033769607543945e+00
2.394035816192626953e+00
2.455014944076538086e+00
2.401061058044433594e+00
2.514228343963623047e+00
2.532698869705200195e+00
2.361371994018554688e+00
2.412450551986694336e+00
2.325744390487670898e+00
2.390775442123413086e+00
2.468532085418701172e+00
2.619196176528930664e+00
2.507061243057250977e+00
2.729288339614868164e+00
2.514870405197143555e+00
2.508481979370117188e+00
2.687492132186889648e+00
2.648980855941772461e+00
2.574738740921020508e+00
2.378213167190551758e+00
2.548277854919433594e+00
2.486381053924560547e+00
2.307638406753540039e+00
2.413837671279907227e+00
2.515838623046875000e+00
2.601300477981567383e+00
2.267189979553222656e+00
2.304605960845947266e+00
2.474076271057128906e+00
2.441396951675415039e+00
2.483925580978393555e+00
2.377861022949218750e+00
2.454584121704101562e+00
2.414134263992309570e+00
2.375658035278320312e+00
2.316061973571777344e+00
2.459141969680786133e+00
2.331744432449340820e+00
2.378514289855957031e+00
2.370421648025512695e+00
2.448675394058227539e+00
2.396374464035034180e+00
2.361669540405273438e+00
2.656293392181396484e+00
2.509263277053833008e+00
2.533586978912353516e+00
2.346561193466186523e+00
2.301519632339477539e+00
2.601120471954345703e+00
2.325706720352172852e+00
2.334870338439941406e+00
2.336056709289550781e+00
2.530935525894165039e+00
2.772318124771118164e+00
2.502831697463989258e+00
2.417689800262451172e+00
2.545471429824829102e+00
2.324785232543945312e+00
2.479996442794799805e+00
2.707167863845825195e+00
2.531489133834838867e+00
2.401163101196289062e+00
2.447962522506713867e+00
2.382921934127807617e+00
2.472699880599975586e+00
2.493362665176391602e+00
2.399153947830200195e+00
2.459127426147460938e+00
2.505090236663818359e+00
2.443953037261962891e+00
2.541281938552856445e+00
2.406587839126586914e+00
2.458827972412109375e+00
2.340659379959106445e+00
2.548514366149902344e+00
2.552602291107177734e+00
2.533984184265136719e+00
2.518065214157104492e+00
2.421084403991699219e+00
2.473264455795288086e+00
2.456726074218750000e+00
2.319307565689086914e+00
2.414510965347290039e+00
2.304281949996948242e+00
2.420546054840087891e+00
2.461870908737182617e+00
2.283875942230224609e+00
2.364781141281127930e+00
2.541062831878662109e+00
2.567467689514160156e+00
2.450595617294311523e+00
2.414766788482666016e+00
2.602662086486816406e+00
2.455456733703613281e+00
2.458807468414306641e+00
2.392374277114868164e+00
2.933919668197631836e+00
2.507532119750976562e+00
2.438754796981811523e+00
2.677794456481933594e+00
2.500765323638916016e+00
2.492052316665649414e+00
2.510198354721069336e+00
2.424878120422363281e+00
2.507174491882324219e+00
2.406915903091430664e+00
2.659911394119262695e+00
2.543457508087158203e+00
2.423869371414184570e+00
2.370765209197998047e+00
2.340859413146972656e+00
2.461157083511352539e+00
2.417191028594970703e+00
2.462347030639648438e+00
2.471551895141601562e+00
2.336425542831420898e+00
2.532542467117309570e+00
2.478242397308349609e+00
2.311119556427001953e+00
2.353756904602050781e+00
2.409716367721557617e+00
2.567557334899902344e+00
2.310502529144287109e+00
2.483005762100219727e+00
2.467674016952514648e+00
2.452133655548095703e+00
2.405298948287963867e+00
2.547083377838134766e+00
2.463442802429199219e+00
2.393610239028930664e+00
2.487572908401489258e+00
2.408173322677612305e+00
2.361728668212890625e+00
2.647441148757934570e+00
2.451490163803100586e+00
2.453405141830444336e+00
2.310364246368408203e+00
2.435812473297119141e+00
2.522066354751586914e+00
2.524849891662597656e+00
2.453673362731933594e+00
2.593573093414306641e+00
2.442337274551391602e+00
2.334852695465087891e+00
2.589213371276855469e+00
2.418759346008300781e+00
2.626351118087768555e+00
2.453390598297119141e+00
2.488569021224975586e+00
2.675821542739868164e+00
2.540393114089965820e+00
2.447438478469848633e+00
2.459758043289184570e+00
2.485215663909912109e+00
2.414176464080810547e+00
2.594470500946044922e+00
2.541995763778686523e+00
2.360568284988403320e+00
2.498233795166015625e+00
2.364550828933715820e+00
2.348286151885986328e+00
2.565595626831054688e+00
2.369703054428100586e+00
2.538479804992675781e+00
2.396174192428588867e+00
2.612450361251831055e+00
2.548731803894042969e+00
2.609383583068847656e+00
2.500500202178955078e+00
2.521444082260131836e+00
2.489705562591552734e+00
2.479353666305541992e+00
2.550094842910766602e+00
2.507440090179443359e+00
2.563257217407226562e+00
2.650173187255859375e+00
2.397481203079223633e+00
2.421957969665527344e+00
2.434521913528442383e+00
2.279630899429321289e+00
2.442109584808349609e+00
2.463579177856445312e+00
2.451206207275390625e+00
2.398237466812133789e+00
2.292493820190429688e+00
2.394951105117797852e+00
2.457489490509033203e+00
2.440843105316162109e+00
2.561517715454101562e+00
2.404125213623046875e+00
2.370634555816650391e+00
2.488946437835693359e+00
2.484982728958129883e+00
2.348466873168945312e+00
2.680937767028808594e+00
2.406548738479614258e+00
2.519642353057861328e+00
2.422119617462158203e+00
2.471304893493652344e+00
2.295116186141967773e+00
2.394500970840454102e+00
2.496929645538330078e+00
2.495842695236206055e+00
2.365873575210571289e+00
2.281455993652343750e+00
2.437289476394653320e+00
2.481922864913940430e+00
2.498366832733154297e+00
2.568602561950683594e+00
2.436486482620239258e+00
2.564583063125610352e+00
2.367951631546020508e+00
2.361937522888183594e+00
2.431393384933471680e+00
2.460402727127075195e+00
2.354454994201660156e+00
2.453449964523315430e+00
2.354389190673828125e+00
2.483631134033203125e+00
2.483478784561157227e+00
2.381843805313110352e+00
2.400132179260253906e+00
2.450542211532592773e+00
2.399012088775634766e+00
2.389101505279541016e+00
2.351774930953979492e+00
2.532330036163330078e+00
2.424087047576904297e+00
2.567736864089965820e+00
2.384282350540161133e+00
2.467068195343017578e+00
2.483021020889282227e+00
2.453958988189697266e+00
2.362895250320434570e+00
2.458644390106201172e+00
2.506343364715576172e+00
2.439403057098388672e+00
2.477574348449707031e+00
2.425033807754516602e+00
2.601343393325805664e+00
2.494305849075317383e+00
2.449224948883056641e+00
2.572633743286132812e+00
2.270020961761474609e+00
2.542647600173950195e+00
2.611432552337646484e+00
2.559472084045410156e+00
2.367393255233764648e+00
2.457302331924438477e+00
2.422445774078369141e+00
2.410893917083740234e+00
2.363895416259765625e+00
2.281170845031738281e+00
2.381353616714477539e+00
2.494891166687011719e+00
2.306249141693115234e+00
2.387318372726440430e+00
2.262290477752685547e+00
2.202111244201660156e+00
2.568126201629638672e+00
2.331679105758666992e+00
2.384525299072265625e+00
2.361092805862426758e+00
2.460924625396728516e+00
2.498064041137695312e+00
2.404182434082031250e+00
2.477350473403930664e+00
2.554573535919189453e+00
2.371066331863403320e+00
2.419872999191284180e+00
2.721796989440917969e+00
2.369403600692749023e+00
2.210983514785766602e+00
2.436844825744628906e+00
2.382811784744262695e+00
2.511167287826538086e+00
2.624291896820068359e+00
2.457828283309936523e+00
2.560137510299682617e+00
2.606663942337036133e+00
2.460350990295410156e+00
2.642486333847045898e+00
2.735270261764526367e+00
2.377053976058959961e+00
2.460812568664550781e+00
2.484095096588134766e+00
2.543710470199584961e+00
2.518466711044311523e+00
2.408768892288208008e+00
2.345187664031982422e+00
2.551611423492431641e+00
2.399106979370117188e+00
2.396437644958496094e+00
2.380831480026245117e+00
2.369163990020751953e+00
2.492442846298217773e+00
2.573672294616699219e+00
2.602782964706420898e+00
2.512996912002563477e+00
2.352509975433349609e+00
2.419661760330200195e+00
2.320347070693969727e+00
2.354346275329589844e+00
2.350591182708740234e+00
2.405559539794921875e+00
2.552546977996826172e+00
2.489526271820068359e+00
2.669783115386962891e+00
2.490423440933227539e+00
2.514663696289062500e+00
2.476788520812988281e+00
2.585536241531372070e+00
2.398751258850097656e+00
2.566709041595458984e+00
2.321245193481445312e+00
2.442003011703491211e+00
2.446663856506347656e+00
2.651140213012695312e+00
2.619797706604003906e+00
2.354306697845458984e+00
2.397617101669311523e+00
2.522722959518432617e+00
2.517295122146606445e+00
2.674083948135375977e+00
2.351309776306152344e+00
2.469717025756835938e+00
2.406414747238159180e+00
2.354440927505493164e+00
2.518888473510742188e+00
2.659064769744873047e+00
2.424751758575439453e+00
2.394539356231689453e+00
2.541995048522949219e+00
2.497344493865966797e+00
2.532820940017700195e+00
2.385328292846679688e+00
2.564118146896362305e+00
2.399763584136962891e+00
2.325285911560058594e+00
2.765856266021728516e+00
2.628399610519409180e+00
2.683036565780639648e+00
2.600791931152343750e+00
2.747946023941040039e+00
2.781173706054687500e+00
2.692175149917602539e+00
3.016136169433593750e+00
2.775920152664184570e+00
2.844572305679321289e+00
3.214759826660156250e+00
2.960321187973022461e+00
2.670017719268798828e+00
3.379700422286987305e+00
3.260925292968750000e+00
3.708313465118408203e+00
3.579042673110961914e+00
3.573823928833007812e+00
2.839691638946533203e+00
3.542702913284301758e+00
2.800822257995605469e+00
3.420697450637817383e+00
3.010163307189941406e+00
2.877223968505859375e+00
2.658035993576049805e+00
3.023143053054809570e+00
3.891854524612426758e+00
3.327500820159912109e+00
3.273864030838012695e+00
3.239635944366455078e+00
3.699825286865234375e+00
3.676182508468627930e+00
3.762792348861694336e+00
2.780068397521972656e+00
2.772953748703002930e+00
3.064675092697143555e+00
3.838571310043334961e+00
3.383762836456298828e+00
2.705829381942749023e+00
3.256972074508666992e+00
3.362054347991943359e+00
3.537345170974731445e+00
3.293374300003051758e+00
3.195559740066528320e+00
3.029728889465332031e+00
2.809380292892456055e+00
3.473335027694702148e+00
3.484049320220947266e+00
3.700874328613281250e+00
3.573066949844360352e+00
3.599992275238037109e+00
3.623449802398681641e+00
3.717023849487304688e+00
3.857127189636230469e+00
3.798765897750854492e+00
3.467494249343872070e+00
3.561499834060668945e+00
3.599111080169677734e+00
3.707554101943969727e+00
3.697461366653442383e+00
3.705145835876464844e+00
3.361531972885131836e+00
3.716961383819580078e+00
3.473005771636962891e+00
3.549954891204833984e+00
3.647573232650756836e+00
3.517310142517089844e+00
3.786368370056152344e+00
3.729535341262817383e+00
3.860333204269409180e+00
3.843302726745605469e+00
3.684061527252197266e+00
3.512753963470458984e+00
3.427405834197998047e+00
3.890460729598999023e+00
3.597510814666748047e+00
3.583147525787353516e+00
3.593746185302734375e+00
3.565020799636840820e+00
3.695700883865356445e+00
3.439066648483276367e+00
3.565434455871582031e+00
3.514632940292358398e+00
3.571141004562377930e+00
3.304551839828491211e+00
3.851249694824218750e+00
3.872465848922729492e+00
2.770119905471801758e+00
3.686595678329467773e+00
3.366177797317504883e+00
3.694804191589355469e+00
3.649477481842041016e+00
3.753898143768310547e+00
3.357360124588012695e+00
3.831649303436279297e+00
3.663087129592895508e+00
2.987105131149291992e+00
3.585001230239868164e+00
2.767394542694091797e+00
2.849748134613037109e+00
2.790469169616699219e+00
2.998281240463256836e+00
2.730906248092651367e+00
2.846200466156005859e+00
2.849346637725830078e+00
3.709183692932128906e+00
3.749985694885253906e+00
3.564938545227050781e+00
2.901758193969726562e+00
3.045606851577758789e+00
3.589155435562133789e+00
3.627521753311157227e+00
3.590744733810424805e+00
3.797338247299194336e+00
3.782923460006713867e+00
3.920218706130981445e+00
3.763544082641601562e+00
3.650334119796752930e+00
3.684329271316528320e+00
3.649594068527221680e+00
3.511866331100463867e+00
3.606116771697998047e+00
3.328992366790771484e+00
3.467744112014770508e+00
2.752036571502685547e+00
2.977268457412719727e+00
3.484667062759399414e+00
3.781085014343261719e+00
3.685106277465820312e+00
3.595480442047119141e+00
3.511443376541137695e+00
3.814266204833984375e+00
3.928639173507690430e+00
3.786030292510986328e+00
3.559366464614868164e+00
3.535779714584350586e+00
3.793287038803100586e+00
3.764737367630004883e+00
3.395114660263061523e+00
3.646116971969604492e+00
3.792688131332397461e+00
3.592391729354858398e+00
3.736600875854492188e+00
3.664710283279418945e+00
3.676939487457275391e+00
3.613204240798950195e+00
3.701141595840454102e+00
3.369147062301635742e+00
3.992508172988891602e+00
3.573312282562255859e+00
3.476035833358764648e+00
3.675880908966064453e+00
3.386032342910766602e+00
3.060047626495361328e+00
3.629850864410400391e+00
3.550977706909179688e+00
3.565419197082519531e+00
3.533064842224121094e+00
3.383235216140747070e+00
3.633825063705444336e+00
3.916361808776855469e+00
3.746996164321899414e+00
3.707388639450073242e+00
3.828053474426269531e+00
4.126737833023071289e+00
3.775748729705810547e+00
3.866106986999511719e+00
3.818388700485229492e+00
3.353946924209594727e+00
3.816290140151977539e+00
3.111585617065429688e+00
3.596708774566650391e+00
3.822417020797729492e+00
2.780109643936157227e+00
3.563525438308715820e+00
3.877593278884887695e+00
3.578516960144042969e+00
3.217172861099243164e+00
3.637800931930541992e+00
3.245758771896362305e+00
3.059135198593139648e+00
3.284631490707397461e+00
2.903672218322753906e+00
3.541354656219482422e+00
3.100532054901123047e+00
2.848465681076049805e+00
3.511957406997680664e+00
3.608261346817016602e+00
3.915339469909667969e+00
3.588845968246459961e+00
3.602839231491088867e+00
3.662950277328491211e+00
3.502425670623779297e+00
3.825015544891357422e+00
3.432568550109863281e+00
3.499780654907226562e+00
3.309518337249755859e+00
3.716525316238403320e+00
3.784705400466918945e+00
3.931742429733276367e+00
3.654115915298461914e+00
3.598620176315307617e+00
3.740640401840209961e+00
4.229707479476928711e+00
3.707902669906616211e+00
3.813446521759033203e+00
3.773597240447998047e+00
3.946302413940429688e+00
3.391818046569824219e+00
2.988218069076538086e+00
3.589376211166381836e+00
3.873660326004028320e+00
3.503759622573852539e+00
3.596917152404785156e+00
3.692894220352172852e+00
3.390290260314941406e+00
3.665137052536010742e+00
3.117893695831298828e+00
3.615353822708129883e+00
3.116282701492309570e+00
3.168024539947509766e+00
3.750446081161499023e+00
3.020034313201904297e+00
3.603031158447265625e+00
3.427294492721557617e+00
3.522617578506469727e+00
3.399700880050659180e+00
3.503074884414672852e+00
3.173807382583618164e+00
3.575634002685546875e+00
3.209556102752685547e+00
3.545823574066162109e+00
3.498142480850219727e+00
3.515514850616455078e+00
3.549784421920776367e+00
3.459539175033569336e+00
3.489637613296508789e+00
3.239954948425292969e+00
3.316759586334228516e+00
3.075782775878906250e+00
3.249566078186035156e+00
3.227723598480224609e+00
3.047832250595092773e+00
3.136292457580566406e+00
3.215808391571044922e+00
3.099941968917846680e+00
3.009316205978393555e+00
3.574333906173706055e+00
3.185510635375976562e+00
3.649973630905151367e+00
3.380222320556640625e+00
3.446364641189575195e+00
3.060833692550659180e+00
2.870637655258178711e+00
3.675415515899658203e+00
3.737712621688842773e+00
3.648927688598632812e+00
2.715804576873779297e+00
3.598098039627075195e+00
3.379002094268798828e+00
3.308300018310546875e+00
2.998023509979248047e+00
3.009142398834228516e+00
3.008968353271484375e+00
2.869521141052246094e+00
2.786272764205932617e+00
3.404313564300537109e+00
3.621345281600952148e+00
3.256521463394165039e+00
3.220042943954467773e+00
3.228137731552124023e+00
3.476107120513916016e+00
3.324681520462036133e+00
3.413733243942260742e+00
3.143738985061645508e+00
3.221031188964843750e+00
2.992010116577148438e+00
3.104768514633178711e+00
3.332997560501098633e+00
3.339309215545654297e+00
2.668683528900146484e+00
2.718389987945556641e+00
2.842380046844482422e+00
2.864355325698852539e+00
3.150204896926879883e+00
2.859289169311523438e+00
2.755543470382690430e+00
2.711188554763793945e+00
3.594508409500122070e+00
3.170058250427246094e+00
3.504875659942626953e+00
3.143151283264160156e+00
3.499323368072509766e+00
2.906247377395629883e+00
3.109491825103759766e+00
2.897194623947143555e+00
2.877220869064331055e+00
3.055961132049560547e+00
2.729073286056518555e+00
2.811103582382202148e+00
3.322783470153808594e+00
3.061995506286621094e+00
3.484919309616088867e+00
3.236572027206420898e+00
3.407775640487670898e+00
3.431291580200195312e+00
3.536632776260375977e+00
3.343123435974121094e+00
3.385245561599731445e+00
3.148890018463134766e+00
3.322891473770141602e+00
3.218448638916015625e+00
3.212693452835083008e+00
3.394016504287719727e+00
2.909470796585083008e+00
2.674226045608520508e+00
2.703228712081909180e+00
3.134946346282958984e+00
3.226582050323486328e+00
3.176320791244506836e+00
3.318172931671142578e+00
2.928061962127685547e+00
3.064496994018554688e+00
2.850131273269653320e+00
3.321203470230102539e+00
3.295381546020507812e+00
3.426391124725341797e+00
3.562501430511474609e+00
3.567688703536987305e+00
3.537598133087158203e+00
3.262990713119506836e+00
3.639420032501220703e+00
3.449142694473266602e+00
3.717943429946899414e+00
3.032258987426757812e+00
3.330031871795654297e+00
3.239820003509521484e+00
3.176834344863891602e+00
2.985504865646362305e+00
3.175805568695068359e+00
3.370868921279907227e+00
3.317018508911132812e+00
3.195592880249023438e+00
3.408656358718872070e+00
3.382863998413085938e+00
3.050537586212158203e+00
3.359364986419677734e+00
3.805843830108642578e+00
3.150005340576171875e+00
3.361161947250366211e+00
3.378538608551025391e+00
3.382789134979248047e+00
3.484699964523315430e+00
3.271918535232543945e+00
3.272122144699096680e+00
2.808402061462402344e+00
3.544494867324829102e+00
2.966834306716918945e+00
3.777768611907958984e+00
3.587667226791381836e+00
3.662358522415161133e+00
3.500921726226806641e+00
3.148412704467773438e+00
3.674409627914428711e+00
2.899736642837524414e+00
2.613642215728759766e+00
2.854008674621582031e+00
3.314531326293945312e+00
3.504113912582397461e+00
3.760799169540405273e+00
3.063122987747192383e+00
3.481743812561035156e+00
3.015215158462524414e+00
3.394271612167358398e+00
3.314653635025024414e+00
3.541824817657470703e+00
3.461858510971069336e+00
3.358235597610473633e+00
3.047460079193115234e+00
3.182659626007080078e+00
2.999079227447509766e+00
2.795831203460693359e+00
2.926882982254028320e+00
2.958841085433959961e+00
2.858843088150024414e+00
2.819285392761230469e+00
2.772063732147216797e+00
2.984753370285034180e+00
3.062839031219482422e+00
2.820592164993286133e+00
2.966855287551879883e+00
2.937639474868774414e+00
2.727897644042968750e+00
3.388035774230957031e+00
3.328083515167236328e+00
3.157302141189575195e+00
2.981615781784057617e+00
3.039883375167846680e+00
3.084594964981079102e+00
2.728972673416137695e+00
3.406993389129638672e+00
3.304661273956298828e+00
3.831814527511596680e+00
3.745725870132446289e+00
3.890890598297119141e+00
3.471224546432495117e+00
3.676261425018310547e+00
3.419707298278808594e+00
3.536473512649536133e+00
3.751651763916015625e+00
3.535644054412841797e+00
3.786499977111816406e+00
2.899242162704467773e+00
3.254188776016235352e+00
3.122342109680175781e+00
3.434208393096923828e+00
3.208724737167358398e+00
3.979020357131958008e+00
3.734937906265258789e+00
3.940790891647338867e+00
3.868484973907470703e+00
3.259017705917358398e+00
3.188829898834228516e+00
3.365680456161499023e+00
3.620653152465820312e+00
4.011073350906372070e+00
3.846322059631347656e+00
3.550847053527832031e+00
3.538505554199218750e+00
3.570888519287109375e+00
3.724455833435058594e+00
3.675433635711669922e+00
3.237332105636596680e+00
2.885845661163330078e+00
3.258950948715209961e+00
3.707398653030395508e+00
3.648463249206542969e+00
3.633285284042358398e+00
3.423593044281005859e+00
3.401851177215576172e+00
3.653429031372070312e+00
3.659463167190551758e+00
3.750778913497924805e+00
3.587475776672363281e+00
3.020586967468261719e+00
3.540892362594604492e+00
3.644653320312500000e+00
3.986001968383789062e+00
3.569885492324829102e+00
3.758016109466552734e+00
3.870422124862670898e+00
3.807212829589843750e+00
3.945742845535278320e+00
3.470273017883300781e+00
3.939891338348388672e+00
2.862137317657470703e+00
2.979970693588256836e+00
2.813849687576293945e+00
3.873141288757324219e+00
3.566854000091552734e+00
2.890883684158325195e+00
2.910177707672119141e+00
3.141129970550537109e+00
3.177583932876586914e+00
3.254356622695922852e+00
3.118769407272338867e+00
3.256646156311035156e+00
3.058095216751098633e+00
3.123634338378906250e+00
3.103430747985839844e+00
3.036613941192626953e+00
3.097481489181518555e+00
3.082144737243652344e+00
3.015144348144531250e+00
3.056027650833129883e+00
3.714991331100463867e+00
3.826993942260742188e+00
3.693578243255615234e+00
3.397926092147827148e+00
3.140782594680786133e+00
3.085982561111450195e+00
3.008918285369873047e+00
2.901793956756591797e+00
2.750963449478149414e+00
3.012862443923950195e+00
3.477653503417968750e+00
3.768014192581176758e+00
3.677830696105957031e+00
3.579171419143676758e+00
3.326003551483154297e+00
3.754972219467163086e+00
3.468675136566162109e+00
3.210206508636474609e+00
3.180510520935058594e+00
3.836371421813964844e+00
3.282542467117309570e+00
3.182350873947143555e+00
3.589962005615234375e+00
3.640045404434204102e+00
3.430969953536987305e+00
3.434699296951293945e+00
3.494229078292846680e+00
3.586405038833618164e+00
3.351802110671997070e+00
3.202256917953491211e+00
3.452689409255981445e+00
3.061702251434326172e+00
3.794217109680175781e+00
3.564670801162719727e+00
3.391166687011718750e+00
3.511788368225097656e+00
3.241342782974243164e+00
3.567067623138427734e+00
3.723729610443115234e+00
3.621350049972534180e+00
2.943096876144409180e+00
2.664050579071044922e+00
3.414057493209838867e+00
2.881403446197509766e+00
3.110438823699951172e+00
4.168044567108154297e+00
