4.487094029670402051e-11
2.818266731097196498e-10
6.819600439911255307e-12
2.641704577310832747e-09
8.763695324986997548e-11
9.087491870118924453e-11
2.894730011249180279e-10
5.181521323116555777e-10
5.980513861914005247e-10
6.316602241263069573e-10
5.656239365769977212e-10
4.991637103657353691e-10
4.104650508374163564e-10
2.917710517635896394e-10
1.812553440672104443e-10
1.516416991975688688e-10
2.280379218788652906e-10
5.081938203588265424e-10
1.517458381172787085e-11
2.493583117768594093e-10
2.768507645356521607e-11
6.011857678345222666e-14
2.702180146307853192e-10
1.629896217991699814e-10
2.249747887983488681e-09
1.797850757156993495e-11
7.234324250759982533e-12
1.523909332057371557e-10
1.538953409152554741e-10
8.150424779529430452e-12
6.527167695224989075e-12
2.213901284520147783e-11
5.421552096152026934e-12
9.821532476195216077e-12
9.642120435415790780e-12
2.070089988315260143e-09
4.716005364002739952e-12
2.417249955755096380e-09
2.349918037936049586e-10
1.336375454741300928e-12
3.072542220650120726e-13
6.337708136072706111e-13
2.879030347457955941e-12
2.438559276729534986e-08
1.702792351565562967e-08
2.139088906005781610e-10
3.632721512492054217e-09
4.986321910926960754e-10
6.657480122740366824e-11
8.078283764145766099e-09
3.378030355438710330e-09
2.632494555676601067e-09
2.097865436923029847e-09
1.897699775099681574e-09
1.551486161766035821e-09
1.290509921147986461e-09
1.072365196641555940e-09
8.528579509281541959e-10
6.404169972107354170e-10
6.100839833322879713e-10
4.090769945008787545e-10
2.735849324864148002e-10
2.343821248196320539e-10
7.335121954277212808e-10
4.714684198603436016e-11
3.640006074334678488e-10
1.352113865316084684e-09
5.388418877760869918e-09
8.234352089075969161e-11
1.016321027336175575e-09
7.068167162671556980e-10
7.916345357017462447e-11
2.103651142171258925e-10
9.381384558082572767e-15
1.160421758683582993e-11
4.204264159035631110e-10
3.587741215227424618e-12
2.927344644465534884e-09
4.860047364552144700e-10
2.815059296779054421e-11
7.411487368269575882e-09
3.309468643575286251e-09
2.377681662668607032e-09
2.034390933491891928e-09
1.717905817599785223e-09
1.590181653021716102e-09
1.244003233757950966e-09
1.011292549701892085e-09
3.386124713955496190e-12
7.731648654640821405e-12
2.310693858476042806e-09
9.339251594298048076e-12
5.426062377189566632e-10
3.134043580210743585e-10
7.306355520597662689e-11
2.328975901022545258e-11
1.814881578354743397e-12
7.593603523758929441e-10
9.982090154458944653e-10
1.772115676423879904e-09
1.978110231171115174e-09
1.936419580239601146e-09
1.510830682782682288e-09
1.098398871857142467e-09
9.409868995113868095e-10
2.521657882503802739e-10
