-3.195772857683886007e-06 -9.272958023902554414e-01 5.446744215665249911e+00
7.303630230293314395e-06 -9.272906636460159779e-01 5.421263686162341777e+00
1.030461224348937417e-06 -9.272953149542899620e-01 5.396128754230059776e+00
-6.529352008831037666e-06 -9.273476036076573337e-01 5.371307883409645711e+00
-3.989865344525919558e-06 -9.273034376739186513e-01 5.346725726000891576e+00
-5.839787043432836467e-06 -9.272955758866981979e-01 5.322468438250243850e+00
-1.098886323564840593e-05 -9.273033262523953102e-01 5.298527865073910270e+00
-1.478542912094013171e-05 -9.273084565986056127e-01 5.274888563052991586e+00
-1.565051157572880120e-05 -9.273117689588277202e-01 5.251545407719488523e+00
-1.614444746442743588e-05 -9.273132670292172364e-01 5.228507243361978141e+00
-1.501975333046280236e-05 -9.273135366135352164e-01 5.205768773313993236e+00
-1.466147818916980778e-05 -9.273122649831454511e-01 5.183336085858629261e+00
-1.389346024632971948e-05 -9.273103844153434139e-01 5.161206683812336493e+00
-1.206359138796993594e-05 -9.273079368855153826e-01 5.139378107633992165e+00
-1.003166996512534163e-05 -9.273049042547051313e-01 5.117852493496963362e+00
-9.227958025992627836e-06 -9.273041915779707267e-01 5.096628905230951467e+00
-1.271068651083372743e-05 -9.273045811402681471e-01 5.075720012127299618e+00
4.241642734997117426e-06 -9.272870662960376320e-01 5.446709924519797852e+00
2.324545760944635196e-07 -9.272922914870547206e-01 5.421284722772536924e+00
-1.364683643059279490e-06 -9.273058283244253186e-01 5.396146264008081950e+00
-2.122506575950145056e-07 -9.272987668790771965e-01 5.371278871715165160e+00
7.829594407707010889e-08 -9.272956184078271491e-01 5.346715906450286937e+00
-5.674465324819258361e-06 -9.272861127767725309e-01 5.322458890392854691e+00
-7.512952016171183141e-06 -9.272966318353925708e-01 5.298516255343158399e+00
2.181786404098532371e-05 -9.272938221416798799e-01 5.274763977503786450e+00
-1.119229047437633371e-06 -9.272917628254012667e-01 5.251510536134892604e+00
1.406163041383501214e-06 -9.272954921920775195e-01 5.228466213852112965e+00
8.418278862046084648e-06 -9.272938351337668417e-01 5.205717907483696116e+00
3.431815449726719901e-06 -9.272947515021889853e-01 5.183311158360245585e+00
1.262262435134634160e-06 -9.272966787382477261e-01 5.161166919592472979e+00
-1.245542783382021235e-06 -9.272950577141735318e-01 5.139354972590644444e+00
2.784158575572736292e-06 -9.272960817983657567e-01 5.117816363788947776e+00
-2.085198558643246158e-07 -9.272951964057426499e-01 5.096612353220757008e+00
-1.041389665771782526e-06 -9.272949981710735257e-01 5.075694331807346416e+00
5.360930251409583985e-07 -9.272952183963081296e-01 5.055068324225504561e+00
-5.252798874775369583e-06 -9.273274136605240692e-01 5.034800619859490567e+00
1.880572244271718797e-06 -9.272962343743370583e-01 5.014697029380843496e+00
3.138160245389162739e-05 -9.273267579779947978e-01 4.994850348256656858e+00
-6.472022169849196574e-06 -9.272822989365937518e-01 4.975522459468306735e+00
-3.148542497071425954e-07 -9.272952525585734795e-01 4.956336468337833701e+00
5.334731107940206794e-07 -9.272952654942567818e-01 4.937445178579201510e+00
3.071117754668752781e-07 -9.272949626776212373e-01 4.918838427377346889e+00
4.027439415012982592e-07 -9.272964239724884594e-01 4.900508068170423392e+00
-1.435971593215437788e-04 -9.272447408801653967e-01 4.882957670742471556e+00
1.183543888126675536e-04 -9.273508702496626732e-01 4.864253880759329185e+00
-1.619720952484431391e-06 -9.273033593850495970e-01 1.172993708572287197e+01
2.275219604235868571e-05 -9.272665626777072401e-01 1.170438734584592488e+01
8.817587491707131603e-06 -9.272871491238340314e-01 1.167928307742818994e+01
3.097009472017802733e-06 -9.272931982539011075e-01 1.165444629322110259e+01
-4.382508469015630390e-05 -9.273430794420139955e-01 1.163004220499096064e+01
-2.895687476634563502e-05 -9.273331731645229059e-01 1.160572644676406640e+01
-2.378779779854179634e-05 -9.273336811890834364e-01 1.158174831632084789e+01
-2.253213084311999660e-05 -9.273292228746297106e-01 1.155809268758421737e+01
-2.295134068983463796e-05 -9.273267866005264759e-01 1.153474947224517955e+01
-2.184933032692878800e-05 -9.273235172165781304e-01 1.151170321272503116e+01
-2.216041501841765383e-05 -9.273192832433089228e-01 1.148897058322541120e+01
-2.130161862451060428e-05 -9.273166467458093809e-01 1.146653675016882268e+01
-2.045861611291361661e-05 -9.273130963339927257e-01 1.144440895809088232e+01
-1.858676821827297265e-05 -9.273102470527372354e-01 1.142258057266449711e+01
-1.935128957031816144e-05 -9.273080792254499993e-01 1.140106507385690549e+01
-1.674681369273189196e-05 -9.273051329307084867e-01 1.137983673785004690e+01
-1.407017910132028760e-05 -9.273033294980476127e-01 1.135890856893265166e+01
-1.173377886244859371e-05 -9.273046236032864709e-01 1.133828027934228189e+01
-1.085486245394487806e-06 -9.273172370019940880e-01 1.131792200361504186e+01
5.902197516941155983e-07 -9.272896778754728953e-01 1.129788067531344353e+01
5.227430544574773654e-06 -9.272803212210722901e-01 1.127811581520225381e+01
1.504202583198482185e-05 -9.272688255795047407e-01 1.125861623002965040e+01
-6.562686089557113762e-05 -9.272949660873162081e-01 1.123974992010749752e+01
-7.832633701287627340e-06 -9.272928687072248266e-01 1.122065857565463531e+01
1.404535905681432217e-05 -9.273183407039944370e-01 1.120199533847214290e+01
-6.243508156807825449e-06 -9.272742351338729705e-01 1.118370578738513998e+01
-6.235807911510096030e-06 -9.272916719151055309e-01 1.116566686900193517e+01
-5.225074770669451557e-06 -9.272841352344171062e-01 1.114786955199895679e+01
-7.497799102488796399e-08 -9.272951935681444935e-01 1.113034002432600822e+01
-1.543212786985523159e-06 -9.272945552107713096e-01 1.111309692460043230e+01
8.191864173766945801e-06 -9.272996335958472169e-01 1.174946955126740100e+01
5.113597840695233046e-07 -9.272945507144733090e-01 1.172447951128157584e+01
2.053108072753724155e-05 -9.272704886913398781e-01 1.169968002370393201e+01
8.542911701959723025e-06 -9.272874893904771154e-01 1.167527842957870021e+01
2.077119309917645467e-06 -9.272935817912945078e-01 1.165114114628706687e+01
-4.222671875921059532e-05 -9.273415673629126221e-01 1.162740563335219868e+01
-2.844504960824805438e-05 -9.273333323248619253e-01 1.160375887122131289e+01
-2.320288828557720041e-05 -9.273311362884290032e-01 1.158043126145902058e+01
-2.174916288478784959e-05 -9.273289749184489006e-01 1.155740877186908833e+01
-2.167264661514546609e-05 -9.273254467415258384e-01 1.153467865622172539e+01
-2.224336452277895625e-05 -9.273236405883920064e-01 1.151224069339760092e+01
-2.136713859550161236e-05 -9.273193253053813034e-01 1.149008772591171557e+01
-2.047668225014327367e-05 -9.273159860079769334e-01 1.146822748497879552e+01
3.141593011532719082e+00 9.272939797665383788e-01 2.305144056602348002e+00
3.141592194931933868e+00 9.272959899715744747e-01 2.279698311851178438e+00
3.141610771816680803e+00 9.273113247829911643e-01 2.254474907839574271e+00
-3.141592512381202074e+00 9.272973272601274797e-01 1.487151304251010231e+01
-3.141583185864904593e+00 9.272726826289950930e-01 1.484604621348229081e+01
-3.141585092737060769e+00 9.272780983894625129e-01 1.482089373955286504e+01
-3.141588438291129659e+00 9.272877005961488450e-01 1.479604386137687477e+01
-3.141591130086149430e+00 9.272986515347513281e-01 1.477149216155445188e+01
-3.141591867689494499e+00 9.272947694862880841e-01 1.474723451855225420e+01
-3.141603620951483045e+00 9.273251315982364851e-01 1.472330894697019055e+01
-3.141612600556367596e+00 9.273123350375801488e-01 1.469967917391718082e+01
-3.141619914775981126e+00 9.273176744708839792e-01 1.467635272406487701e+01
-3.141622563687306968e+00 9.273175015028046753e-01 1.465331877138260808e+01
-3.141623163095824456e+00 9.273179435340012100e-01 1.463058519426745718e+01
-3.141620832953496034e+00 9.273172965076842411e-01 1.460814659757761191e+01
-3.141617531267556718e+00 9.273171568856047875e-01 1.458600937120285224e+01
-3.141615015612912565e+00 9.273200619464819772e-01 1.456417997210768966e+01
-6.242359323988099171e-06 -7.210492394808765582e+00 1.172993815299893683e+01
