2.168713259696960449e+01
4.750219821929931641e+00
4.765613555908203125e+00
4.093725919723510742e+00
4.109209060668945312e+00
4.030883073806762695e+00
4.062584161758422852e+00
4.171789407730102539e+00
4.297991752624511719e+00
4.287774324417114258e+00
4.110416412353515625e+00
4.453090190887451172e+00
4.129947185516357422e+00
4.080049991607666016e+00
4.088127613067626953e+00
4.329028367996215820e+00
4.338557720184326172e+00
1.642246627807617188e+01
1.667559146881103516e+01
1.416691660881042480e+01
1.460986185073852539e+01
1.467324566841125488e+01
1.234589958190917969e+01
1.257630228996276855e+01
1.427989745140075684e+01
1.265984749794006348e+01
1.432534623146057129e+01
1.427301836013793945e+01
1.449765062332153320e+01
1.450555801391601562e+01
1.439044547080993652e+01
1.437402510643005371e+01
1.432815194129943848e+01
1.448571896553039551e+01
1.421867942810058594e+01
1.627677607536315918e+01
1.228122854232788086e+01
1.421868419647216797e+01
1.417188096046447754e+01
1.637496185302734375e+01
1.645306110382080078e+01
1.629684782028198242e+01
1.657796955108642578e+01
1.058925652503967285e+01
1.471464776992797852e+01
4.121969819068908691e+01
4.638365507125854492e+00
4.763508319854736328e+00
4.819674253463745117e+00
4.040154457092285156e+00
4.052431821823120117e+00
4.030038356781005859e+00
4.154668331146240234e+00
4.062490940093994141e+00
4.055666685104370117e+00
4.044483661651611328e+00
4.062834739685058594e+00
4.062365055084228516e+00
4.078109979629516602e+00
4.046853780746459961e+00
4.265568017959594727e+00
4.062292337417602539e+00
4.046463966369628906e+00
4.046951293945312500e+00
5.022434473037719727e+00
4.650322198867797852e+00
4.781012535095214844e+00
5.472492694854736328e+00
5.406242370605468750e+00
4.781424283981323242e+00
4.062390089035034180e+00
4.062695980072021484e+00
4.052486419677734375e+00
4.655038595199584961e+00
4.796644210815429688e+00
9.546856403350830078e+00
5.383026599884033203e+00
4.794574737548828125e+00
4.723369598388671875e+00
4.919977188110351562e+00
4.047557115554809570e+00
4.176793575286865234e+00
4.247917413711547852e+00
4.210866212844848633e+00
4.049653530120849609e+00
4.069852828979492188e+00
4.030869007110595703e+00
4.140908241271972656e+00
3.461316180229187012e+01
5.197413444519042969e+00
5.109345912933349609e+00
3.532933568954467773e+01
4.953103542327880859e+00
4.984406948089599609e+00
4.984354972839355469e+00
4.859390735626220703e+00
4.986631155014038086e+00
4.235830783843994141e+00
4.249956846237182617e+00
4.265265703201293945e+00
4.248558282852172852e+00
4.234224557876586914e+00
4.357817173004150391e+00
4.218718767166137695e+00
4.419423818588256836e+00
1.305156345367431641e+02
