-1.323531821964175625e-01 5.882329006779272312e-02 6.617673343194381552e-02 -2.941145503303034883e-02
-1.236752178517926265e-01 5.686339334473306667e-02 6.183704923315536811e-02 -2.843198644818021453e-02
-1.158259108210025201e-01 5.502858314451745947e-02 5.791293407657679276e-02 -2.751435458378667653e-02
-1.087050774633980532e-01 5.330948506721237823e-02 5.435627194009853141e-02 -2.665613305185225018e-02
-1.022127011235642313e-01 5.169340157758380017e-02 5.110697878518767612e-02 -2.584676244384318325e-02
-9.628797847268745491e-02 5.017279859833288780e-02 4.814415727233950504e-02 -2.508612937052956057e-02
-9.086516932219902698e-02 4.873918601538786144e-02 4.543331292961632489e-02 -2.436934074266833283e-02
-8.588776678163922984e-02 4.738521173639474032e-02 4.294494434557620532e-02 -2.369236298372999483e-02
-8.130816711691808696e-02 4.610457717043085768e-02 4.065528542453072242e-02 -2.305212923579949558e-02
-7.708526387219791220e-02 4.489128972172506948e-02 3.854386388699427429e-02 -2.244552899926677628e-02
-7.318283582602712334e-02 4.374030518688111491e-02 3.659258428452288880e-02 -2.187010377515880358e-02
-6.956934404810047323e-02 4.264681320162507644e-02 3.478572587987008996e-02 -2.132335096952773026e-02
-6.621697997754028009e-02 4.160666174029019337e-02 3.310940669500591488e-02 -2.080326525932631176e-02
-6.310115218334876042e-02 4.061606891346111747e-02 3.155132269284108282e-02 -2.030797670638589958e-02
-6.020018000855183876e-02 3.967151357172003096e-02 3.010065343818113179e-02 -1.983569499531930361e-02
-5.749481411048686791e-02 3.876994059167156170e-02 2.874790839925698768e-02 -1.938492245329585459e-02
-5.496810285992469874e-02 3.790819852855285832e-02 2.748461402215911231e-02 -1.895397175533851744e-02
-1.323506115896398716e-01 5.882427566794018459e-02 6.617450673907783465e-02 -2.941211882460126673e-02
-1.236760733272997820e-01 5.686274052160466413e-02 6.183780384244264711e-02 -2.843128062933597891e-02
-1.158276321376276313e-01 5.502832801432842869e-02 5.791462172477972181e-02 -2.751444989072341502e-02
-1.087005315015100032e-01 5.330878581415554596e-02 5.435051251144687456e-02 -2.665449961271917564e-02
-1.022119959428522545e-01 5.169341404858897315e-02 5.110602152668420467e-02 -2.584672396216772250e-02
-9.628689527617205479e-02 5.017280853092205561e-02 4.814304204272504967e-02 -2.508584555880306877e-02
-9.086446536735016954e-02 4.873928428082728581e-02 4.543249606272848490e-02 -2.436934387723282622e-02
-8.588365921956399307e-02 4.738787379073616801e-02 4.294123772342162138e-02 -2.369483244533699198e-02
-8.130655649219105385e-02 4.610475666815679052e-02 4.065312846670187524e-02 -2.305223327148005902e-02
-7.708376634277533390e-02 4.489162944803276600e-02 3.854186481863564745e-02 -2.244587661322043279e-02
-7.318126610835655466e-02 4.374072911527984026e-02 3.659038569238182853e-02 -2.187063478171848499e-02
-6.956861036915172603e-02 4.264669050401698885e-02 3.478421172305750514e-02 -2.132345219097037808e-02
-6.621577055186021743e-02 4.160703822075524638e-02 3.310791946875335512e-02 -2.080359888686926159e-02
-6.310037566480397597e-02 4.061611870126947271e-02 3.155020680555597340e-02 -2.030801598460972926e-02
-6.019927021523768101e-02 3.967192051685115156e-02 3.009961238094956831e-02 -1.983606547839860540e-02
-5.749435942966945462e-02 3.876994899464389355e-02 2.874718298096065605e-02 -1.938496797966969901e-02
-5.496748765716070323e-02 3.790834248136789458e-02 2.748375601503073515e-02 -1.895413741101293140e-02
-5.260356365076707119e-02 3.708428633900372196e-02 2.630177189804263141e-02 -1.854215727884912096e-02
-5.039125783975172135e-02 3.629486135160443078e-02 2.519673824367313700e-02 -1.814802866414301497e-02
-4.831111172730218062e-02 3.553928937204792193e-02 2.415555313528330167e-02 -1.776971268805162610e-02
-4.635871700449071403e-02 3.481619309075169311e-02 2.317972602805882382e-02 -1.740951028999947539e-02
-4.452343121062304898e-02 3.411709742383561839e-02 2.226146650683979294e-02 -1.705812916083510739e-02
-4.279468555308021255e-02 3.344862109039720144e-02 2.139734896654346338e-02 -1.672430453057987404e-02
-4.116448353698414636e-02 3.280545497731780086e-02 2.058223423995594534e-02 -1.640273944249090801e-02
-3.962573953639609431e-02 3.218648956161129088e-02 1.981285850239788288e-02 -1.609324572932952641e-02
-3.817172548750520644e-02 3.159048929615366347e-02 1.908588515355432239e-02 -1.579527614556619497e-02
-3.680113780596632606e-02 3.100884968391853791e-02 1.840163396912666491e-02 -1.550080431834302552e-02
-3.549026219603917953e-02 3.046829364140815968e-02 1.774456228288678536e-02 -1.523730685713541901e-02
-1.323546600693819852e-01 5.882322264455998317e-02 6.617805114383618070e-02 -2.941180344695835946e-02
-1.236705580234211260e-01 5.686471151399084129e-02 6.183241724877612533e-02 -2.843274417197479489e-02
-1.158240219550104588e-01 5.502933235847844856e-02 5.791118425972977685e-02 -2.751489930220448604e-02
-1.086993360439771350e-01 5.330918230413438097e-02 5.434944825671236129e-02 -2.665469217854821160e-02
-1.022193386595040554e-01 5.169089640907159611e-02 5.111385979196749613e-02 -2.584475442909708182e-02
-9.629228425932297164e-02 5.017200678144193710e-02 4.814915282120815071e-02 -2.508579934272548925e-02
-9.086769509554648572e-02 4.873923350292989898e-02 4.543661169655538457e-02 -2.436970759911717688e-02
-8.588922386855217528e-02 4.738539549207022167e-02 4.294697121614474838e-02 -2.369273715780928144e-02
-8.130928386469848945e-02 4.610459489152141793e-02 4.065677529891930514e-02 -2.305227399242556693e-02
-7.708585457590096113e-02 4.489137785531792380e-02 3.854478114724720073e-02 -2.244564075519853499e-02
-7.318334169125101374e-02 4.374014258574804304e-02 3.659325624195201854e-02 -2.186991826614645418e-02
-6.956975245024772658e-02 4.264664639379620731e-02 3.478626220095679122e-02 -2.132315336615282081e-02
-6.621736147843852727e-02 4.160642108877579681e-02 3.310984626000584158e-02 -2.080299807757619163e-02
-6.310150988819415718e-02 4.061582461264089811e-02 3.155172512881057600e-02 -2.030770737747527796e-02
-6.020075049299422609e-02 3.967111442826671414e-02 3.010124300177894133e-02 -1.983529360792945020e-02
-5.749521220563044016e-02 3.876958147255513132e-02 2.874828702526467314e-02 -1.938454954591668083e-02
-5.496810031108084749e-02 3.790812011542175897e-02 2.748459551407732293e-02 -1.895386552903360194e-02
-5.260415578525776126e-02 3.708413766088988761e-02 2.630260469622342986e-02 -1.854197820242903597e-02
-5.038947194982663913e-02 3.629586167102226424e-02 2.519544913221363411e-02 -1.814840298807799540e-02
-4.831083566726921547e-02 3.553919617312646662e-02 2.415524006588977077e-02 -1.776948928636800859e-02
-4.635845952070052900e-02 3.481404189431474422e-02 2.317870714946886068e-02 -1.740681797797043878e-02
-4.452163671699128911e-02 3.411819644149545472e-02 2.225982736974899123e-02 -1.705887027063793249e-02
-4.279779391110837689e-02 3.344543784844621059e-02 2.139998763031552426e-02 -1.672130928035648126e-02
-4.116478480548659002e-02 3.280503128172757021e-02 2.058246043404324960e-02 -1.640230625859954647e-02
-3.962607991164389387e-02 3.218724806267322935e-02 1.981338657369935419e-02 -1.609436748184003493e-02
-3.817128500841027172e-02 3.158993934814215837e-02 1.908524053050403638e-02 -1.579443623799764440e-02
-3.679654937753216309e-02 3.101564222609410476e-02 1.839828983950358293e-02 -1.550763764511416294e-02
-3.549376040850892033e-02 3.046184095322563776e-02 1.774671393061203958e-02 -1.523061674856586098e-02
-3.425942041637769497e-02 2.992774932113285297e-02 1.712971080697725176e-02 -1.496387291919098160e-02
-3.308836822747752981e-02 2.941160304522104710e-02 1.654419310121635692e-02 -1.470576380783150845e-02
-1.318978515712619370e-01 5.708346578252095765e-02 6.594905597715096379e-02 -2.854243067399003797e-02
-1.232507000151046583e-01 5.518018129220957774e-02 6.162528449684744752e-02 -2.759009914566359217e-02
-1.154225280529878606e-01 5.340181611483166280e-02 5.770893189411364921e-02 -2.670126752608553700e-02
-1.083241053722765190e-01 5.173216802946031811e-02 5.416130846883143724e-02 -2.586629682530158444e-02
-1.018598116777276463e-01 5.016394080734751237e-02 5.092974957561129112e-02 -2.508202489169168367e-02
-9.596319986009987923e-02 4.868612082540182268e-02 4.798540780224159336e-02 -2.434244454105466415e-02
-9.055574749932666923e-02 4.729635101567605804e-02 4.528070362686904132e-02 -2.364801418403704100e-02
-8.559395454627499733e-02 4.598310244725156704e-02 4.279943226584826538e-02 -2.299159044005292737e-02
-8.102954818547696003e-02 4.474040284313166721e-02 4.051697021859259479e-02 -2.237026416092438921e-02
-7.682073044437376375e-02 4.356299173590370138e-02 3.841228867580975120e-02 -2.178148641729601639e-02
-7.293166330706643552e-02 4.244593803888873501e-02 3.646759930730673199e-02 -2.122291188254617211e-02
-6.933042609810241563e-02 4.138475659814384172e-02 3.466669980369836701e-02 -2.069226112618595750e-02
-6.598964288655079224e-02 4.037527324877351192e-02 3.299609137318415542e-02 -2.018748505206889934e-02
-1.323528935080238167e-01 5.882347493246027625e-02 6.617633379883551548e-02 -2.941171563029051569e-02
-1.236767515240511928e-01 5.686263646852546955e-02 6.183844847400150890e-02 -2.843131730673520083e-02
-1.158247000203121435e-01 5.503113868888208360e-02 5.791301743893090270e-02 -2.751717261645290555e-02
-1.323530037736311837e-01 5.882367016742690025e-02 6.617667221287983070e-02 -2.941192197492378466e-02
-1.236744484292115892e-01 5.686253539132993945e-02 6.183521314369804650e-02 -2.843105225372332540e-02
-1.158244908214101782e-01 5.502836600330120176e-02 5.791079809414463597e-02 -2.751403206979597879e-02
-1.086993953846884242e-01 5.330880466076434732e-02 5.434907462671746681e-02 -2.665438096373420884e-02
-1.022122231025925365e-01 5.169354564960734061e-02 5.110629151676317899e-02 -2.584696161773902476e-02
-9.628783952018209191e-02 5.017304786967492075e-02 4.814387305297637698e-02 -2.508654770651798024e-02
-9.086656956837824151e-02 4.873975323408377691e-02 4.543525091859951931e-02 -2.437028955881562556e-02
-8.588820843775810121e-02 4.738503592740404141e-02 4.294549566296385068e-02 -2.369216827032091452e-02
-8.130900835409213268e-02 4.610410082191326170e-02 4.065627380800423268e-02 -2.305158916948241501e-02
-7.708602857341130543e-02 4.489071300714398555e-02 3.854475922857814735e-02 -2.244482884099820511e-02
-7.318366863309341830e-02 4.373966216034189114e-02 3.659354102326382169e-02 -2.186933589746170234e-02
-6.957005365878390912e-02 4.264633734771559881e-02 3.478658771257043397e-02 -2.132277690130128522e-02
-6.621758414897506440e-02 4.160640673681043067e-02 3.311021758123986608e-02 -2.080295017147987952e-02
-6.310194738961960592e-02 4.061597365897951645e-02 3.155240764809432580e-02 -2.030791192594671307e-02
-1.323544182061952013e-01 5.882339691009536020e-02 6.617837457936784351e-02 -2.941172173010552296e-02
