0.000000000000000000e+00
0.000000000000000000e+00
0.000000000000000000e+00
0.000000000000000000e+00
0.000000000000000000e+00
0.000000000000000000e+00
0.000000000000000000e+00
0.000000000000000000e+00
0.000000000000000000e+00
0.000000000000000000e+00
0.000000000000000000e+00
0.000000000000000000e+00
0.000000000000000000e+00
0.000000000000000000e+00
0.000000000000000000e+00
0.000000000000000000e+00
0.000000000000000000e+00
0.000000000000000000e+00
0.000000000000000000e+00
0.000000000000000000e+00
0.000000000000000000e+00
0.000000000000000000e+00
0.000000000000000000e+00
0.000000000000000000e+00
0.000000000000000000e+00
0.000000000000000000e+00
0.000000000000000000e+00
0.000000000000000000e+00
0.000000000000000000e+00
0.000000000000000000e+00
0.000000000000000000e+00
0.000000000000000000e+00
0.000000000000000000e+00
0.000000000000000000e+00
0.000000000000000000e+00
0.000000000000000000e+00
0.000000000000000000e+00
0.000000000000000000e+00
0.000000000000000000e+00
0.000000000000000000e+00
0.000000000000000000e+00
0.000000000000000000e+00
0.000000000000000000e+00
0.000000000000000000e+00
0.000000000000000000e+00
8.409292459487915039e+00
8.463156223297119141e+00
8.509777545928955078e+00
8.433451890945434570e+00
8.456770658493041992e+00
8.477576494216918945e+00
8.455219745635986328e+00
8.446489334106445312e+00
8.467783212661743164e+00
8.470188379287719727e+00
8.458005428314208984e+00
8.443111896514892578e+00
8.444611310958862305e+00
8.415273666381835938e+00
8.494517803192138672e+00
8.614804983139038086e+00
8.452001810073852539e+00
8.434086561203002930e+00
8.445888996124267578e+00
8.498819828033447266e+00
8.492175817489624023e+00
8.472561836242675781e+00
8.501949071884155273e+00
8.457567214965820312e+00
8.525256156921386719e+00
8.527191162109375000e+00
8.500906944274902344e+00
8.484500885009765625e+00
8.482584476470947266e+00
8.480258464813232422e+00
8.431339025497436523e+00
8.452956438064575195e+00
8.466547489166259766e+00
8.422704696655273438e+00
8.611004352569580078e+00
8.444149017333984375e+00
8.465176343917846680e+00
8.729390144348144531e+00
8.562809467315673828e+00
8.435783863067626953e+00
8.609826803207397461e+00
8.404732942581176758e+00
8.405636310577392578e+00
8.912039279937744141e+00
9.039534091949462891e+00
9.331172704696655273e+00
8.720058441162109375e+00
8.717872858047485352e+00
8.700410604476928711e+00
8.784054994583129883e+00
8.728475332260131836e+00
8.734535932540893555e+00
8.752294063568115234e+00
8.710748910903930664e+00
8.805504083633422852e+00
8.774790525436401367e+00
8.684634447097778320e+00
8.760516643524169922e+00
8.707746028900146484e+00
8.854811906814575195e+00
2.385212397575378418e+01
