1.420000000000000000e+03
6.820000000000000000e+02
8.490000000000000000e+02
3.200000000000000000e+02
7.380000000000000000e+02
7.380000000000000000e+02
7.920000000000000000e+02
5.620000000000000000e+02
5.180000000000000000e+02
5.490000000000000000e+02
8.920000000000000000e+02
7.500000000000000000e+02
5.050000000000000000e+02
8.810000000000000000e+02
6.170000000000000000e+02
8.480000000000000000e+02
9.460000000000000000e+02
9.280000000000000000e+02
8.260000000000000000e+02
9.230000000000000000e+02
8.590000000000000000e+02
7.930000000000000000e+02
1.129000000000000000e+03
5.180000000000000000e+02
8.360000000000000000e+02
1.080000000000000000e+03
5.170000000000000000e+02
6.120000000000000000e+02
9.370000000000000000e+02
1.114000000000000000e+03
9.840000000000000000e+02
8.150000000000000000e+02
4.730000000000000000e+02
9.250000000000000000e+02
6.790000000000000000e+02
4.840000000000000000e+02
5.670000000000000000e+02
9.580000000000000000e+02
3.860000000000000000e+02
5.720000000000000000e+02
5.840000000000000000e+02
7.600000000000000000e+02
4.630000000000000000e+02
4.740000000000000000e+02
8.700000000000000000e+02
7.150000000000000000e+02
5.070000000000000000e+02
8.360000000000000000e+02
1.068000000000000000e+03
5.290000000000000000e+02
4.520000000000000000e+02
5.510000000000000000e+02
4.170000000000000000e+02
5.450000000000000000e+02
7.380000000000000000e+02
3.860000000000000000e+02
6.720000000000000000e+02
1.038000000000000000e+03
7.930000000000000000e+02
1.126000000000000000e+03
1.124000000000000000e+03
7.370000000000000000e+02
9.520000000000000000e+02
5.940000000000000000e+02
5.400000000000000000e+02
1.012000000000000000e+03
3.310000000000000000e+02
1.253000000000000000e+03
1.356000000000000000e+03
4.630000000000000000e+02
3.970000000000000000e+02
4.840000000000000000e+02
8.590000000000000000e+02
3.310000000000000000e+02
8.710000000000000000e+02
5.940000000000000000e+02
5.620000000000000000e+02
4.960000000000000000e+02
7.990000000000000000e+02
6.170000000000000000e+02
6.940000000000000000e+02
6.670000000000000000e+02
7.600000000000000000e+02
8.430000000000000000e+02
7.930000000000000000e+02
4.850000000000000000e+02
7.530000000000000000e+02
8.580000000000000000e+02
3.530000000000000000e+02
1.389000000000000000e+03
9.620000000000000000e+02
1.183000000000000000e+03
9.640000000000000000e+02
6.170000000000000000e+02
8.120000000000000000e+02
6.050000000000000000e+02
5.500000000000000000e+02
6.500000000000000000e+02
7.590000000000000000e+02
7.160000000000000000e+02
8.830000000000000000e+02
7.270000000000000000e+02
6.500000000000000000e+02
6.390000000000000000e+02
3.860000000000000000e+02
6.170000000000000000e+02
5.860000000000000000e+02
6.060000000000000000e+02
6.510000000000000000e+02
5.180000000000000000e+02
4.960000000000000000e+02
6.890000000000000000e+02
5.180000000000000000e+02
5.840000000000000000e+02
7.610000000000000000e+02
1.123000000000000000e+03
6.610000000000000000e+02
1.212000000000000000e+03
7.100000000000000000e+02
1.057000000000000000e+03
6.820000000000000000e+02
1.023000000000000000e+03
6.170000000000000000e+02
1.135000000000000000e+03
7.260000000000000000e+02
1.454000000000000000e+03
1.211000000000000000e+03
1.191000000000000000e+03
5.500000000000000000e+02
1.045000000000000000e+03
1.785000000000000000e+03
7.600000000000000000e+02
6.280000000000000000e+02
8.040000000000000000e+02
5.400000000000000000e+02
8.360000000000000000e+02
9.130000000000000000e+02
1.651000000000000000e+03
4.180000000000000000e+02
9.900000000000000000e+02
8.110000000000000000e+02
5.070000000000000000e+02
5.710000000000000000e+02
7.710000000000000000e+02
9.620000000000000000e+02
7.260000000000000000e+02
8.920000000000000000e+02
8.960000000000000000e+02
6.830000000000000000e+02
8.140000000000000000e+02
4.740000000000000000e+02
6.690000000000000000e+02
4.170000000000000000e+02
3.640000000000000000e+02
7.930000000000000000e+02
3.310000000000000000e+02
4.080000000000000000e+02
