8.162122505504666448e-01 -2.099820847175979388e-01 1.728964281426728533e+00 -2.440307387377479154e-01 1.366790795530294922e+00 3.738215890709590816e-01 9.420774755686111002e-01 -3.023455515122946968e-01 -2.790035491526443850e-03 1.377132433987882099e+00
8.043337406293465941e-01 -2.080411939433452762e-01 1.722830109664051923e+00 -2.503452035302208278e-01 1.349969526066389092e+00 3.717932985169368210e-01 9.406555158193294908e-01 -3.002822468591712091e-01 -1.786544081620571739e-02 1.385614368989098066e+00
7.930236391600710144e-01 -2.058557046089690701e-01 1.716818518811505490e+00 -2.562242517876436865e-01 1.333682306504651027e+00 3.698655204087165638e-01 9.393206374026467076e-01 -2.979368191760497497e-01 -3.184779379018506246e-02 1.393693484399339821e+00
7.822528230274152783e-01 -2.034787080550961857e-01 1.710947429204040748e+00 -2.617014473761737903e-01 1.317949293211568618e+00 3.680292703769111884e-01 9.380643852614548583e-01 -2.953669323428149140e-01 -4.482924281036290010e-02 1.401383828194509906e+00
7.719965875892945695e-01 -2.009287737243073968e-01 1.705235632873080887e+00 -2.668145041493670822e-01 1.302750441313401009e+00 3.662786155789533038e-01 9.368869905776359142e-01 -2.925896544217372330e-01 -5.689667857850157912e-02 1.408695618625007473e+00
7.622353537883813646e-01 -1.982347456439542410e-01 1.699687327409561632e+00 -2.715982642197654617e-01 1.288086178782934077e+00 3.646025540577598756e-01 9.357732593355879702e-01 -2.896800174560908991e-01 -6.813953623665469639e-02 1.415640486665822539e+00
7.529309510695673113e-01 -1.954390835068188226e-01 1.694305778335181367e+00 -2.760636896316656097e-01 1.273963154997990843e+00 3.630024426325128561e-01 9.347112725572254144e-01 -2.866757477926658026e-01 -7.862325939768337324e-02 1.422241749655032805e+00
7.440686834239114145e-01 -1.925658358230389333e-01 1.689101386261848914e+00 -2.802579448029312026e-01 1.260359682447216079e+00 3.614875170775107560e-01 9.336837886559876676e-01 -2.835783038367654108e-01 -8.842229424664589665e-02 1.428516334370903085e+00
7.356244882160145604e-01 -1.896242590650938642e-01 1.684066568613865833e+00 -2.841895572959795557e-01 1.247260113397368420e+00 3.600213694733750414e-01 9.327139193152910179e-01 -2.804466963086790221e-01 -9.758138914900647831e-02 1.434475074403460892e+00
7.275683464576631065e-01 -1.866090653304244840e-01 1.679221704387207303e+00 -2.878843701494661067e-01 1.234636185936380803e+00 3.586222958324867816e-01 9.317833343380866884e-01 -2.772628873993628895e-01 -1.061688385943609092e-01 1.440115767291810345e+00
8.258017948012120746e-01 -2.079410251838222090e-01 1.736498117840539646e+00 -2.340801867128671221e-01 1.393090415894268963e+00 3.730661141879763609e-01 9.515936903160756577e-01 -3.027093559003745105e-01 2.297210221577819858e-02 1.364380561142168213e+00
8.136736248742303390e-01 -2.068703610131107928e-01 1.730250692224571285e+00 -2.407045306756297187e-01 1.375552233979365324e+00 3.707449354872313640e-01 9.498226670298193230e-01 -3.012065593961598675e-01 6.013742300415140553e-03 1.373235509614030514e+00
8.020799187275523545e-01 -2.054610138640221573e-01 1.724081530208918300e+00 -2.468872991205405265e-01 1.358548626010952276e+00 3.685564137725559908e-01 9.481787952781769446e-01 -2.993383432315032677e-01 -9.678928138200881132e-03 1.381703748810037879e+00
7.909900558283537997e-01 -2.037749788343529156e-01 1.718015919428856675e+00 -2.526527750462756461e-01 1.342094032196603726e+00 3.664833525710152196e-01 9.466555978915296432e-01 -2.971529259655729116e-01 -2.421788545488686925e-02 1.389793657415448358e+00
7.803986120652827152e-01 -2.018313806746969696e-01 1.712077341520659157e+00 -2.580372958302880604e-01 1.326180687203696085e+00 3.645217596777308167e-01 9.452316850198403397e-01 -2.947289470933611710e-01 -3.770647202246313334e-02 1.397513082116026650e+00
7.702737935765640032e-01 -1.996987845376924087e-01 1.706280707009460995e+00 -2.630623187018965026e-01 1.310836411253849754e+00 3.626569808445160303e-01 9.439059646394277747e-01 -2.920938614785661969e-01 -5.023609554315996983e-02 1.404867983666360232e+00
7.606120801215414673e-01 -1.973824269654413932e-01 1.700655435411591476e+00 -2.677751418804894534e-01 1.296034863062752951e+00 3.608923645053610518e-01 9.426490348994935875e-01 -2.893110668869913193e-01 -6.190678689411859004e-02 1.411854221781714935e+00
7.513913448671498685e-01 -1.949399830128481781e-01 1.695169285184810803e+00 -2.721906654865364761e-01 1.281774280749039097e+00 3.592050773192027591e-01 9.414777829778931961e-01 -2.864019104162669471e-01 -7.277203798998374551e-02 1.418527658883323772e+00
7.425768934357779294e-01 -1.923809305907381029e-01 1.689861936439128298e+00 -2.763339612256070499e-01 1.268033776874508911e+00 3.576073616445886172e-01 9.403667586870118056e-01 -2.833687397073866854e-01 -8.292355150542635167e-02 1.424867799549721203e+00
7.341724636054146602e-01 -1.897098270557824595e-01 1.684714699315981612e+00 -2.802335678592660084e-01 1.254792232853116030e+00 3.560588547334052056e-01 9.393239687021955886e-01 -2.803252454402520577e-01 -9.240851782419327864e-02 1.430896698305730519e+00
8.349528503176284477e-01 -2.034076255272096734e-01 1.744450131334404519e+00 -2.240608111794853974e-01 1.423603074156138959e+00 3.732081988965687547e-01 9.635115249181519514e-01 -3.012240049872039194e-01 5.520863042273669447e-02 1.350814732508384797e+00
8.227452698797467212e-01 -2.035066344871138133e-01 1.738184928043766009e+00 -2.309107454018720085e-01 1.405231683308722834e+00 3.704992019513343449e-01 9.612202129166470543e-01 -3.004710164603303091e-01 3.585054054246911148e-02 1.360001616946106440e+00
8.109860933466781496e-01 -2.031417473371855964e-01 1.731928212663357058e+00 -2.373087515363752342e-01 1.387379258593962161e+00 3.679427005205154755e-01 9.591269683356755671e-01 -2.992535444106139697e-01 1.797176041987653614e-02 1.368829760755165159e+00
7.997031219127108681e-01 -2.023935496081448737e-01 1.725718988733557113e+00 -2.433128067409909279e-01 1.370082801195288358e+00 3.655416967972962561e-01 9.571966712714055081e-01 -2.976404707714035980e-01 1.438944309502746509e-03 1.377301234674145336e+00
7.888725578771405011e-01 -2.013011136289955261e-01 1.719594439316665335e+00 -2.489336023618400062e-01 1.353344219823219730e+00 3.632648209052254384e-01 9.554336876846603044e-01 -2.956845659334335630e-01 -1.386395405722846627e-02 1.385407509146504124e+00
7.784778900272391056e-01 -1.999267347167168196e-01 1.713570867486873928e+00 -2.541881426250358067e-01 1.337181371225771853e+00 3.611041632487009823e-01 9.538108769423270239e-01 -2.934588755625763268e-01 -2.805118594989480796e-02 1.393159783535931728e+00
7.685271359738773400e-01 -1.983116359260936323e-01 1.707680705979293778e+00 -2.591284137218374251e-01 1.321595322176998044e+00 3.590793622849667854e-01 9.522927864207777482e-01 -2.910019451212482733e-01 -4.122611893480843809e-02 1.400564438967721204e+00
7.590009011882461465e-01 -1.964630585914062255e-01 1.701924796549137975e+00 -2.637633021809367984e-01 1.306548160159555882e+00 3.571483518672590729e-01 9.508921747728479312e-01 -2.883734359043169104e-01 -5.347255448791948806e-02 1.407631768168204900e+00
7.498816532697470949e-01 -1.944426440522596666e-01 1.696323123522769150e+00 -2.681211987774624328e-01 1.292056685252283232e+00 3.553247051533731105e-01 9.495769912195247686e-01 -2.856010657018521193e-01 -6.487928953878184524e-02 1.414371771112920007e+00
7.411497765595949083e-01 -1.922789346984475345e-01 1.690881975195052123e+00 -2.722143895141471148e-01 1.278105950950550129e+00 3.535988664541697690e-01 9.483382514992845236e-01 -2.827270091863127166e-01 -7.551185664457293889e-02 1.420800167473845299e+00
8.430058703097742523e-01 -1.955747387798170700e-01 1.752502066630327038e+00 -2.145548045151554617e-01 1.458765720526152387e+00 3.751279880544682865e-01 9.777679385630909659e-01 -2.973726799236591778e-01 9.523515415384654903e-02 1.336910884780428299e+00
8.309536595381042945e-01 -1.971740307367503831e-01 1.746402922037386896e+00 -2.214748729889872425e-01 1.439446392885804782e+00 3.719051419418870075e-01 9.747960185017042756e-01 -2.975590435551728197e-01 7.291009743343378202e-02 1.346333431364223232e+00
8.192674127663394090e-01 -1.981755479356537564e-01 1.740206792369584754e+00 -2.279879928067534978e-01 1.420652216155167347e+00 3.688669657602208218e-01 9.720846403822236415e-01 -2.972127992215511383e-01 5.231014600714625068e-02 1.355440054603445743e+00
8.079624566846588252e-01 -1.986542828807114081e-01 1.733979843451171066e+00 -2.341303386948018483e-01 1.402379040146215727e+00 3.660322998339688993e-01 9.695972146536124825e-01 -2.963234737837099342e-01 3.328522921333861712e-02 1.364232923735133829e+00
7.970358781450129770e-01 -1.986690372678429628e-01 1.727758671030989124e+00 -2.398884722685902249e-01 1.384676486146496188e+00 3.633485394070972152e-01 9.673320347210137005e-01 -2.950378001997057686e-01 1.569979903411618943e-02 1.372692022643201559e+00
7.864916799208111486e-01 -1.982923854363989880e-01 1.721592541806539645e+00 -2.453001083008864991e-01 1.367565012811126524e+00 3.608152535189688148e-01 9.652652034300829298e-01 -2.933788861640296841e-01 -5.752707090388287483e-04 1.380806494937335094e+00
7.763514644953373178e-01 -1.975714985525276746e-01 1.715494940820602610e+00 -2.503977519065200275e-01 1.351032150111459718e+00 3.584263470461052092e-01 9.633660598433534394e-01 -2.914172854645914468e-01 -1.565825887423854743e-02 1.388597776099644188e+00
7.665987497014021823e-01 -1.965386074246103509e-01 1.709507864436624613e+00 -2.551948028018016235e-01 1.335073387367642361e+00 3.561829483267086038e-01 9.616092917526993800e-01 -2.892018890440378187e-01 -2.964855764044597650e-02 1.396059638516320422e+00
7.572318470360130949e-01 -1.952640171038597661e-01 1.703639583634901422e+00 -2.597177640429805257e-01 1.319704323408528612e+00 3.540688065309512411e-01 9.599780472657695185e-01 -2.867923529134025484e-01 -4.264993835562253671e-02 1.403203452209829116e+00
7.482280633801553504e-01 -1.937541728126022100e-01 1.697914091418124771e+00 -2.639762398778276453e-01 1.304888121909500764e+00 3.520665932720302149e-01 9.584782051908778966e-01 -2.841878282061726657e-01 -5.474838359518038877e-02 1.410024522114703860e+00
8.491727432465708825e-01 -1.839305690533622750e-01 1.759970757867529878e+00 -2.062292151151192965e-01 1.499030225601057253e+00 3.791879566351554764e-01 9.946707797930594008e-01 -2.905247157004466341e-01 1.442454843081487637e-01 1.323187654115712819e+00
8.376061185057276370e-01 -1.873301800030878483e-01 1.754336938736756446e+00 -2.130157091640497435e-01 1.478707442325784882e+00 3.753971020323499941e-01 9.908158325939866451e-01 -2.918842465289265276e-01 1.184153829006645425e-01 1.332688698105305880e+00
8.262588642736071742e-01 -1.900093947651322612e-01 1.748443187871146831e+00 -2.194637123175355309e-01 1.458856114636650769e+00 3.718143978577895803e-01 9.873001303319587363e-01 -2.925645699721543536e-01 9.454984093744904505e-02 1.341972556310063736e+00
8.151767346228954159e-01 -1.920280570013970234e-01 1.742389649153579301e+00 -2.255862358169004322e-01 1.439514171850857727e+00 3.684554853785375617e-01 9.840827830423828360e-01 -2.926184474496409393e-01 7.250820328642473833e-02 1.351003001421688055e+00
8.043943000142460553e-01 -1.934535100566681654e-01 1.736240258470703290e+00 -2.313900392761433222e-01 1.420734723762172358e+00 3.652748699983138780e-01 9.811554430778339775e-01 -2.921700842236299445e-01 5.213044937825713626e-02 1.359736090525023089e+00
7.939167925393922909e-01 -1.943631333909470460e-01 1.730044126093746026e+00 -2.368770726843608676e-01 1.402535913180495752e+00 3.622724889613880284e-01 9.784891524233206850e-01 -2.912593731427575161e-01 3.328577487166326648e-02 1.368179173657833925e+00
7.837602555129111748e-01 -1.948014406552066313e-01 1.723858240876108727e+00 -2.420672556758693417e-01 1.384925494109372268e+00 3.594559701664239992e-01 9.760461902380854760e-01 -2.899437843307962615e-01 1.584310132995300074e-02 1.376317060002467452e+00
7.739307618537548672e-01 -1.948458084055214035e-01 1.717717714124579409e+00 -2.469660932198148862e-01 1.367932027086694591e+00 3.568083664126235344e-01 9.738005853167560621e-01 -2.883006424532130185e-01 -3.180273276027440550e-04 1.384144272323563296e+00
7.644246721084588803e-01 -1.945196364444677084e-01 1.711649719921650936e+00 -2.515824543460803420e-01 1.351531283484123991e+00 3.542783694039023934e-01 9.717724341054241322e-01 -2.863858759479690486e-01 -1.530720974965815544e-02 1.391648817596041532e+00
7.552619556401357626e-01 -1.938891718926052110e-01 1.705678834666330301e+00 -2.559576173360381124e-01 1.335725180499625964e+00 3.519150106160774394e-01 9.698897436682621942e-01 -2.842219766465963748e-01 -2.923168694430116829e-02 1.398857290614856419e+00
8.533628035293856495e-01 -1.681512079239035895e-01 1.765866814898897186e+00 -2.004913371234906261e-01 1.544588618491992138e+00 3.855066067150842990e-01 1.014355919124284799e+00 -2.802434579935176862e-01 2.030352509843129372e-01 1.310214891459388076e+00
8.426515201309388026e-01 -1.735818191463098237e-01 1.761091387342565762e+00 -2.068990377163465733e-01 1.523228337407795951e+00 3.811468095194570083e-01 1.009498694312876310e+00 -2.829002499644447388e-01 1.732829278105131876e-01 1.319621474542197470e+00
8.319974279770533387e-01 -1.781866960557832447e-01 1.755864314665666059e+00 -2.130736166497367023e-01 1.502285391613874754e+00 3.770024670046946969e-01 1.005030744873808946e+00 -2.847814861676142284e-01 1.457019294074712035e-01 1.328908991701522213e+00
8.214401325614612004e-01 -1.819915634181062669e-01 1.750297572694768489e+00 -2.189793938740488832e-01 1.481803653575544555e+00 3.730657342191120440e-01 1.000938473787382765e+00 -2.859742616712228624e-01 1.201622771388903554e-01 1.338021104276171602e+00
8.110393784260694350e-01 -1.850839519010702705e-01 1.744475671116440862e+00 -2.246249986171509061e-01 1.461847305548185538e+00 3.693303894587691150e-01 9.971979056381230500e-01 -2.865462882895223329e-01 9.651393321853872498e-02 1.346923971711620371e+00
8.008302923205166124e-01 -1.875247995644226950e-01 1.738488951180318987e+00 -2.300080855146042769e-01 1.442450211963557161e+00 3.657843837974770196e-01 9.937905343454174201e-01 -2.865547620457285505e-01 7.461884669986813823e-02 1.355578357188091054e+00
7.908503678789348124e-01 -1.893841476703180260e-01 1.732398722915696965e+00 -2.351338605616812294e-01 1.423657168156850839e+00 3.624391308567035397e-01 9.906700502051027923e-01 -2.860875632233753629e-01 5.435021893344331445e-02 1.363970705489863766e+00
7.811077836492008597e-01 -1.907335472707888668e-01 1.726251970886199860e+00 -2.399971826147277720e-01 1.405481866270199776e+00 3.592714455950961616e-01 9.878229845248150953e-01 -2.851977356419077569e-01 3.556778200351208563e-02 1.372091413507733115e+00
7.716363791274203354e-01 -1.916182326384340551e-01 1.720107682245715752e+00 -2.446306310902347236e-01 1.387920705021701728e+00 3.562871062729762728e-01 9.852212508840559879e-01 -2.839243113468175039e-01 1.815707756685476515e-02 1.379930076505047731e+00
7.624291438819612576e-01 -1.920807590038381418e-01 1.713996703978158065e+00 -2.490170302593776586e-01 1.370977705472743668e+00 3.534564563021425632e-01 9.828524305115510229e-01 -2.823456232728075443e-01 2.001847691170652570e-03 1.387473654553978974e+00
8.538508085340479337e-01 -1.474380951894396496e-01 1.769148085561793815e+00 -1.968781421272280951e-01 1.595572028647796792e+00 3.969200620634692478e-01 1.033642174486758325e+00 -2.672481134708663553e-01 2.716797435056256815e-01 1.298615955031085401e+00
8.443955768113807769e-01 -1.549925446388289718e-01 1.765817765933299865e+00 -2.026487413363917689e-01 1.573258777848530965e+00 3.921228188906331624e-01 1.027738155057525526e+00 -2.712640133190598046e-01 2.378605134611714300e-01 1.307708068527630996e+00
8.347846350215121225e-01 -1.616172741961298953e-01 1.761787842442727792e+00 -2.082811050653645413e-01 1.551216262194786477e+00 3.874775832064694114e-01 1.022263873253420829e+00 -2.744568952808812967e-01 2.063231217193728650e-01 1.316814528453002620e+00
8.250988270825310167e-01 -1.673903924355864270e-01 1.757189281079671872e+00 -2.137476362341719227e-01 1.529572953113393918e+00 3.829990442866714195e-01 1.017208521604505478e+00 -2.768913675018455089e-01 1.769626606602793528e-01 1.325856905946209308e+00
8.154222347734696452e-01 -1.723433851333757427e-01 1.752142364060678581e+00 -2.190462872629715119e-01 1.508398372714942814e+00 3.786948740399225799e-01 1.012554150129290065e+00 -2.786533952962215732e-01 1.496697772916217306e-01 1.334768186041371152e+00
8.058099850319846436e-01 -1.765129010309537394e-01 1.746744062678851517e+00 -2.241743969932153135e-01 1.487696105125464685e+00 3.745852094761908946e-01 1.008280138580212926e+00 -2.797453121601448101e-01 1.243252938746041841e-01 1.343528873237324728e+00
7.962783950610634598e-01 -1.800233963912671042e-01 1.741076332935730830e+00 -2.290805684475541726e-01 1.467601655544234163e+00 3.706631475971871592e-01 1.004358750327048133e+00 -2.802845729873780223e-01 1.008021870205446785e-01 1.352093905323355827e+00
7.868797734938282051e-01 -1.828834279354226711e-01 1.735241285766146113e+00 -2.337828082055071754e-01 1.448097036571205587e+00 3.669463111778595299e-01 1.000754288568390216e+00 -2.803121508683963925e-01 7.897244288178009719e-02 1.360421763931647599e+00
7.776484567721186902e-01 -1.851633115154747433e-01 1.729285538619873996e+00 -2.382810389546347329e-01 1.429210380737530039e+00 3.634191525825182234e-01 9.974496611769509968e-01 -2.798965901312449600e-01 5.871405124477421800e-02 1.368508578469958881e+00
7.686000384535039975e-01 -1.869276004388621404e-01 1.723269906135842522e+00 -2.425720838925031209e-01 1.410959471912001773e+00 3.600723682776233447e-01 9.944270271128937688e-01 -2.790801054499198464e-01 3.990464662757859521e-02 1.376334654429632876e+00
8.498052857576802177e-01 -1.239604408124633794e-01 1.767342837174837422e+00 -1.956009790995381636e-01 1.652779958639965630e+00 4.147739332005261903e-01 1.050091314701808720e+00 -2.508685982516604129e-01 3.492855453867457216e-01 1.289616644821149904e+00
8.419014930771320238e-01 -1.335588385047860593e-01 1.766078336102107516e+00 -2.004853012697167536e-01 1.629677389174169599e+00 4.097632438306329505e-01 1.043329629128021185e+00 -2.560803150976057041e-01 3.116418533293672799e-01 1.298264084387699580e+00
8.336728143914691191e-01 -1.421968764718407607e-01 1.763871320155695699e+00 -2.053615849767533863e-01 1.606689689437556634e+00 4.048070774341545608e-01 1.036957250221298921e+00 -2.605451639841405154e-01 2.762206036092882955e-01 1.307034976650633507e+00
8.251955980093519383e-01 -1.499320633880841802e-01 1.760850169074780203e+00 -2.101821286268615030e-01 1.583960154820095667e+00 3.999513420190606294e-01 1.030973807428817057e+00 -2.642674582567072772e-01 2.429939607518551425e-01 1.315856032429215672e+00
8.165263844327609322e-01 -1.567767359523863646e-01 1.757136030099137658e+00 -2.149022675995424791e-01 1.561547038710285662e+00 3.952074790205842847e-01 1.025403341267505652e+00 -2.672648072739491898e-01 2.119102903873554267e-01 1.324675071833023132e+00
8.077700589780600904e-01 -1.628243212503776016e-01 1.752866358135295233e+00 -2.195288496799297218e-01 1.539615473279181579e+00 3.906030566997119591e-01 1.020224334082855622e+00 -2.696112906491579531e-01 1.828839579270142568e-01 1.333395586049694659e+00
7.989527485968167531e-01 -1.680688402673906345e-01 1.748135078387634156e+00 -2.240209391740165534e-01 1.518140061169598320e+00 3.861462354913305361e-01 1.015444962622632730e+00 -2.713051226310132513e-01 1.558151163205789280e-01 1.342005327657810110e+00
7.901405678784545472e-01 -1.725932995755717070e-01 1.743041572016849727e+00 -2.283722339314042393e-01 1.497229412982880259e+00 3.818685915382069584e-01 1.011022860749098085e+00 -2.724292354509609271e-01 1.306069983320980454e-01 1.350455289574148843e+00
7.813901151190206784e-01 -1.764364244352612798e-01 1.737677002872143994e+00 -2.325908598262017291e-01 1.476898076581757202e+00 3.777477518745928631e-01 1.006969727009189963e+00 -2.730243760992887569e-01 1.071393649355903005e-01 1.358705145207799392e+00
7.727204122165675093e-01 -1.796732127110905186e-01 1.732107046083694701e+00 -2.366527137610698606e-01 1.457194933765891154e+00 3.738129614913955900e-01 1.003240730294831407e+00 -2.731354569322597126e-01 8.530722354200084845e-02 1.366747401174432941e+00
8.405680418797338849e-01 -9.928879598213671831e-02 1.757121287873216753e+00 -1.962474186274226762e-01 1.716502214690051042e+00 4.445927559042444632e-01 1.056077487641609025e+00 -2.315476104292774617e-01 4.339233358039038535e-01 1.284271061457052943e+00
8.342061935030159470e-01 -1.102948374220375644e-01 1.758720635220152539e+00 -1.998927017162994979e-01 1.692892403911196331e+00 4.401986543997341572e-01 1.048370762888576779e+00 -2.379863083062887241e-01 3.931209716537301113e-01 1.292281504472746700e+00
8.278022263970500338e-01 -1.208492061644697302e-01 1.759112299496028875e+00 -2.040518161332220415e-01 1.669190825178928028e+00 4.346147986253529605e-01 1.042035132721145452e+00 -2.434349980766293275e-01 3.543054931328027957e-01 1.300665145427533753e+00
8.207833069794401304e-01 -1.303754162709598319e-01 1.758459492332711926e+00 -2.080416998772758874e-01 1.645577679305431751e+00 4.294538679240476053e-01 1.035561877759015426e+00 -2.483765120446415897e-01 3.175303847223268638e-01 1.309154734406125620e+00
8.134281992532654826e-01 -1.389904334599439684e-01 1.756878610293308052e+00 -2.120338806284883526e-01 1.622118601398687243e+00 4.244324849017422907e-01 1.029307281266466534e+00 -2.526667959762039506e-01 2.828207761562353539e-01 1.317740350123683957e+00
8.057764620518694798e-01 -1.467344018460093047e-01 1.754498227625659990e+00 -2.159630557378515170e-01 1.598925277494904540e+00 4.194884804331647232e-01 1.023381862723008462e+00 -2.563068887022719178e-01 2.501511834471975559e-01 1.326341987095930097e+00
7.979155692116258747e-01 -1.536439273355231505e-01 1.751447310415935599e+00 -2.198273860662049162e-01 1.576097229130707156e+00 4.146305760097747095e-01 1.017820373174614046e+00 -2.593202270167715429e-01 2.194798242116038911e-01 1.334891719573861879e+00
7.899205994078676296e-01 -1.597753077318234960e-01 1.747810707577941214e+00 -2.236250505740973449e-01 1.553704997044432545e+00 4.098927158285328165e-01 1.012615784760190429e+00 -2.616965859227903812e-01 1.907436073872555704e-01 1.343372074103502234e+00
7.818437863615265160e-01 -1.651914855268846183e-01 1.743695575928394748e+00 -2.273347518271298939e-01 1.531845413249075971e+00 4.052833195673876121e-01 1.007769867011911291e+00 -2.634948889488125112e-01 1.638642517666769050e-01 1.351727329809126577e+00
7.737359615809701330e-01 -1.699139149616776256e-01 1.739195930021333103e+00 -2.309509608478733655e-01 1.510546288671380299e+00 4.007971648985574342e-01 1.003295802175784512e+00 -2.647625191345234774e-01 1.387440772051806992e-01 1.359916799772160401e+00
8.350400151936555604e-01 -1.002339361094010256e-01 1.716467193117891865e+00 -2.054818337854312227e-01 1.798938655900080397e+00 5.186803971705281624e-01 1.014444962125290672e+00 -1.946822289406489881e-01 5.228487853091701165e-01 1.301129298108868682e+00
8.298428588528934391e-01 -1.121740145050885151e-01 1.722363982115409753e+00 -2.078798741676042838e-01 1.775181373048681621e+00 5.148404734606318867e-01 1.007483095915832072e+00 -2.022223451730787991e-01 4.799235060276779707e-01 1.308853884137350265e+00
8.246680981950681444e-01 -1.233544358078494108e-01 1.727120582759890111e+00 -2.109854419685315285e-01 1.750942602621510691e+00 5.098872365240197935e-01 1.001467001528711265e+00 -2.092685815775230940e-01 4.385765320145424417e-01 1.316806151847989881e+00
8.185079442546371320e-01 -1.335561422160818357e-01 1.730568979295679322e+00 -2.137087007436984931e-01 1.726539121242735009e+00 5.056674880218052781e-01 9.946602989197060873e-01 -2.159935405277941256e-01 3.989559416984337914e-01 1.324989370074658224e+00
8.119321385287991966e-01 -1.429210068951045354e-01 1.732929818297759716e+00 -2.165223143535766337e-01 1.701925135342195139e+00 5.010802325226394460e-01 9.882714630182535265e-01 -2.220744802654489036e-01 3.611384223633012369e-01 1.333363681355257846e+00
8.052867896676326742e-01 -1.518437723042851129e-01 1.734257917131136084e+00 -2.196481731185633834e-01 1.677424638927228928e+00 4.952845346255461689e-01 9.832031553073237173e-01 -2.273196391244998171e-01 3.252067469221236462e-01 1.341827123259234256e+00
7.981670767205022443e-01 -1.598151077962245148e-01 1.734631912091472161e+00 -2.226174091446424252e-01 1.653070162180482194e+00 4.899410004701290067e-01 9.778882206170967928e-01 -2.320751304700904294e-01 2.911718796034471479e-01 1.350306727588756583e+00
7.907129139609024859e-01 -1.669542236314143779e-01 1.734181615172281088e+00 -2.254877571880897491e-01 1.628951396322360523e+00 4.846645418733318555e-01 9.727782465803958001e-01 -2.362259520333934992e-01 2.590290892882415319e-01 1.358752010206471184e+00
7.830412462048154110e-01 -1.733418548436027051e-01 1.733016225502141960e+00 -2.282846651415952333e-01 1.605241370346201624e+00 4.794462732365501467e-01 9.679134510458647922e-01 -2.398187547659997865e-01 2.287515770620720534e-01 1.367081202751194713e+00
7.751920771875618899e-01 -1.789892570021394125e-01 1.731217829471746406e+00 -2.309993809035978118e-01 1.581921942566027139e+00 4.742488434792140328e-01 9.633910383232405783e-01 -2.427859248743216569e-01 2.002811092064976373e-01 1.375306605042608155e+00
7.614062438437821934e-01 -2.606746411909032779e-01 1.713366548556246149e+00 -2.037191848163113772e-01 1.396297695918112369e+00 4.067614534497204781e-01 9.183245922947390616e-01 -2.791535246833833361e-01 -5.732782300295636083e-03 1.413920761359281464e+00
7.489804086126217175e-01 -2.591419345266730567e-01 1.707334302211809041e+00 -2.089754005095240674e-01 1.379694759213649258e+00 4.042043674205280657e-01 9.176336600648538067e-01 -2.771505623901829862e-01 -2.048191975182435051e-02 1.422366631005040238e+00
7.370859349916761838e-01 -2.573607236124911268e-01 1.701389896254888789e+00 -2.138258757583444969e-01 1.363626869095502014e+00 4.017600065490446459e-01 9.170310869263887943e-01 -2.748579192887410372e-01 -3.416296251382801991e-02 1.430429272622242287e+00
7.256904986439266514e-01 -2.553845412292349293e-01 1.695559640293977210e+00 -2.182985501111641136e-01 1.348111949813265875e+00 3.994268371335432666e-01 9.164912270192980825e-01 -2.723460596998448224e-01 -4.688376066453266156e-02 1.438111601518414329e+00
7.147838001582715872e-01 -2.532500736369536209e-01 1.689848178830402725e+00 -2.224343482599922539e-01 1.333144536622333343e+00 3.972079870813278180e-01 9.160044112399953198e-01 -2.696436071802220114e-01 -5.872092720155552142e-02 1.445445986585872644e+00
7.043735846466485651e-01 -2.509763127839833019e-01 1.684268428231735948e+00 -2.262876789213582318e-01 1.318709570943979559e+00 3.950778973482085288e-01 9.155757368107024785e-01 -2.668007980545503144e-01 -6.974684834121469557e-02 1.452433310119496612e+00
6.943808074829292964e-01 -2.485820935106305418e-01 1.678837765353072609e+00 -2.298330068474906673e-01 1.304791297812177175e+00 3.930572120752459098e-01 9.151784662957640482e-01 -2.638341504273455929e-01 -8.004464733140533028e-02 1.459092118532846705e+00
6.848287286700988075e-01 -2.461030121205075860e-01 1.673546438025476313e+00 -2.331326970446032654e-01 1.291388409827832540e+00 3.911146366606056968e-01 9.148294415766000665e-01 -2.607898543963624305e-01 -8.966627841392532661e-02 1.465437798696428429e+00
6.756929190617259051e-01 -2.435575774749018374e-01 1.668403998504053742e+00 -2.362180126695102578e-01 1.278480288199274950e+00 3.892509525179289054e-01 9.145197202437779227e-01 -2.576751863534587073e-01 -9.868224909285260027e-02 1.471480317334445287e+00
6.669406362844411129e-01 -2.409522147717363116e-01 1.663417740284689916e+00 -2.390865572318774945e-01 1.266046765185284029e+00 3.874704605775002864e-01 9.142342634214786212e-01 -2.545184110737079286e-01 -1.071282717373348847e-01 1.477237996446181700e+00
7.732862261693892458e-01 -2.578114512645062750e-01 1.721771186876065451e+00 -1.932946633404515058e-01 1.424869271716485253e+00 4.064077486761731861e-01 9.271137892854175444e-01 -2.801918053437123524e-01 2.171481834789192045e-02 1.398886316684492259e+00
7.605814994632092985e-01 -2.571689158217253524e-01 1.715667085548847615e+00 -1.989560887372531783e-01 1.407515920570866053e+00 4.035385696035047598e-01 9.261046796481057219e-01 -2.787729230166173799e-01 5.011339570445961372e-03 1.407763062535897003e+00
7.483564168045059306e-01 -2.561806150484228772e-01 1.709616441245083385e+00 -2.041717252842396302e-01 1.390702020982970355e+00 4.008234867621431330e-01 9.252003714617474950e-01 -2.770025121055993411e-01 -1.045323593775325868e-02 1.416254850069449844e+00
7.366045478470090169e-01 -2.549163791343628804e-01 1.703630594496652551e+00 -2.089943363822109046e-01 1.374433639605890711e+00 3.982414803185870822e-01 9.244064318290328153e-01 -2.748984699156180045e-01 -2.479828609610729845e-02 1.424384424145607841e+00
7.253452504570990778e-01 -2.534219663098982722e-01 1.697736781605118761e+00 -2.134749840144351263e-01 1.358730747144426543e+00 3.957815919537510108e-01 9.237014473648711421e-01 -2.725518054202296647e-01 -3.811274126758617403e-02 1.432153416581381400e+00
7.145326962527823733e-01 -2.517231075505273474e-01 1.691949889720461453e+00 -2.176239326043459543e-01 1.343569281681885608e+00 3.934496046967109195e-01 9.230688022207881316e-01 -2.699855228969750831e-01 -5.050233128687039996e-02 1.439580137373813518e+00
7.041611524269885125e-01 -2.498575445501625414e-01 1.686284006449785933e+00 -2.214666082115763768e-01 1.328956856372042417e+00 3.912334962013936379e-01 9.224953337663575059e-01 -2.672657293960540859e-01 -6.203576977373743279e-02 1.446675509814127070e+00
6.942288835208059172e-01 -2.478339882401775496e-01 1.680756627119205149e+00 -2.250482936100304532e-01 1.314867396132783472e+00 3.891077829138875344e-01 9.219978714175649515e-01 -2.644053056528517520e-01 -7.279454896873827074e-02 1.453430608297795468e+00
6.847073957316602844e-01 -2.456952636464969919e-01 1.675361628385442891e+00 -2.283837844117546645e-01 1.301293724619819958e+00 3.870810868214069611e-01 9.215484259934768607e-01 -2.614513318472320158e-01 -8.283984071450305187e-02 1.459886130037697072e+00
6.755736101702520813e-01 -2.434540850399140033e-01 1.670106517875476371e+00 -2.314854956377502271e-01 1.288215955480133124e+00 3.851344945718989110e-01 9.211552171551846691e-01 -2.584256978863527787e-01 -9.224331210205079234e-02 1.466041568410791474e+00
7.848337772902106435e-01 -2.524563618003157206e-01 1.730315980238316786e+00 -1.826263831685525085e-01 1.457237194553006487e+00 4.069636071658151999e-01 9.380302154378533652e-01 -2.792900347196418109e-01 5.546576503339229608e-02 1.383060049818004345e+00
7.720082596219836057e-01 -2.529726214677767149e-01 1.724279490417160332e+00 -1.886077396467552292e-01 1.439080557394571303e+00 4.037180180059400936e-01 9.365360520206776895e-01 -2.786721230720283771e-01 3.634294782488600717e-02 1.392308565715829394e+00
7.596077397357292593e-01 -2.530452379198114832e-01 1.718215842789738712e+00 -1.941588950081279685e-01 1.421442437193358277e+00 4.006492192757415416e-01 9.352061977717659458e-01 -2.775821834477620320e-01 1.865551883573730516e-02 1.401205231835601861e+00
7.476316017527748770e-01 -2.527204767890995352e-01 1.712160698894935607e+00 -1.993038391036048296e-01 1.404337698408061774e+00 3.977294933372552688e-01 9.340399850251108749e-01 -2.760820721527399990e-01 2.278693907030060473e-03 1.409743819629873496e+00
7.360957957000666685e-01 -2.520689991840924238e-01 1.706146353021784856e+00 -2.040851114824467072e-01 1.387799277332122827e+00 3.949622101076843417e-01 9.329995571910481011e-01 -2.742515321651165516e-01 -1.289448154696889656e-02 1.417935706799769102e+00
7.249939062998552730e-01 -2.511352884852804945e-01 1.700200216995230829e+00 -2.085346109059037778e-01 1.371819967294066300e+00 3.923410973155005976e-01 9.320756444082198833e-01 -2.721242723084604798e-01 -2.698038278924429906e-02 1.425786313008669204e+00
7.143160373962827991e-01 -2.499538066211524079e-01 1.694351232743505520e+00 -2.126746145846350466e-01 1.356406656401556665e+00 3.898466736306910319e-01 9.312562813805893569e-01 -2.697679242067120842e-01 -4.007625648276653268e-02 1.433286466648130197e+00
7.040439031863106045e-01 -2.485487802594767426e-01 1.688600191531804295e+00 -2.165165980775376475e-01 1.341527182238552829e+00 3.874718493413364939e-01 9.305298080314944320e-01 -2.672231155140651349e-01 -5.225501634470999107e-02 1.440471524328855724e+00
6.941735101105813710e-01 -2.469669724695485180e-01 1.682962530593005157e+00 -2.200992947744742079e-01 1.327193139107525122e+00 3.852087568385987315e-01 9.298929244325359056e-01 -2.645212738614349801e-01 -6.360526844362002219e-02 1.447342433684904783e+00
6.846830284605174288e-01 -2.452311944085238671e-01 1.677459432855326948e+00 -2.234338142330846988e-01 1.313385777307232383e+00 3.830587358591050484e-01 9.293145734616434783e-01 -2.617015000506740519e-01 -7.420444210684673525e-02 1.453904041396011371e+00
7.953832327592988971e-01 -2.438906988624424677e-01 1.738587555939458795e+00 -1.722400858039563332e-01 1.493643135364057128e+00 4.093491568639177625e-01 9.508650213296483411e-01 -2.759485547393589755e-01 9.670348993788938086e-02 1.367005406290791925e+00
7.826918616408106155e-01 -2.458499221695817916e-01 1.732833859026230439e+00 -1.784390145480824474e-01 1.474630599938876685e+00 4.056303029221910439e-01 9.487400120016780125e-01 -2.763466424268748445e-01 7.464140035477190294e-02 1.376515479490890925e+00
7.703083685038054629e-01 -2.472455512568064728e-01 1.726932922740425314e+00 -1.842112745925363892e-01 1.456095686830563896e+00 4.020856750021720161e-01 9.468719073629143779e-01 -2.761376529134261792e-01 5.424157490495398748e-02 1.385724124071122665e+00
7.583025927147999390e-01 -2.481357549230962245e-01 1.720951291237441394e+00 -1.896132475495522496e-01 1.438091768709637508e+00 3.987365137754597111e-01 9.451991235949677161e-01 -2.754394407498570452e-01 3.538097588106793590e-02 1.394614326127470827e+00
7.466616646609868235e-01 -2.485893036850364834e-01 1.714934683805820370e+00 -1.946542376050333922e-01 1.420633908403336587e+00 3.955653966614267603e-01 9.437137671835628128e-01 -2.742859289356459618e-01 1.791299974066569434e-02 1.403182320609678735e+00
7.353952924704976191e-01 -2.486613930506303138e-01 1.708920564787365093e+00 -1.993509719686374082e-01 1.403750090209697321e+00 3.925452531619039176e-01 9.424035617228301298e-01 -2.727644370419651798e-01 1.724718378517348192e-03 1.411415676147812714e+00
7.245106293838986522e-01 -2.483864418922383521e-01 1.702936548372267822e+00 -2.037308321482525497e-01 1.387424589703956546e+00 3.896888569134295821e-01 9.412354404935189267e-01 -2.709339816621294528e-01 -1.329436510417901854e-02 1.419336655269740843e+00
7.139897304295185210e-01 -2.478250188893033612e-01 1.697025450788319345e+00 -2.078072519767411863e-01 1.371678113645923958e+00 3.869935301303835673e-01 9.401900428190592685e-01 -2.688188668529274405e-01 -2.724209804100601734e-02 1.426934027218019541e+00
7.038361686972068876e-01 -2.469959401968303547e-01 1.691203129362448987e+00 -2.116043646491800323e-01 1.356489392539008687e+00 3.844303789233065038e-01 9.392601647012368549e-01 -2.664950168730848556e-01 -4.022088901676768025e-02 1.434207929371824175e+00
6.940418977117872590e-01 -2.459310856965558345e-01 1.685477866439889505e+00 -2.151438786599564335e-01 1.341838210616173255e+00 3.819918979671623749e-01 9.384397546554694713e-01 -2.639867696420915566e-01 -5.231080537267254055e-02 1.441177664772371525e+00
8.042107663047323163e-01 -2.317136162500403329e-01 1.745790055377298922e+00 -1.628185382478144205e-01 1.534337027261269304e+00 4.137737885768960622e-01 9.659673684238129221e-01 -2.695034093556851751e-01 1.464650113326490255e-01 1.351281551602452780e+00
7.919602406585201093e-01 -2.353979060588078098e-01 1.740616201848983469e+00 -1.690533136144231063e-01 1.514483003971249797e+00 4.095360219356781184e-01 9.630603145946882160e-01 -2.711224312657941615e-01 1.209887818617899347e-01 1.360911599253069815e+00
7.798973703086310438e-01 -2.383867666303475796e-01 1.735155764847429172e+00 -1.749194697559804945e-01 1.495042432661316090e+00 4.054908798547751658e-01 9.604662672886675745e-01 -2.720294257471302379e-01 9.740337453901004583e-02 1.370304991500015834e+00
7.680735855611297014e-01 -2.407545449665818293e-01 1.729471540019106746e+00 -1.804302468384968439e-01 1.476075024688937143e+00 4.016435137264918742e-01 9.581492792008688975e-01 -2.723076330983436044e-01 7.557276803010734567e-02 1.379451417743768671e+00
7.565362179456830427e-01 -2.425642108285740173e-01 1.723649128910051509e+00 -1.856145816490295808e-01 1.457642927771581665e+00 3.979986201387871736e-01 9.560669778895064530e-01 -2.720592735634228543e-01 5.535508427999492193e-02 1.388305932999457371e+00
7.452816089831832969e-01 -2.438754308599874743e-01 1.717734847438404877e+00 -1.904615990989256546e-01 1.439761657997610467e+00 3.945426477108110452e-01 9.542061050338227490e-01 -2.713314442363178314e-01 3.662705000979819131e-02 1.396872035584695304e+00
7.343396947532095931e-01 -2.447509048138835908e-01 1.711770314742757648e+00 -1.950073958654820194e-01 1.422448680529440734e+00 3.912477480816469733e-01 9.525636691895007502e-01 -2.701841360737115560e-01 1.926138270925734086e-02 1.405140276227957230e+00
7.237150919465213939e-01 -2.452096287495139637e-01 1.705816413148633526e+00 -1.992561965285399306e-01 1.405705388782152676e+00 3.881362632349238395e-01 9.510876285293048404e-01 -2.686946489821164796e-01 3.149479883406755901e-03 1.413094059647082679e+00
7.134130458962822940e-01 -2.453378946905361568e-01 1.699884726182737005e+00 -2.032331258022714027e-01 1.389548395974224304e+00 3.851802523710755599e-01 9.497769071309933864e-01 -2.669029480895985240e-01 -1.181981496623921504e-02 1.420751951924899004e+00
7.034447478838853351e-01 -2.451512152420936286e-01 1.694012827835291057e+00 -2.069620137884629618e-01 1.373959721123305222e+00 3.823735312920334972e-01 9.486157505911775312e-01 -2.648522714794045996e-01 -2.573909073244614112e-02 1.428104225566324548e+00
8.110833950397646763e-01 -2.156984313288143884e-01 1.750876440424149472e+00 -1.555732349217450183e-01 1.579324692909032546e+00 4.202660619519474894e-01 9.834871715461689368e-01 -2.594793364739609864e-01 2.054395096492492856e-01 1.336530591056632966e+00
7.996168580630643730e-01 -2.213146983751871355e-01 1.746698093173234323e+00 -1.616169072634995318e-01 1.558704414534163307e+00 4.155244748917299447e-01 9.797067514224023776e-01 -2.624481610863361181e-01 1.761949090308666810e-01 1.346072696096697996e+00
7.881809134225704616e-01 -2.261171861714871556e-01 1.742030843758712866e+00 -1.673672612867543597e-01 1.538386360677090892e+00 4.109717028151368967e-01 9.762797563994403127e-01 -2.646265211537039419e-01 1.490261068459738658e-01 1.355489527341110279e+00
7.768450695157683716e-01 -2.301973958830304257e-01 1.736968204207790745e+00 -1.728277860344373529e-01 1.518477545143379182e+00 4.065869194121134456e-01 9.732081233384859420e-01 -2.660766033522520280e-01 1.238105625405844096e-01 1.364731802343226885e+00
7.656408872778291963e-01 -2.336130478641024466e-01 1.731611982040032860e+00 -1.779821457401054019e-01 1.499049830211711010e+00 4.024127525945561112e-01 9.704249329936450730e-01 -2.668904783123777213e-01 1.004109162603466499e-01 1.373757010325029171e+00
7.546432927679244118e-01 -2.364167951469600126e-01 1.726027303738619345e+00 -1.828658366652735900e-01 1.480136595531274857e+00 3.984369879443844242e-01 9.679152213629199641e-01 -2.671408504150925567e-01 7.870556059122403580e-02 1.382547670165656051e+00
7.438686743922287015e-01 -2.386471416250268152e-01 1.720290362351650781e+00 -1.874788462785055010e-01 1.461760997866649259e+00 3.946522082362180495e-01 9.656623742462148163e-01 -2.668949653970253411e-01 5.856861421183467975e-02 1.391074374155829796e+00
