4.337950181961059570e+01
4.501458287239074707e+01
4.454604363441467285e+01
4.384788751602172852e+01
4.532968139648437500e+01
4.459354281425476074e+01
4.438017296791076660e+01
4.413742494583129883e+01
4.430190134048461914e+01
4.395285010337829590e+01
4.312592887878417969e+01
4.626452326774597168e+01
4.433963227272033691e+01
4.383985328674316406e+01
4.407570576667785645e+01
4.526094675064086914e+01
4.475173306465148926e+01
4.362818264961242676e+01
4.408244395256042480e+01
4.491421222686767578e+01
4.355794382095336914e+01
4.537577342987060547e+01
4.400795197486877441e+01
4.474437522888183594e+01
4.384843111038208008e+01
4.451698327064514160e+01
4.537144589424133301e+01
4.460913133621215820e+01
4.510627579689025879e+01
4.293348050117492676e+01
4.431683444976806641e+01
4.514586782455444336e+01
4.499083161354064941e+01
4.361068654060363770e+01
4.286845636367797852e+01
4.417353439331054688e+01
4.366502308845520020e+01
4.464236712455749512e+01
4.541743946075439453e+01
4.650918436050415039e+01
4.325535511970520020e+01
4.442994332313537598e+01
4.402183866500854492e+01
4.423114371299743652e+01
4.402755641937255859e+01
4.531170034408569336e+01
4.405384039878845215e+01
4.414076638221740723e+01
4.411703658103942871e+01
4.431473088264465332e+01
4.514117741584777832e+01
4.254872226715087891e+01
4.391414642333984375e+01
4.446696138381958008e+01
4.501493000984191895e+01
4.350528335571289062e+01
4.334079241752624512e+01
4.440192747116088867e+01
4.450194883346557617e+01
4.459998464584350586e+01
4.431484079360961914e+01
4.470916509628295898e+01
4.398152732849121094e+01
4.417406535148620605e+01
4.429039144515991211e+01
4.381672072410583496e+01
4.362830209732055664e+01
4.505263757705688477e+01
4.451764059066772461e+01
4.450564432144165039e+01
4.434939599037170410e+01
4.442264151573181152e+01
4.396103262901306152e+01
4.476713895797729492e+01
4.328485059738159180e+01
4.439510846138000488e+01
4.446753668785095215e+01
4.486393833160400391e+01
4.480858087539672852e+01
4.376641201972961426e+01
4.414338350296020508e+01
4.355325961112976074e+01
4.412324762344360352e+01
4.507220792770385742e+01
4.423439717292785645e+01
4.493937492370605469e+01
4.417020726203918457e+01
4.400353884696960449e+01
4.440906047821044922e+01
4.347654652595520020e+01
4.413507318496704102e+01
4.410231184959411621e+01
4.397319006919860840e+01
4.268190312385559082e+01
4.433463001251220703e+01
4.498900270462036133e+01
4.363789582252502441e+01
4.403752398490905762e+01
4.394454312324523926e+01
4.449683952331542969e+01
4.408804869651794434e+01
4.294097995758056641e+01
4.446462368965148926e+01
4.492928791046142578e+01
4.508442974090576172e+01
4.480372142791748047e+01
4.291892361640930176e+01
4.386388897895812988e+01
4.358081007003784180e+01
4.383796477317810059e+01
4.457574796676635742e+01
4.541590023040771484e+01
4.436596059799194336e+01
4.420678448677062988e+01
4.456553792953491211e+01
4.533894848823547363e+01
4.547997736930847168e+01
4.413445210456848145e+01
4.261895084381103516e+01
4.302610540390014648e+01
4.292659950256347656e+01
4.399466967582702637e+01
4.506650781631469727e+01
4.331716847419738770e+01
4.422244048118591309e+01
4.466232395172119141e+01
4.435114526748657227e+01
4.351228976249694824e+01
4.481887269020080566e+01
4.455176496505737305e+01
4.322412729263305664e+01
4.526036691665649414e+01
4.398304128646850586e+01
4.506550621986389160e+01
4.415208697319030762e+01
4.335789775848388672e+01
4.447787332534790039e+01
4.305013275146484375e+01
4.253845906257629395e+01
4.438578510284423828e+01
4.358715915679931641e+01
4.440142250061035156e+01
4.438544368743896484e+01
4.471367812156677246e+01
4.454391574859619141e+01
4.385024642944335938e+01
4.422262334823608398e+01
4.472931361198425293e+01
4.453590965270996094e+01
4.408584880828857422e+01
4.259110617637634277e+01
4.427273654937744141e+01
4.434443044662475586e+01
4.460717654228210449e+01
4.398617768287658691e+01
4.471228837966918945e+01
4.471950650215148926e+01
